/*--------------------------------*- C++ -*----------------------------------*\
  =========                 |
  \\      /  F ield         | OpenFOAM: The Open Source CFD Toolbox
   \\    /   O peration     | Website:  https://openfoam.org
    \\  /    A nd           | Version:  7
     \\/     M anipulation  |
\*---------------------------------------------------------------------------*/
FoamFile
{
    version     2.0;
    format      ascii;
    class       labelList;
    location    "constant/polyMesh";
    object      cellProcAddressing;
}
// * * * * * * * * * * * * * * * * * * * * * * * * * * * * * * * * * * * * * //


1270
(
23
35
47
59
71
83
95
107
119
131
143
167
179
191
203
215
227
239
251
263
275
287
311
323
335
347
359
371
383
395
407
419
431
455
467
479
491
503
515
527
539
551
563
575
599
611
623
635
647
659
671
683
695
707
719
743
755
767
779
791
803
815
827
839
851
863
887
899
911
923
935
947
959
971
983
995
1007
1031
1043
1055
1067
1079
1091
1103
1115
1127
1139
1151
1175
1187
1199
1211
1223
1235
1247
1259
1271
1283
1295
1319
1331
1343
1355
1367
1379
1391
1403
1415
1427
1439
1463
1475
1487
1499
1511
1523
1535
1547
1559
1571
11108
11109
11110
11111
11112
11113
11114
11115
11116
11117
11128
11129
11130
11131
11132
11133
11134
11135
11136
11137
11148
11149
11150
11151
11152
11153
11154
11155
11156
11157
11168
11169
11170
11171
11172
11173
11174
11175
11176
11177
11188
11189
11190
11191
11192
11193
11194
11195
11196
11197
11208
11209
11210
11211
11212
11213
11214
11215
11216
11217
11228
11229
11230
11231
11232
11233
11234
11235
11236
11237
11248
11249
11250
11251
11252
11253
11254
11255
11256
11257
11268
11269
11270
11271
11272
11273
11274
11275
11276
11277
11288
11289
11290
11291
11292
11293
11294
11295
11296
11297
11308
11309
11310
11311
11312
11313
11314
11315
11316
11317
11348
11349
11350
11351
11352
11353
11354
11355
11356
11357
11368
11369
11370
11371
11372
11373
11374
11375
11376
11377
11388
11389
11390
11391
11392
11393
11394
11395
11396
11397
11408
11409
11410
11411
11412
11413
11414
11415
11416
11417
11428
11429
11430
11431
11432
11433
11434
11435
11436
11437
11448
11449
11450
11451
11452
11453
11454
11455
11456
11457
11468
11469
11470
11471
11472
11473
11474
11475
11476
11477
11488
11489
11490
11491
11492
11493
11494
11495
11496
11497
11508
11509
11510
11511
11512
11513
11514
11515
11516
11517
11528
11529
11530
11531
11532
11533
11534
11535
11536
11537
11548
11549
11550
11551
11552
11553
11554
11555
11556
11557
11588
11589
11590
11591
11592
11593
11594
11595
11596
11597
11608
11609
11610
11611
11612
11613
11614
11615
11616
11617
11628
11629
11630
11631
11632
11633
11634
11635
11636
11637
11648
11649
11650
11651
11652
11653
11654
11655
11656
11657
11668
11669
11670
11671
11672
11673
11674
11675
11676
11677
11688
11689
11690
11691
11692
11693
11694
11695
11696
11697
11708
11709
11710
11711
11712
11713
11714
11715
11716
11717
11728
11729
11730
11731
11732
11733
11734
11735
11736
11737
11748
11749
11750
11751
11752
11753
11754
11755
11756
11757
11768
11769
11770
11771
11772
11773
11774
11775
11776
11777
11788
11789
11790
11791
11792
11793
11794
11795
11796
11797
11828
11829
11830
11831
11832
11833
11834
11835
11836
11837
11848
11849
11850
11851
11852
11853
11854
11855
11856
11857
11868
11869
11870
11871
11872
11873
11874
11875
11876
11877
11888
11889
11890
11891
11892
11893
11894
11895
11896
11897
11908
11909
11910
11911
11912
11913
11914
11915
11916
11917
11928
11929
11930
11931
11932
11933
11934
11935
11936
11937
11948
11949
11950
11951
11952
11953
11954
11955
11956
11957
11968
11969
11970
11971
11972
11973
11974
11975
11976
11977
11988
11989
11990
11991
11992
11993
11994
11995
11996
11997
12008
12009
12010
12011
12012
12013
12014
12015
12016
12017
12028
12029
12030
12031
12032
12033
12034
12035
12036
12037
12068
12069
12070
12071
12072
12073
12074
12075
12076
12077
12088
12089
12090
12091
12092
12093
12094
12095
12096
12097
12108
12109
12110
12111
12112
12113
12114
12115
12116
12117
12128
12129
12130
12131
12132
12133
12134
12135
12136
12137
12148
12149
12150
12151
12152
12153
12154
12155
12156
12157
12168
12169
12170
12171
12172
12173
12174
12175
12176
12177
12188
12189
12190
12191
12192
12193
12194
12195
12196
12197
12208
12209
12210
12211
12212
12213
12214
12215
12216
12217
12228
12229
12230
12231
12232
12233
12234
12235
12236
12237
12248
12249
12250
12251
12252
12253
12254
12255
12256
12257
12268
12269
12270
12271
12272
12273
12274
12275
12276
12277
12308
12309
12310
12311
12312
12313
12314
12315
12316
12317
12328
12329
12330
12331
12332
12333
12334
12335
12336
12337
12348
12349
12350
12351
12352
12353
12354
12355
12356
12357
12368
12369
12370
12371
12372
12373
12374
12375
12376
12377
12388
12389
12390
12391
12392
12393
12394
12395
12396
12397
12408
12409
12410
12411
12412
12413
12414
12415
12416
12417
12428
12429
12430
12431
12432
12433
12434
12435
12436
12437
12448
12449
12450
12451
12452
12453
12454
12455
12456
12457
12468
12469
12470
12471
12472
12473
12474
12475
12476
12477
12488
12489
12490
12491
12492
12493
12494
12495
12496
12497
12508
12509
12510
12511
12512
12513
12514
12515
12516
12517
12548
12549
12550
12551
12552
12553
12554
12555
12556
12557
12568
12569
12570
12571
12572
12573
12574
12575
12576
12577
12588
12589
12590
12591
12592
12593
12594
12595
12596
12597
12608
12609
12610
12611
12612
12613
12614
12615
12616
12617
12628
12629
12630
12631
12632
12633
12634
12635
12636
12637
12648
12649
12650
12651
12652
12653
12654
12655
12656
12657
12668
12669
12670
12671
12672
12673
12674
12675
12676
12677
12688
12689
12690
12691
12692
12693
12694
12695
12696
12697
12708
12709
12710
12711
12712
12713
12714
12715
12716
12717
12728
12729
12730
12731
12732
12733
12734
12735
12736
12737
12748
12749
12750
12751
12752
12753
12754
12755
12756
12757
12788
12789
12790
12791
12792
12793
12794
12795
12796
12797
12808
12809
12810
12811
12812
12813
12814
12815
12816
12817
12828
12829
12830
12831
12832
12833
12834
12835
12836
12837
12848
12849
12850
12851
12852
12853
12854
12855
12856
12857
12868
12869
12870
12871
12872
12873
12874
12875
12876
12877
12888
12889
12890
12891
12892
12893
12894
12895
12896
12897
12908
12909
12910
12911
12912
12913
12914
12915
12916
12917
12928
12929
12930
12931
12932
12933
12934
12935
12936
12937
12948
12949
12950
12951
12952
12953
12954
12955
12956
12957
12968
12969
12970
12971
12972
12973
12974
12975
12976
12977
12988
12989
12990
12991
12992
12993
12994
12995
12996
12997
13028
13029
13030
13031
13032
13033
13034
13035
13036
13037
13048
13049
13050
13051
13052
13053
13054
13055
13056
13057
13068
13069
13070
13071
13072
13073
13074
13075
13076
13077
13088
13089
13090
13091
13092
13093
13094
13095
13096
13097
13108
13109
13110
13111
13112
13113
13114
13115
13116
13117
13128
13129
13130
13131
13132
13133
13134
13135
13136
13137
13148
13149
13150
13151
13152
13153
13154
13155
13156
13157
13168
13169
13170
13171
13172
13173
13174
13175
13176
13177
13188
13189
13190
13191
13192
13193
13194
13195
13196
13197
13208
13209
13210
13211
13212
13213
13214
13215
13216
13217
13228
13229
13230
13231
13232
13233
13234
13235
13236
13237
13268
13269
13270
13271
13272
13273
13274
13275
13276
13277
13288
13289
13290
13291
13292
13293
13294
13295
13296
13297
13308
13309
13310
13311
13312
13313
13314
13315
13316
13317
13328
13329
13330
13331
13332
13333
13334
13335
13336
13337
13348
13349
13350
13351
13352
13353
13354
13355
13356
13357
13368
13369
13370
13371
13372
13373
13374
13375
13376
13377
13388
13389
13390
13391
13392
13393
13394
13395
13396
13397
13408
13409
13410
13411
13412
13413
13414
13415
13416
13417
13428
13429
13430
13431
13432
13433
13434
13435
13436
13437
13448
13449
13450
13451
13452
13453
13454
13455
13456
13457
13468
13469
13470
13471
13472
13473
13474
13475
13476
13477
13508
13509
13510
13511
13512
13513
13514
13515
13516
13517
13528
13529
13530
13531
13532
13533
13534
13535
13536
13548
13549
13550
13551
13552
13553
13554
13555
13568
13569
13570
13571
13572
13573
13574
13588
13589
13590
13591
13592
13593
13608
13609
13610
13611
13628
13629
13630
13648
13649
13668
)


// ************************************************************************* //
