/*--------------------------------*- C++ -*----------------------------------*\
  =========                 |
  \\      /  F ield         | OpenFOAM: The Open Source CFD Toolbox
   \\    /   O peration     | Website:  https://openfoam.org
    \\  /    A nd           | Version:  7
     \\/     M anipulation  |
\*---------------------------------------------------------------------------*/
FoamFile
{
    version     2.0;
    format      ascii;
    class       labelList;
    location    "constant/polyMesh";
    object      faceProcAddressing;
}
// * * * * * * * * * * * * * * * * * * * * * * * * * * * * * * * * * * * * * //


4172
(
82
83
84
118
119
120
154
155
156
190
191
192
226
227
228
262
263
264
298
299
300
334
335
336
370
371
372
406
407
408
431
432
514
515
516
550
551
552
586
587
588
622
623
624
658
659
660
694
695
696
730
731
732
766
767
768
802
803
804
838
839
840
863
864
946
947
948
982
983
984
1018
1019
1020
1054
1055
1056
1090
1091
1092
1126
1127
1128
1162
1163
1164
1198
1199
1200
1234
1235
1236
1270
1271
1272
1295
1296
1378
1379
1380
1414
1415
1416
1450
1451
1452
1486
1487
1488
1522
1523
1524
1558
1559
1560
1594
1595
1596
1630
1631
1632
1666
1667
1668
1702
1703
1704
1727
1728
1810
1811
1812
1846
1847
1848
1882
1883
1884
1918
1919
1920
1954
1955
1956
1990
1991
1992
2026
2027
2028
2062
2063
2064
2098
2099
2100
2134
2135
2136
2159
2160
2242
2243
2244
2278
2279
2280
2314
2315
2316
2350
2351
2352
2386
2387
2388
2422
2423
2424
2458
2459
2460
2494
2495
2496
2530
2531
2532
2566
2567
2568
2591
2592
2674
2675
2676
2710
2711
2712
2746
2747
2748
2782
2783
2784
2818
2819
2820
2854
2855
2856
2890
2891
2892
2926
2927
2928
2962
2963
2964
2998
2999
3000
3023
3024
3106
3107
3108
3142
3143
3144
3178
3179
3180
3214
3215
3216
3250
3251
3252
3286
3287
3288
3322
3323
3324
3358
3359
3360
3394
3395
3396
3430
3431
3432
3455
3456
3538
3539
3540
3574
3575
3576
3610
3611
3612
3646
3647
3648
3682
3683
3684
3718
3719
3720
3754
3755
3756
3790
3791
3792
3826
3827
3828
3862
3863
3864
3887
3888
3970
3971
3972
4006
4007
4008
4042
4043
4044
4078
4079
4080
4114
4115
4116
4150
4151
4152
4186
4187
4188
4222
4223
4224
4258
4259
4260
4294
4295
4296
4320
4402
4404
4438
4440
4474
4476
4510
4512
4546
4548
4582
4584
4618
4620
4654
4656
4690
4692
32565
32566
32567
32568
32569
32570
32571
32572
32573
32574
32575
32576
32577
32578
32579
32580
32581
32582
32583
32584
32585
32586
32587
32588
32589
32590
32591
32593
32594
32625
32626
32627
32628
32629
32630
32631
32632
32633
32634
32635
32636
32637
32638
32639
32640
32641
32642
32643
32644
32645
32646
32647
32648
32649
32650
32651
32653
32654
32685
32686
32687
32688
32689
32690
32691
32692
32693
32694
32695
32696
32697
32698
32699
32700
32701
32702
32703
32704
32705
32706
32707
32708
32709
32710
32711
32713
32714
32745
32746
32747
32748
32749
32750
32751
32752
32753
32754
32755
32756
32757
32758
32759
32760
32761
32762
32763
32764
32765
32766
32767
32768
32769
32770
32771
32773
32774
32805
32806
32807
32808
32809
32810
32811
32812
32813
32814
32815
32816
32817
32818
32819
32820
32821
32822
32823
32824
32825
32826
32827
32828
32829
32830
32831
32833
32834
32865
32866
32867
32868
32869
32870
32871
32872
32873
32874
32875
32876
32877
32878
32879
32880
32881
32882
32883
32884
32885
32886
32887
32888
32889
32890
32891
32893
32894
32925
32926
32927
32928
32929
32930
32931
32932
32933
32934
32935
32936
32937
32938
32939
32940
32941
32942
32943
32944
32945
32946
32947
32948
32949
32950
32951
32953
32954
32985
32986
32987
32988
32989
32990
32991
32992
32993
32994
32995
32996
32997
32998
32999
33000
33001
33002
33003
33004
33005
33006
33007
33008
33009
33010
33011
33013
33014
33045
33046
33047
33048
33049
33050
33051
33052
33053
33054
33055
33056
33057
33058
33059
33060
33061
33062
33063
33064
33065
33066
33067
33068
33069
33070
33071
33073
33074
33105
33106
33107
33108
33109
33110
33111
33112
33113
33114
33115
33116
33117
33118
33119
33120
33121
33122
33123
33124
33125
33126
33127
33128
33129
33130
33131
33133
33134
33165
33166
33167
33168
33169
33170
33171
33172
33173
33174
33175
33176
33177
33178
33179
33180
33181
33182
33184
33285
33286
33287
33288
33289
33290
33291
33292
33293
33294
33295
33296
33297
33298
33299
33300
33301
33302
33303
33304
33305
33306
33307
33308
33309
33310
33311
33313
33314
33345
33346
33347
33348
33349
33350
33351
33352
33353
33354
33355
33356
33357
33358
33359
33360
33361
33362
33363
33364
33365
33366
33367
33368
33369
33370
33371
33373
33374
33405
33406
33407
33408
33409
33410
33411
33412
33413
33414
33415
33416
33417
33418
33419
33420
33421
33422
33423
33424
33425
33426
33427
33428
33429
33430
33431
33433
33434
33465
33466
33467
33468
33469
33470
33471
33472
33473
33474
33475
33476
33477
33478
33479
33480
33481
33482
33483
33484
33485
33486
33487
33488
33489
33490
33491
33493
33494
33525
33526
33527
33528
33529
33530
33531
33532
33533
33534
33535
33536
33537
33538
33539
33540
33541
33542
33543
33544
33545
33546
33547
33548
33549
33550
33551
33553
33554
33585
33586
33587
33588
33589
33590
33591
33592
33593
33594
33595
33596
33597
33598
33599
33600
33601
33602
33603
33604
33605
33606
33607
33608
33609
33610
33611
33613
33614
33645
33646
33647
33648
33649
33650
33651
33652
33653
33654
33655
33656
33657
33658
33659
33660
33661
33662
33663
33664
33665
33666
33667
33668
33669
33670
33671
33673
33674
33705
33706
33707
33708
33709
33710
33711
33712
33713
33714
33715
33716
33717
33718
33719
33720
33721
33722
33723
33724
33725
33726
33727
33728
33729
33730
33731
33733
33734
33765
33766
33767
33768
33769
33770
33771
33772
33773
33774
33775
33776
33777
33778
33779
33780
33781
33782
33783
33784
33785
33786
33787
33788
33789
33790
33791
33793
33794
33825
33826
33827
33828
33829
33830
33831
33832
33833
33834
33835
33836
33837
33838
33839
33840
33841
33842
33843
33844
33845
33846
33847
33848
33849
33850
33851
33853
33854
33885
33886
33887
33888
33889
33890
33891
33892
33893
33894
33895
33896
33897
33898
33899
33900
33901
33902
33904
34005
34006
34007
34008
34009
34010
34011
34012
34013
34014
34015
34016
34017
34018
34019
34020
34021
34022
34023
34024
34025
34026
34027
34028
34029
34030
34031
34033
34034
34065
34066
34067
34068
34069
34070
34071
34072
34073
34074
34075
34076
34077
34078
34079
34080
34081
34082
34083
34084
34085
34086
34087
34088
34089
34090
34091
34093
34094
34125
34126
34127
34128
34129
34130
34131
34132
34133
34134
34135
34136
34137
34138
34139
34140
34141
34142
34143
34144
34145
34146
34147
34148
34149
34150
34151
34153
34154
34185
34186
34187
34188
34189
34190
34191
34192
34193
34194
34195
34196
34197
34198
34199
34200
34201
34202
34203
34204
34205
34206
34207
34208
34209
34210
34211
34213
34214
34245
34246
34247
34248
34249
34250
34251
34252
34253
34254
34255
34256
34257
34258
34259
34260
34261
34262
34263
34264
34265
34266
34267
34268
34269
34270
34271
34273
34274
34305
34306
34307
34308
34309
34310
34311
34312
34313
34314
34315
34316
34317
34318
34319
34320
34321
34322
34323
34324
34325
34326
34327
34328
34329
34330
34331
34333
34334
34365
34366
34367
34368
34369
34370
34371
34372
34373
34374
34375
34376
34377
34378
34379
34380
34381
34382
34383
34384
34385
34386
34387
34388
34389
34390
34391
34393
34394
34425
34426
34427
34428
34429
34430
34431
34432
34433
34434
34435
34436
34437
34438
34439
34440
34441
34442
34443
34444
34445
34446
34447
34448
34449
34450
34451
34453
34454
34485
34486
34487
34488
34489
34490
34491
34492
34493
34494
34495
34496
34497
34498
34499
34500
34501
34502
34503
34504
34505
34506
34507
34508
34509
34510
34511
34513
34514
34545
34546
34547
34548
34549
34550
34551
34552
34553
34554
34555
34556
34557
34558
34559
34560
34561
34562
34563
34564
34565
34566
34567
34568
34569
34570
34571
34573
34574
34605
34606
34607
34608
34609
34610
34611
34612
34613
34614
34615
34616
34617
34618
34619
34620
34621
34622
34624
34725
34726
34727
34728
34729
34730
34731
34732
34733
34734
34735
34736
34737
34738
34739
34740
34741
34742
34743
34744
34745
34746
34747
34748
34749
34750
34751
34753
34754
34785
34786
34787
34788
34789
34790
34791
34792
34793
34794
34795
34796
34797
34798
34799
34800
34801
34802
34803
34804
34805
34806
34807
34808
34809
34810
34811
34813
34814
34845
34846
34847
34848
34849
34850
34851
34852
34853
34854
34855
34856
34857
34858
34859
34860
34861
34862
34863
34864
34865
34866
34867
34868
34869
34870
34871
34873
34874
34905
34906
34907
34908
34909
34910
34911
34912
34913
34914
34915
34916
34917
34918
34919
34920
34921
34922
34923
34924
34925
34926
34927
34928
34929
34930
34931
34933
34934
34965
34966
34967
34968
34969
34970
34971
34972
34973
34974
34975
34976
34977
34978
34979
34980
34981
34982
34983
34984
34985
34986
34987
34988
34989
34990
34991
34993
34994
35025
35026
35027
35028
35029
35030
35031
35032
35033
35034
35035
35036
35037
35038
35039
35040
35041
35042
35043
35044
35045
35046
35047
35048
35049
35050
35051
35053
35054
35085
35086
35087
35088
35089
35090
35091
35092
35093
35094
35095
35096
35097
35098
35099
35100
35101
35102
35103
35104
35105
35106
35107
35108
35109
35110
35111
35113
35114
35145
35146
35147
35148
35149
35150
35151
35152
35153
35154
35155
35156
35157
35158
35159
35160
35161
35162
35163
35164
35165
35166
35167
35168
35169
35170
35171
35173
35174
35205
35206
35207
35208
35209
35210
35211
35212
35213
35214
35215
35216
35217
35218
35219
35220
35221
35222
35223
35224
35225
35226
35227
35228
35229
35230
35231
35233
35234
35265
35266
35267
35268
35269
35270
35271
35272
35273
35274
35275
35276
35277
35278
35279
35280
35281
35282
35283
35284
35285
35286
35287
35288
35289
35290
35291
35293
35294
35325
35326
35327
35328
35329
35330
35331
35332
35333
35334
35335
35336
35337
35338
35339
35340
35341
35342
35344
35445
35446
35447
35448
35449
35450
35451
35452
35453
35454
35455
35456
35457
35458
35459
35460
35461
35462
35463
35464
35465
35466
35467
35468
35469
35470
35471
35473
35474
35505
35506
35507
35508
35509
35510
35511
35512
35513
35514
35515
35516
35517
35518
35519
35520
35521
35522
35523
35524
35525
35526
35527
35528
35529
35530
35531
35533
35534
35565
35566
35567
35568
35569
35570
35571
35572
35573
35574
35575
35576
35577
35578
35579
35580
35581
35582
35583
35584
35585
35586
35587
35588
35589
35590
35591
35593
35594
35625
35626
35627
35628
35629
35630
35631
35632
35633
35634
35635
35636
35637
35638
35639
35640
35641
35642
35643
35644
35645
35646
35647
35648
35649
35650
35651
35653
35654
35685
35686
35687
35688
35689
35690
35691
35692
35693
35694
35695
35696
35697
35698
35699
35700
35701
35702
35703
35704
35705
35706
35707
35708
35709
35710
35711
35713
35714
35745
35746
35747
35748
35749
35750
35751
35752
35753
35754
35755
35756
35757
35758
35759
35760
35761
35762
35763
35764
35765
35766
35767
35768
35769
35770
35771
35773
35774
35805
35806
35807
35808
35809
35810
35811
35812
35813
35814
35815
35816
35817
35818
35819
35820
35821
35822
35823
35824
35825
35826
35827
35828
35829
35830
35831
35833
35834
35865
35866
35867
35868
35869
35870
35871
35872
35873
35874
35875
35876
35877
35878
35879
35880
35881
35882
35883
35884
35885
35886
35887
35888
35889
35890
35891
35893
35894
35925
35926
35927
35928
35929
35930
35931
35932
35933
35934
35935
35936
35937
35938
35939
35940
35941
35942
35943
35944
35945
35946
35947
35948
35949
35950
35951
35953
35954
35985
35986
35987
35988
35989
35990
35991
35992
35993
35994
35995
35996
35997
35998
35999
36000
36001
36002
36003
36004
36005
36006
36007
36008
36009
36010
36011
36013
36014
36045
36046
36047
36048
36049
36050
36051
36052
36053
36054
36055
36056
36057
36058
36059
36060
36061
36062
36064
36165
36166
36167
36168
36169
36170
36171
36172
36173
36174
36175
36176
36177
36178
36179
36180
36181
36182
36183
36184
36185
36186
36187
36188
36189
36190
36191
36193
36194
36225
36226
36227
36228
36229
36230
36231
36232
36233
36234
36235
36236
36237
36238
36239
36240
36241
36242
36243
36244
36245
36246
36247
36248
36249
36250
36251
36253
36254
36285
36286
36287
36288
36289
36290
36291
36292
36293
36294
36295
36296
36297
36298
36299
36300
36301
36302
36303
36304
36305
36306
36307
36308
36309
36310
36311
36313
36314
36345
36346
36347
36348
36349
36350
36351
36352
36353
36354
36355
36356
36357
36358
36359
36360
36361
36362
36363
36364
36365
36366
36367
36368
36369
36370
36371
36373
36374
36405
36406
36407
36408
36409
36410
36411
36412
36413
36414
36415
36416
36417
36418
36419
36420
36421
36422
36423
36424
36425
36426
36427
36428
36429
36430
36431
36433
36434
36465
36466
36467
36468
36469
36470
36471
36472
36473
36474
36475
36476
36477
36478
36479
36480
36481
36482
36483
36484
36485
36486
36487
36488
36489
36490
36491
36493
36494
36525
36526
36527
36528
36529
36530
36531
36532
36533
36534
36535
36536
36537
36538
36539
36540
36541
36542
36543
36544
36545
36546
36547
36548
36549
36550
36551
36553
36554
36585
36586
36587
36588
36589
36590
36591
36592
36593
36594
36595
36596
36597
36598
36599
36600
36601
36602
36603
36604
36605
36606
36607
36608
36609
36610
36611
36613
36614
36645
36646
36647
36648
36649
36650
36651
36652
36653
36654
36655
36656
36657
36658
36659
36660
36661
36662
36663
36664
36665
36666
36667
36668
36669
36670
36671
36673
36674
36705
36706
36707
36708
36709
36710
36711
36712
36713
36714
36715
36716
36717
36718
36719
36720
36721
36722
36723
36724
36725
36726
36727
36728
36729
36730
36731
36733
36734
36765
36766
36767
36768
36769
36770
36771
36772
36773
36774
36775
36776
36777
36778
36779
36780
36781
36782
36784
36885
36886
36887
36888
36889
36890
36891
36892
36893
36894
36895
36896
36897
36898
36899
36900
36901
36902
36903
36904
36905
36906
36907
36908
36909
36910
36911
36913
36914
36945
36946
36947
36948
36949
36950
36951
36952
36953
36954
36955
36956
36957
36958
36959
36960
36961
36962
36963
36964
36965
36966
36967
36968
36969
36970
36971
36973
36974
37005
37006
37007
37008
37009
37010
37011
37012
37013
37014
37015
37016
37017
37018
37019
37020
37021
37022
37023
37024
37025
37026
37027
37028
37029
37030
37031
37033
37034
37065
37066
37067
37068
37069
37070
37071
37072
37073
37074
37075
37076
37077
37078
37079
37080
37081
37082
37083
37084
37085
37086
37087
37088
37089
37090
37091
37093
37094
37125
37126
37127
37128
37129
37130
37131
37132
37133
37134
37135
37136
37137
37138
37139
37140
37141
37142
37143
37144
37145
37146
37147
37148
37149
37150
37151
37153
37154
37185
37186
37187
37188
37189
37190
37191
37192
37193
37194
37195
37196
37197
37198
37199
37200
37201
37202
37203
37204
37205
37206
37207
37208
37209
37210
37211
37213
37214
37245
37246
37247
37248
37249
37250
37251
37252
37253
37254
37255
37256
37257
37258
37259
37260
37261
37262
37263
37264
37265
37266
37267
37268
37269
37270
37271
37273
37274
37305
37306
37307
37308
37309
37310
37311
37312
37313
37314
37315
37316
37317
37318
37319
37320
37321
37322
37323
37324
37325
37326
37327
37328
37329
37330
37331
37333
37334
37365
37366
37367
37368
37369
37370
37371
37372
37373
37374
37375
37376
37377
37378
37379
37380
37381
37382
37383
37384
37385
37386
37387
37388
37389
37390
37391
37393
37394
37425
37426
37427
37428
37429
37430
37431
37432
37433
37434
37435
37436
37437
37438
37439
37440
37441
37442
37443
37444
37445
37446
37447
37448
37449
37450
37451
37453
37454
37485
37486
37487
37488
37489
37490
37491
37492
37493
37494
37495
37496
37497
37498
37499
37500
37501
37502
37504
37605
37606
37607
37608
37609
37610
37611
37612
37613
37614
37615
37616
37617
37618
37619
37620
37621
37622
37623
37624
37625
37626
37627
37628
37629
37630
37631
37633
37634
37665
37666
37667
37668
37669
37670
37671
37672
37673
37674
37675
37676
37677
37678
37679
37680
37681
37682
37683
37684
37685
37686
37687
37688
37689
37690
37691
37693
37694
37725
37726
37727
37728
37729
37730
37731
37732
37733
37734
37735
37736
37737
37738
37739
37740
37741
37742
37743
37744
37745
37746
37747
37748
37749
37750
37751
37753
37754
37785
37786
37787
37788
37789
37790
37791
37792
37793
37794
37795
37796
37797
37798
37799
37800
37801
37802
37803
37804
37805
37806
37807
37808
37809
37810
37811
37813
37814
37845
37846
37847
37848
37849
37850
37851
37852
37853
37854
37855
37856
37857
37858
37859
37860
37861
37862
37863
37864
37865
37866
37867
37868
37869
37870
37871
37873
37874
37905
37906
37907
37908
37909
37910
37911
37912
37913
37914
37915
37916
37917
37918
37919
37920
37921
37922
37923
37924
37925
37926
37927
37928
37929
37930
37931
37933
37934
37965
37966
37967
37968
37969
37970
37971
37972
37973
37974
37975
37976
37977
37978
37979
37980
37981
37982
37983
37984
37985
37986
37987
37988
37989
37990
37991
37993
37994
38025
38026
38027
38028
38029
38030
38031
38032
38033
38034
38035
38036
38037
38038
38039
38040
38041
38042
38043
38044
38045
38046
38047
38048
38049
38050
38051
38053
38054
38085
38086
38087
38088
38089
38090
38091
38092
38093
38094
38095
38096
38097
38098
38099
38100
38101
38102
38103
38104
38105
38106
38107
38108
38109
38110
38111
38113
38114
38145
38146
38147
38148
38149
38150
38151
38152
38153
38154
38155
38156
38157
38158
38159
38160
38161
38162
38163
38164
38165
38166
38167
38168
38169
38170
38171
38173
38174
38205
38206
38207
38208
38209
38210
38211
38212
38213
38214
38215
38216
38217
38218
38219
38220
38221
38222
38224
38325
38326
38327
38328
38329
38330
38331
38332
38333
38334
38335
38336
38337
38338
38339
38340
38341
38342
38343
38344
38345
38346
38347
38348
38349
38350
38351
38353
38354
38385
38386
38387
38388
38389
38390
38391
38392
38393
38394
38395
38396
38397
38398
38399
38400
38401
38402
38403
38404
38405
38406
38407
38408
38409
38410
38411
38413
38414
38445
38446
38447
38448
38449
38450
38451
38452
38453
38454
38455
38456
38457
38458
38459
38460
38461
38462
38463
38464
38465
38466
38467
38468
38469
38470
38471
38473
38474
38505
38506
38507
38508
38509
38510
38511
38512
38513
38514
38515
38516
38517
38518
38519
38520
38521
38522
38523
38524
38525
38526
38527
38528
38529
38530
38531
38533
38534
38565
38566
38567
38568
38569
38570
38571
38572
38573
38574
38575
38576
38577
38578
38579
38580
38581
38582
38583
38584
38585
38586
38587
38588
38589
38590
38591
38593
38594
38625
38626
38627
38628
38629
38630
38631
38632
38633
38634
38635
38636
38637
38638
38639
38640
38641
38642
38643
38644
38645
38646
38647
38648
38649
38650
38651
38653
38654
38685
38686
38687
38688
38689
38690
38691
38692
38693
38694
38695
38696
38697
38698
38699
38700
38701
38702
38703
38704
38705
38706
38707
38708
38709
38710
38711
38713
38714
38745
38746
38747
38748
38749
38750
38751
38752
38753
38754
38755
38756
38757
38758
38759
38760
38761
38762
38763
38764
38765
38766
38767
38768
38769
38770
38771
38773
38774
38805
38806
38807
38808
38809
38810
38811
38812
38813
38814
38815
38816
38817
38818
38819
38820
38821
38822
38823
38824
38825
38826
38827
38828
38829
38830
38831
38833
38834
38865
38866
38867
38868
38869
38870
38871
38872
38873
38874
38875
38876
38877
38878
38879
38880
38881
38882
38883
38884
38885
38886
38887
38888
38889
38890
38891
38893
38894
38925
38926
38927
38928
38929
38930
38931
38932
38933
38934
38935
38936
38937
38938
38939
38940
38941
38942
38944
39045
39046
39047
39048
39049
39050
39051
39052
39053
39054
39055
39056
39057
39058
39059
39060
39061
39062
39063
39064
39065
39066
39067
39068
39069
39070
39071
39073
39074
39105
39106
39107
39108
39109
39110
39111
39112
39113
39114
39115
39116
39117
39118
39119
39120
39121
39122
39123
39124
39125
39126
39127
39128
39129
39130
39131
39133
39165
39166
39167
39168
39169
39170
39171
39172
39173
39174
39175
39176
39177
39178
39179
39180
39181
39182
39183
39184
39185
39186
39187
39188
39189
39190
39193
39225
39226
39227
39228
39229
39230
39231
39232
39233
39234
39235
39236
39237
39238
39239
39240
39241
39242
39243
39244
39245
39246
39247
39249
39250
39253
39285
39286
39287
39288
39289
39290
39291
39292
39293
39294
39295
39296
39297
39298
39299
39300
39301
39302
39303
39304
39306
39307
39309
39310
39313
39345
39346
39347
39348
39349
39350
39351
39352
39353
39354
39355
39356
39357
39358
39360
39361
39363
39364
39366
39367
39369
39370
39373
39405
39406
39407
39408
39409
39410
39411
39412
39413
39414
39415
39417
39418
39420
39421
39423
39424
39426
39427
39429
39430
39433
39465
39466
39467
39468
39469
39470
39471
39472
39474
39475
39477
39478
39480
39481
39483
39484
39486
39487
39489
39490
39493
39525
39526
39527
39528
39529
39531
39532
39534
39535
39537
39538
39540
39541
39543
39544
39546
39547
39549
39550
39553
39585
39586
39588
39589
39591
39592
39594
39595
39597
39598
39600
39601
39603
39604
39606
39607
39609
39610
39613
39645
39647
39649
39651
39653
39655
39657
39659
39661
39765
39766
39768
39769
39771
39772
39774
39775
39777
39778
39780
39781
39783
39784
39786
39787
39789
39790
39825
39826
39828
39829
39831
39832
39834
39835
39837
39838
39840
39841
39843
39844
39846
39847
39885
39886
39888
39889
39891
39892
39894
39895
39897
39898
39900
39901
39903
39904
39945
39946
39948
39949
39951
39952
39954
39955
39957
39958
39960
39961
40005
40006
40008
40009
40011
40012
40014
40015
40017
40065
40066
40068
40069
40071
40072
40125
40126
40128
40129
40185
40186
119340
119341
119342
119343
119344
119345
119346
119347
119348
119349
119361
119362
119363
119364
119365
119366
119367
119368
119369
119370
119382
119383
119384
119385
119386
119387
119388
119389
119390
119391
119403
119404
119405
119406
119407
119408
119409
119410
119411
119412
119424
119425
119426
119427
119428
119429
119430
119431
119432
119433
119445
119446
119447
119448
119449
119450
119451
119452
119453
119454
119466
119467
119468
119469
119470
119471
119472
119473
119474
119475
119487
119488
119489
119490
119491
119492
119493
119494
119495
119496
119508
119509
119510
119511
119512
119513
119514
119515
119516
119517
119529
119530
119531
119532
119533
119534
119535
119536
119537
119538
119550
119551
119552
119553
119554
119555
119556
119557
119558
119559
123422
123423
123424
123425
123426
123427
123428
123429
123430
123431
123432
123434
123435
123436
123437
123438
123439
123440
123441
123442
123443
123444
123446
123447
123448
123449
123450
123451
123452
123453
123454
123455
123456
123458
123459
123460
123461
123462
123463
123464
123465
123466
123467
123468
123470
123471
123472
123473
123474
123475
123476
123477
123478
123479
123480
123482
123483
123484
123485
123486
123487
123488
123489
123490
123491
123492
123494
123495
123496
123497
123498
123499
123500
123501
123502
123503
123504
123506
123507
123508
123509
123510
123511
123512
123513
123514
123515
123516
123518
123519
123520
123521
123522
123523
123524
123525
123526
123527
123528
123530
123531
123532
123533
123534
123535
123536
123537
123538
123539
123540
123542
123543
123544
123545
123546
123547
123548
123549
123550
123551
123552
-45
-477
-909
-1341
-1773
-2205
-2637
-3069
-3501
-3933
-4365
-32486
-32490
-32494
-32498
-32502
-32506
-32510
-32514
-32518
-32522
-33206
-33210
-33214
-33218
-33222
-33226
-33230
-33234
-33238
-33242
-33926
-33930
-33934
-33938
-33942
-33946
-33950
-33954
-33958
-33962
-34646
-34650
-34654
-34658
-34662
-34666
-34670
-34674
-34678
-34682
-35366
-35370
-35374
-35378
-35382
-35386
-35390
-35394
-35398
-35402
-36086
-36090
-36094
-36098
-36102
-36106
-36110
-36114
-36118
-36122
-36806
-36810
-36814
-36818
-36822
-36826
-36830
-36834
-36838
-36842
-37526
-37530
-37534
-37538
-37542
-37546
-37550
-37554
-37558
-37562
-38246
-38250
-38254
-38258
-38262
-38266
-38270
-38274
-38278
-38282
-38966
-38970
-38974
-38978
-38982
-38986
-38990
-38994
-38998
-39002
-79
-115
-151
-187
-223
-259
-295
-331
-367
-403
-429
-511
-547
-583
-619
-655
-691
-727
-763
-799
-835
-861
-943
-979
-1015
-1051
-1087
-1123
-1159
-1195
-1231
-1267
-1293
-1375
-1411
-1447
-1483
-1519
-1555
-1591
-1627
-1663
-1699
-1725
-1807
-1843
-1879
-1915
-1951
-1987
-2023
-2059
-2095
-2131
-2157
-2239
-2275
-2311
-2347
-2383
-2419
-2455
-2491
-2527
-2563
-2589
-2671
-2707
-2743
-2779
-2815
-2851
-2887
-2923
-2959
-2995
-3021
-3103
-3139
-3175
-3211
-3247
-3283
-3319
-3355
-3391
-3427
-3453
-3535
-3571
-3607
-3643
-3679
-3715
-3751
-3787
-3823
-3859
-3885
-3967
-4003
-4039
-4075
-4111
-4147
-4183
-4219
-4255
-4291
-4317
32592
32652
32712
32772
32832
32892
32952
33012
33072
33132
33183
33312
33372
33432
33492
33552
33612
33672
33732
33792
33852
33903
34032
34092
34152
34212
34272
34332
34392
34452
34512
34572
34623
34752
34812
34872
34932
34992
35052
35112
35172
35232
35292
35343
35472
35532
35592
35652
35712
35772
35832
35892
35952
36012
36063
36192
36252
36312
36372
36432
36492
36552
36612
36672
36732
36783
36912
36972
37032
37092
37152
37212
37272
37332
37392
37452
37503
37632
37692
37752
37812
37872
37932
37992
38052
38112
38172
38223
38352
38412
38472
38532
38592
38652
38712
38772
38832
38892
38943
39072
39132
39192
39252
39312
39372
39432
39492
39552
39612
39663
39792
-39686
-39690
-39694
-39698
-39702
-39706
-39710
-39714
-39718
-39722
-4399
-4435
-4471
-4507
-4543
-4579
-4615
-4651
-4687
-4723
4319
4403
4439
4475
4511
4547
4583
4619
4655
4691
4726
4727
4728
39134
39191
39194
39248
39251
39254
39305
39308
39311
39314
39359
39362
39365
39368
39371
39374
39416
39419
39422
39425
39428
39431
39434
39473
39476
39479
39482
39485
39488
39491
39494
39530
39533
39536
39539
39542
39545
39548
39551
39554
39587
39590
39593
39596
39599
39602
39605
39608
39611
39614
39646
39648
39650
39652
39654
39656
39658
39660
39662
39664
39767
39770
39773
39776
39779
39782
39785
39788
39791
39793
39794
39827
39830
39833
39836
39839
39842
39845
39848
39849
39850
39851
39887
39890
39893
39896
39899
39902
39905
39906
39907
39908
39947
39950
39953
39956
39959
39962
39963
39964
39965
40007
40010
40013
40016
40018
40019
40020
40021
40022
40067
40070
40073
40074
40075
40076
40127
40130
40131
40132
40133
40187
40188
40189
40190
40245
40246
40247
)


// ************************************************************************* //
