/*--------------------------------*- C++ -*----------------------------------*\
  =========                 |
  \\      /  F ield         | OpenFOAM: The Open Source CFD Toolbox
   \\    /   O peration     | Website:  https://openfoam.org
    \\  /    A nd           | Version:  7
     \\/     M anipulation  |
\*---------------------------------------------------------------------------*/
FoamFile
{
    version     2.0;
    format      ascii;
    class       labelList;
    location    "constant/polyMesh";
    object      pointProcAddressing;
}
// * * * * * * * * * * * * * * * * * * * * * * * * * * * * * * * * * * * * * //


1666
(
24
25
37
38
50
51
63
64
76
77
89
90
102
103
115
116
128
129
141
142
154
155
167
168
193
194
206
207
219
220
232
233
245
246
258
259
271
272
284
285
297
298
310
311
323
324
336
337
362
363
375
376
388
389
401
402
414
415
427
428
440
441
453
454
466
467
479
480
492
493
505
506
531
532
544
545
557
558
570
571
583
584
596
597
609
610
622
623
635
636
648
649
661
662
674
675
700
701
713
714
726
727
739
740
752
753
765
766
778
779
791
792
804
805
817
818
830
831
843
844
869
870
882
883
895
896
908
909
921
922
934
935
947
948
960
961
973
974
986
987
999
1000
1012
1013
1038
1039
1051
1052
1064
1065
1077
1078
1090
1091
1103
1104
1116
1117
1129
1130
1142
1143
1155
1156
1168
1169
1181
1182
1207
1208
1220
1221
1233
1234
1246
1247
1259
1260
1272
1273
1285
1286
1298
1299
1311
1312
1324
1325
1337
1338
1350
1351
1376
1377
1389
1390
1402
1403
1415
1416
1428
1429
1441
1442
1454
1455
1467
1468
1480
1481
1493
1494
1506
1507
1519
1520
1545
1546
1558
1559
1571
1572
1584
1585
1597
1598
1610
1611
1623
1624
1636
1637
1649
1650
1662
1663
1675
1676
1688
1689
1714
1715
1727
1728
1740
1741
1753
1754
1766
1767
1779
1780
1792
1793
1805
1806
1818
1819
1831
1832
1844
1845
1857
1858
1883
1884
1896
1897
1909
1910
1922
1923
1935
1936
1948
1949
1961
1962
1974
1975
1987
1988
2000
2001
2013
2014
12890
12891
12892
12893
12894
12895
12896
12897
12898
12899
12910
12911
12912
12913
12914
12915
12916
12917
12918
12919
12930
12931
12932
12933
12934
12935
12936
12937
12938
12939
12950
12951
12952
12953
12954
12955
12956
12957
12958
12959
12970
12971
12972
12973
12974
12975
12976
12977
12978
12979
12990
12991
12992
12993
12994
12995
12996
12997
12998
12999
13010
13011
13012
13013
13014
13015
13016
13017
13018
13019
13030
13031
13032
13033
13034
13035
13036
13037
13038
13039
13050
13051
13052
13053
13054
13055
13056
13057
13058
13059
13070
13071
13072
13073
13074
13075
13076
13077
13078
13079
13090
13091
13092
13093
13094
13095
13096
13097
13098
13099
13110
13111
13112
13113
13114
13115
13116
13117
13118
13119
13150
13151
13152
13153
13154
13155
13156
13157
13158
13159
13170
13171
13172
13173
13174
13175
13176
13177
13178
13179
13190
13191
13192
13193
13194
13195
13196
13197
13198
13199
13210
13211
13212
13213
13214
13215
13216
13217
13218
13219
13230
13231
13232
13233
13234
13235
13236
13237
13238
13239
13250
13251
13252
13253
13254
13255
13256
13257
13258
13259
13270
13271
13272
13273
13274
13275
13276
13277
13278
13279
13290
13291
13292
13293
13294
13295
13296
13297
13298
13299
13310
13311
13312
13313
13314
13315
13316
13317
13318
13319
13330
13331
13332
13333
13334
13335
13336
13337
13338
13339
13350
13351
13352
13353
13354
13355
13356
13357
13358
13359
13370
13371
13372
13373
13374
13375
13376
13377
13378
13379
13410
13411
13412
13413
13414
13415
13416
13417
13418
13419
13430
13431
13432
13433
13434
13435
13436
13437
13438
13439
13450
13451
13452
13453
13454
13455
13456
13457
13458
13459
13470
13471
13472
13473
13474
13475
13476
13477
13478
13479
13490
13491
13492
13493
13494
13495
13496
13497
13498
13499
13510
13511
13512
13513
13514
13515
13516
13517
13518
13519
13530
13531
13532
13533
13534
13535
13536
13537
13538
13539
13550
13551
13552
13553
13554
13555
13556
13557
13558
13559
13570
13571
13572
13573
13574
13575
13576
13577
13578
13579
13590
13591
13592
13593
13594
13595
13596
13597
13598
13599
13610
13611
13612
13613
13614
13615
13616
13617
13618
13619
13630
13631
13632
13633
13634
13635
13636
13637
13638
13639
13670
13671
13672
13673
13674
13675
13676
13677
13678
13679
13690
13691
13692
13693
13694
13695
13696
13697
13698
13699
13710
13711
13712
13713
13714
13715
13716
13717
13718
13719
13730
13731
13732
13733
13734
13735
13736
13737
13738
13739
13750
13751
13752
13753
13754
13755
13756
13757
13758
13759
13770
13771
13772
13773
13774
13775
13776
13777
13778
13779
13790
13791
13792
13793
13794
13795
13796
13797
13798
13799
13810
13811
13812
13813
13814
13815
13816
13817
13818
13819
13830
13831
13832
13833
13834
13835
13836
13837
13838
13839
13850
13851
13852
13853
13854
13855
13856
13857
13858
13859
13870
13871
13872
13873
13874
13875
13876
13877
13878
13879
13890
13891
13892
13893
13894
13895
13896
13897
13898
13899
13930
13931
13932
13933
13934
13935
13936
13937
13938
13939
13950
13951
13952
13953
13954
13955
13956
13957
13958
13959
13970
13971
13972
13973
13974
13975
13976
13977
13978
13979
13990
13991
13992
13993
13994
13995
13996
13997
13998
13999
14010
14011
14012
14013
14014
14015
14016
14017
14018
14019
14030
14031
14032
14033
14034
14035
14036
14037
14038
14039
14050
14051
14052
14053
14054
14055
14056
14057
14058
14059
14070
14071
14072
14073
14074
14075
14076
14077
14078
14079
14090
14091
14092
14093
14094
14095
14096
14097
14098
14099
14110
14111
14112
14113
14114
14115
14116
14117
14118
14119
14130
14131
14132
14133
14134
14135
14136
14137
14138
14139
14150
14151
14152
14153
14154
14155
14156
14157
14158
14159
14190
14191
14192
14193
14194
14195
14196
14197
14198
14199
14210
14211
14212
14213
14214
14215
14216
14217
14218
14219
14230
14231
14232
14233
14234
14235
14236
14237
14238
14239
14250
14251
14252
14253
14254
14255
14256
14257
14258
14259
14270
14271
14272
14273
14274
14275
14276
14277
14278
14279
14290
14291
14292
14293
14294
14295
14296
14297
14298
14299
14310
14311
14312
14313
14314
14315
14316
14317
14318
14319
14330
14331
14332
14333
14334
14335
14336
14337
14338
14339
14350
14351
14352
14353
14354
14355
14356
14357
14358
14359
14370
14371
14372
14373
14374
14375
14376
14377
14378
14379
14390
14391
14392
14393
14394
14395
14396
14397
14398
14399
14410
14411
14412
14413
14414
14415
14416
14417
14418
14419
14450
14451
14452
14453
14454
14455
14456
14457
14458
14459
14470
14471
14472
14473
14474
14475
14476
14477
14478
14479
14490
14491
14492
14493
14494
14495
14496
14497
14498
14499
14510
14511
14512
14513
14514
14515
14516
14517
14518
14519
14530
14531
14532
14533
14534
14535
14536
14537
14538
14539
14550
14551
14552
14553
14554
14555
14556
14557
14558
14559
14570
14571
14572
14573
14574
14575
14576
14577
14578
14579
14590
14591
14592
14593
14594
14595
14596
14597
14598
14599
14610
14611
14612
14613
14614
14615
14616
14617
14618
14619
14630
14631
14632
14633
14634
14635
14636
14637
14638
14639
14650
14651
14652
14653
14654
14655
14656
14657
14658
14659
14670
14671
14672
14673
14674
14675
14676
14677
14678
14679
14710
14711
14712
14713
14714
14715
14716
14717
14718
14719
14730
14731
14732
14733
14734
14735
14736
14737
14738
14739
14750
14751
14752
14753
14754
14755
14756
14757
14758
14759
14770
14771
14772
14773
14774
14775
14776
14777
14778
14779
14790
14791
14792
14793
14794
14795
14796
14797
14798
14799
14810
14811
14812
14813
14814
14815
14816
14817
14818
14819
14830
14831
14832
14833
14834
14835
14836
14837
14838
14839
14850
14851
14852
14853
14854
14855
14856
14857
14858
14859
14870
14871
14872
14873
14874
14875
14876
14877
14878
14879
14890
14891
14892
14893
14894
14895
14896
14897
14898
14899
14910
14911
14912
14913
14914
14915
14916
14917
14918
14919
14930
14931
14932
14933
14934
14935
14936
14937
14938
14939
14970
14971
14972
14973
14974
14975
14976
14977
14978
14979
14990
14991
14992
14993
14994
14995
14996
14997
14998
14999
15010
15011
15012
15013
15014
15015
15016
15017
15018
15019
15030
15031
15032
15033
15034
15035
15036
15037
15038
15039
15050
15051
15052
15053
15054
15055
15056
15057
15058
15059
15070
15071
15072
15073
15074
15075
15076
15077
15078
15079
15090
15091
15092
15093
15094
15095
15096
15097
15098
15099
15110
15111
15112
15113
15114
15115
15116
15117
15118
15119
15130
15131
15132
15133
15134
15135
15136
15137
15138
15139
15150
15151
15152
15153
15154
15155
15156
15157
15158
15159
15170
15171
15172
15173
15174
15175
15176
15177
15178
15179
15190
15191
15192
15193
15194
15195
15196
15197
15198
15199
15230
15231
15232
15233
15234
15235
15236
15237
15238
15239
15250
15251
15252
15253
15254
15255
15256
15257
15258
15259
15270
15271
15272
15273
15274
15275
15276
15277
15278
15279
15290
15291
15292
15293
15294
15295
15296
15297
15298
15299
15310
15311
15312
15313
15314
15315
15316
15317
15318
15319
15330
15331
15332
15333
15334
15335
15336
15337
15338
15339
15350
15351
15352
15353
15354
15355
15356
15357
15358
15359
15370
15371
15372
15373
15374
15375
15376
15377
15378
15379
15390
15391
15392
15393
15394
15395
15396
15397
15398
15399
15410
15411
15412
15413
15414
15415
15416
15417
15418
15419
15430
15431
15432
15433
15434
15435
15436
15437
15438
15439
15450
15451
15452
15453
15454
15455
15456
15457
15458
15459
15490
15491
15492
15493
15494
15495
15496
15497
15498
15499
15510
15511
15512
15513
15514
15515
15516
15517
15518
15519
15530
15531
15532
15533
15534
15535
15536
15537
15538
15539
15550
15551
15552
15553
15554
15555
15556
15557
15558
15559
15570
15571
15572
15573
15574
15575
15576
15577
15578
15579
15590
15591
15592
15593
15594
15595
15596
15597
15598
15599
15610
15611
15612
15613
15614
15615
15616
15617
15618
15619
15630
15631
15632
15633
15634
15635
15636
15637
15638
15639
15650
15651
15652
15653
15654
15655
15656
15657
15658
15659
15670
15671
15672
15673
15674
15675
15676
15677
15678
15679
15690
15691
15692
15693
15694
15695
15696
15697
15698
15699
15710
15711
15712
15713
15714
15715
15716
15717
15718
15719
15750
15751
15752
15753
15754
15755
15756
15757
15758
15759
15770
15771
15772
15773
15774
15775
15776
15777
15778
15779
15790
15791
15792
15793
15794
15795
15796
15797
15798
15810
15811
15812
15813
15814
15815
15816
15817
15830
15831
15832
15833
15834
15835
15836
15850
15851
15852
15853
15854
15855
15870
15871
15872
15873
15890
15891
15892
15910
15911
15930
)


// ************************************************************************* //
