/*--------------------------------*- C++ -*----------------------------------*\
  =========                 |
  \\      /  F ield         | OpenFOAM: The Open Source CFD Toolbox
   \\    /   O peration     | Website:  https://openfoam.org
    \\  /    A nd           | Version:  7
     \\/     M anipulation  |
\*---------------------------------------------------------------------------*/
FoamFile
{
    version     2.0;
    format      ascii;
    class       labelList;
    location    "constant/polyMesh";
    object      cellProcAddressing;
}
// * * * * * * * * * * * * * * * * * * * * * * * * * * * * * * * * * * * * * //


1271
(
35002
35003
35013
35014
35015
35024
35025
35026
35027
35035
35036
35037
35038
35039
35046
35047
35048
35049
35050
35051
35058
35059
35060
35061
35062
35063
35069
35070
35071
35072
35073
35074
35075
35080
35081
35082
35083
35084
35085
35086
35087
35091
35092
35093
35094
35095
35096
35097
35098
35099
35102
35103
35104
35105
35106
35107
35108
35109
35110
35111
35233
35234
35235
35236
35237
35238
35239
35240
35241
35242
35243
35245
35246
35247
35248
35249
35250
35251
35252
35253
35254
35255
35257
35258
35259
35260
35261
35262
35263
35264
35265
35266
35267
35269
35270
35271
35272
35273
35274
35275
35276
35277
35278
35279
35281
35282
35283
35284
35285
35286
35287
35288
35289
35290
35291
35293
35294
35295
35296
35297
35298
35299
35300
35301
35302
35303
35305
35306
35307
35308
35309
35310
35311
35312
35313
35314
35315
35317
35318
35319
35320
35321
35322
35323
35324
35325
35326
35327
35329
35330
35331
35332
35333
35334
35335
35336
35337
35338
35339
35341
35342
35343
35344
35345
35346
35347
35348
35349
35350
35351
35473
35474
35475
35476
35477
35478
35479
35480
35481
35482
35483
35485
35486
35487
35488
35489
35490
35491
35492
35493
35494
35495
35497
35498
35499
35500
35501
35502
35503
35504
35505
35506
35507
35509
35510
35511
35512
35513
35514
35515
35516
35517
35518
35519
35521
35522
35523
35524
35525
35526
35527
35528
35529
35530
35531
35533
35534
35535
35536
35537
35538
35539
35540
35541
35542
35543
35545
35546
35547
35548
35549
35550
35551
35552
35553
35554
35555
35557
35558
35559
35560
35561
35562
35563
35564
35565
35566
35567
35569
35570
35571
35572
35573
35574
35575
35576
35577
35578
35579
35581
35582
35583
35584
35585
35586
35587
35588
35589
35590
35591
35713
35714
35715
35716
35717
35718
35719
35720
35721
35722
35723
35725
35726
35727
35728
35729
35730
35731
35732
35733
35734
35735
35737
35738
35739
35740
35741
35742
35743
35744
35745
35746
35747
35749
35750
35751
35752
35753
35754
35755
35756
35757
35758
35759
35761
35762
35763
35764
35765
35766
35767
35768
35769
35770
35771
35773
35774
35775
35776
35777
35778
35779
35780
35781
35782
35783
35785
35786
35787
35788
35789
35790
35791
35792
35793
35794
35795
35797
35798
35799
35800
35801
35802
35803
35804
35805
35806
35807
35809
35810
35811
35812
35813
35814
35815
35816
35817
35818
35819
35821
35822
35823
35824
35825
35826
35827
35828
35829
35830
35831
35953
35954
35955
35956
35957
35958
35959
35960
35961
35962
35963
35965
35966
35967
35968
35969
35970
35971
35972
35973
35974
35975
35977
35978
35979
35980
35981
35982
35983
35984
35985
35986
35987
35989
35990
35991
35992
35993
35994
35995
35996
35997
35998
35999
36001
36002
36003
36004
36005
36006
36007
36008
36009
36010
36011
36013
36014
36015
36016
36017
36018
36019
36020
36021
36022
36023
36025
36026
36027
36028
36029
36030
36031
36032
36033
36034
36035
36037
36038
36039
36040
36041
36042
36043
36044
36045
36046
36047
36049
36050
36051
36052
36053
36054
36055
36056
36057
36058
36059
36061
36062
36063
36064
36065
36066
36067
36068
36069
36070
36071
36193
36194
36195
36196
36197
36198
36199
36200
36201
36202
36203
36205
36206
36207
36208
36209
36210
36211
36212
36213
36214
36215
36217
36218
36219
36220
36221
36222
36223
36224
36225
36226
36227
36229
36230
36231
36232
36233
36234
36235
36236
36237
36238
36239
36241
36242
36243
36244
36245
36246
36247
36248
36249
36250
36251
36253
36254
36255
36256
36257
36258
36259
36260
36261
36262
36263
36265
36266
36267
36268
36269
36270
36271
36272
36273
36274
36275
36277
36278
36279
36280
36281
36282
36283
36284
36285
36286
36287
36289
36290
36291
36292
36293
36294
36295
36296
36297
36298
36299
36301
36302
36303
36304
36305
36306
36307
36308
36309
36310
36311
36433
36434
36435
36436
36437
36438
36439
36440
36441
36442
36443
36445
36446
36447
36448
36449
36450
36451
36452
36453
36454
36455
36457
36458
36459
36460
36461
36462
36463
36464
36465
36466
36467
36469
36470
36471
36472
36473
36474
36475
36476
36477
36478
36479
36481
36482
36483
36484
36485
36486
36487
36488
36489
36490
36491
36493
36494
36495
36496
36497
36498
36499
36500
36501
36502
36503
36505
36506
36507
36508
36509
36510
36511
36512
36513
36514
36515
36517
36518
36519
36520
36521
36522
36523
36524
36525
36526
36527
36529
36530
36531
36532
36533
36534
36535
36536
36537
36538
36539
36541
36542
36543
36544
36545
36546
36547
36548
36549
36550
36551
36673
36674
36675
36676
36677
36678
36679
36680
36681
36682
36683
36685
36686
36687
36688
36689
36690
36691
36692
36693
36694
36695
36697
36698
36699
36700
36701
36702
36703
36704
36705
36706
36707
36709
36710
36711
36712
36713
36714
36715
36716
36717
36718
36719
36721
36722
36723
36724
36725
36726
36727
36728
36729
36730
36731
36733
36734
36735
36736
36737
36738
36739
36740
36741
36742
36743
36745
36746
36747
36748
36749
36750
36751
36752
36753
36754
36755
36757
36758
36759
36760
36761
36762
36763
36764
36765
36766
36767
36769
36770
36771
36772
36773
36774
36775
36776
36777
36778
36779
36781
36782
36783
36784
36785
36786
36787
36788
36789
36790
36791
36913
36914
36915
36916
36917
36918
36919
36920
36921
36922
36923
36925
36926
36927
36928
36929
36930
36931
36932
36933
36934
36935
36937
36938
36939
36940
36941
36942
36943
36944
36945
36946
36947
36949
36950
36951
36952
36953
36954
36955
36956
36957
36958
36959
36961
36962
36963
36964
36965
36966
36967
36968
36969
36970
36971
36973
36974
36975
36976
36977
36978
36979
36980
36981
36982
36983
36985
36986
36987
36988
36989
36990
36991
36992
36993
36994
36995
36997
36998
36999
37000
37001
37002
37003
37004
37005
37006
37007
37009
37010
37011
37012
37013
37014
37015
37016
37017
37018
37019
37021
37022
37023
37024
37025
37026
37027
37028
37029
37030
37031
37153
37154
37155
37156
37157
37158
37159
37160
37161
37162
37163
37165
37166
37167
37168
37169
37170
37171
37172
37173
37174
37175
37177
37178
37179
37180
37181
37182
37183
37184
37185
37186
37187
37189
37190
37191
37192
37193
37194
37195
37196
37197
37198
37199
37201
37202
37203
37204
37205
37206
37207
37208
37209
37210
37211
37213
37214
37215
37216
37217
37218
37219
37220
37221
37222
37223
37225
37226
37227
37228
37229
37230
37231
37232
37233
37234
37235
37237
37238
37239
37240
37241
37242
37243
37244
37245
37246
37247
37249
37250
37251
37252
37253
37254
37255
37256
37257
37258
37259
37261
37262
37263
37264
37265
37266
37267
37268
37269
37270
37271
37393
37394
37395
37396
37397
37398
37399
37400
37401
37402
37403
37405
37406
37407
37408
37409
37410
37411
37412
37413
37414
37415
37417
37418
37419
37420
37421
37422
37423
37424
37425
37426
37427
37429
37430
37431
37432
37433
37434
37435
37436
37437
37438
37439
37441
37442
37443
37444
37445
37446
37447
37448
37449
37450
37451
37453
37454
37455
37456
37457
37458
37459
37460
37461
37462
37463
37465
37466
37467
37468
37469
37470
37471
37472
37473
37474
37475
37477
37478
37479
37480
37481
37482
37483
37484
37485
37486
37487
37489
37490
37491
37492
37493
37494
37495
37496
37497
37498
37499
37501
37502
37503
37504
37505
37506
37507
37508
37509
37510
37511
39215
39349
39350
39351
39352
39353
39354
39355
39356
39357
39358
39359
39493
39494
39495
39496
39497
39498
39499
39500
39501
39502
39503
39637
39638
39639
39640
39641
39642
39643
39644
39645
39646
39647
39781
39782
39783
39784
39785
39786
39787
39788
39789
39790
39791
39925
39926
39927
39928
39929
39930
39931
39932
39933
39934
39935
40069
40070
40071
40072
40073
40074
40075
40076
40077
40078
40079
40213
40214
40215
40216
40217
40218
40219
40220
40221
40222
40223
40357
40358
40359
40360
40361
40362
40363
40364
40365
40366
40367
40501
40502
40503
40504
40505
40506
40507
40508
40509
40510
40511
40645
40646
40647
40648
40649
40650
40651
40652
40653
40654
40655
)


// ************************************************************************* //
