/*--------------------------------*- C++ -*----------------------------------*\
  =========                 |
  \\      /  F ield         | OpenFOAM: The Open Source CFD Toolbox
   \\    /   O peration     | Website:  https://openfoam.org
    \\  /    A nd           | Version:  7
     \\/     M anipulation  |
\*---------------------------------------------------------------------------*/
FoamFile
{
    version     2.0;
    format      ascii;
    class       labelList;
    location    "constant/polyMesh";
    object      faceProcAddressing;
}
// * * * * * * * * * * * * * * * * * * * * * * * * * * * * * * * * * * * * * //


4175
(
102341
102342
102343
102345
102346
102347
102375
102376
102377
102378
102379
102380
102381
102382
102407
102408
102409
102410
102411
102412
102413
102414
102415
102416
102417
102439
102440
102441
102442
102443
102444
102445
102446
102447
102448
102449
102450
102451
102452
102471
102472
102473
102474
102475
102476
102477
102478
102479
102480
102481
102482
102483
102484
102485
102486
102487
102506
102507
102508
102509
102510
102511
102512
102513
102514
102515
102516
102517
102518
102519
102520
102521
102522
102538
102539
102540
102541
102542
102543
102544
102545
102546
102547
102548
102549
102550
102551
102552
102553
102554
102555
102556
102557
102570
102571
102572
102573
102574
102575
102576
102577
102578
102579
102580
102581
102582
102583
102584
102585
102586
102587
102588
102589
102590
102591
102592
102602
102603
102604
102605
102606
102607
102608
102609
102610
102611
102612
102613
102614
102615
102616
102617
102618
102619
102620
102621
102622
102623
102624
102625
102626
102627
102634
102636
102637
102639
102640
102642
102643
102645
102646
102648
102649
102651
102652
102654
102655
102657
102658
102660
102662
103005
103006
103007
103008
103009
103010
103011
103012
103013
103014
103015
103016
103017
103018
103019
103020
103021
103022
103023
103024
103025
103026
103027
103028
103029
103030
103031
103032
103033
103034
103035
103036
103037
103038
103039
103040
103041
103042
103043
103044
103045
103046
103047
103051
103052
103053
103054
103055
103056
103057
103058
103059
103060
103061
103062
103063
103064
103065
103066
103067
103068
103069
103070
103071
103072
103073
103074
103075
103076
103077
103078
103079
103080
103081
103082
103086
103087
103088
103089
103090
103091
103092
103093
103094
103095
103096
103097
103098
103099
103100
103101
103102
103103
103104
103105
103106
103107
103108
103109
103110
103111
103112
103113
103114
103115
103116
103117
103121
103122
103123
103124
103125
103126
103127
103128
103129
103130
103131
103132
103133
103134
103135
103136
103137
103138
103139
103140
103141
103142
103143
103144
103145
103146
103147
103148
103149
103150
103151
103152
103156
103157
103158
103159
103160
103161
103162
103163
103164
103165
103166
103167
103168
103169
103170
103171
103172
103173
103174
103175
103176
103177
103178
103179
103180
103181
103182
103183
103184
103185
103186
103187
103191
103192
103193
103194
103195
103196
103197
103198
103199
103200
103201
103202
103203
103204
103205
103206
103207
103208
103209
103210
103211
103212
103213
103214
103215
103216
103217
103218
103219
103220
103221
103222
103226
103227
103228
103229
103230
103231
103232
103233
103234
103235
103236
103237
103238
103239
103240
103241
103242
103243
103244
103245
103246
103247
103248
103249
103250
103251
103252
103253
103254
103255
103256
103257
103261
103262
103263
103264
103265
103266
103267
103268
103269
103270
103271
103272
103273
103274
103275
103276
103277
103278
103279
103280
103281
103282
103283
103284
103285
103286
103287
103288
103289
103290
103291
103292
103296
103297
103298
103299
103300
103301
103302
103303
103304
103305
103306
103307
103308
103309
103310
103311
103312
103313
103314
103315
103316
103317
103318
103319
103320
103321
103322
103323
103324
103325
103326
103327
103331
103333
103334
103336
103337
103339
103340
103342
103343
103345
103346
103348
103349
103351
103352
103354
103355
103357
103358
103360
103362
103705
103706
103707
103708
103709
103710
103711
103712
103713
103714
103715
103716
103717
103718
103719
103720
103721
103722
103723
103724
103725
103726
103727
103728
103729
103730
103731
103732
103733
103734
103735
103736
103737
103738
103739
103740
103741
103742
103743
103744
103745
103746
103747
103751
103752
103753
103754
103755
103756
103757
103758
103759
103760
103761
103762
103763
103764
103765
103766
103767
103768
103769
103770
103771
103772
103773
103774
103775
103776
103777
103778
103779
103780
103781
103782
103786
103787
103788
103789
103790
103791
103792
103793
103794
103795
103796
103797
103798
103799
103800
103801
103802
103803
103804
103805
103806
103807
103808
103809
103810
103811
103812
103813
103814
103815
103816
103817
103821
103822
103823
103824
103825
103826
103827
103828
103829
103830
103831
103832
103833
103834
103835
103836
103837
103838
103839
103840
103841
103842
103843
103844
103845
103846
103847
103848
103849
103850
103851
103852
103856
103857
103858
103859
103860
103861
103862
103863
103864
103865
103866
103867
103868
103869
103870
103871
103872
103873
103874
103875
103876
103877
103878
103879
103880
103881
103882
103883
103884
103885
103886
103887
103891
103892
103893
103894
103895
103896
103897
103898
103899
103900
103901
103902
103903
103904
103905
103906
103907
103908
103909
103910
103911
103912
103913
103914
103915
103916
103917
103918
103919
103920
103921
103922
103926
103927
103928
103929
103930
103931
103932
103933
103934
103935
103936
103937
103938
103939
103940
103941
103942
103943
103944
103945
103946
103947
103948
103949
103950
103951
103952
103953
103954
103955
103956
103957
103961
103962
103963
103964
103965
103966
103967
103968
103969
103970
103971
103972
103973
103974
103975
103976
103977
103978
103979
103980
103981
103982
103983
103984
103985
103986
103987
103988
103989
103990
103991
103992
103996
103997
103998
103999
104000
104001
104002
104003
104004
104005
104006
104007
104008
104009
104010
104011
104012
104013
104014
104015
104016
104017
104018
104019
104020
104021
104022
104023
104024
104025
104026
104027
104031
104033
104034
104036
104037
104039
104040
104042
104043
104045
104046
104048
104049
104051
104052
104054
104055
104057
104058
104060
104062
104405
104406
104407
104408
104409
104410
104411
104412
104413
104414
104415
104416
104417
104418
104419
104420
104421
104422
104423
104424
104425
104426
104427
104428
104429
104430
104431
104432
104433
104434
104435
104436
104437
104438
104439
104440
104441
104442
104443
104444
104445
104446
104447
104451
104452
104453
104454
104455
104456
104457
104458
104459
104460
104461
104462
104463
104464
104465
104466
104467
104468
104469
104470
104471
104472
104473
104474
104475
104476
104477
104478
104479
104480
104481
104482
104486
104487
104488
104489
104490
104491
104492
104493
104494
104495
104496
104497
104498
104499
104500
104501
104502
104503
104504
104505
104506
104507
104508
104509
104510
104511
104512
104513
104514
104515
104516
104517
104521
104522
104523
104524
104525
104526
104527
104528
104529
104530
104531
104532
104533
104534
104535
104536
104537
104538
104539
104540
104541
104542
104543
104544
104545
104546
104547
104548
104549
104550
104551
104552
104556
104557
104558
104559
104560
104561
104562
104563
104564
104565
104566
104567
104568
104569
104570
104571
104572
104573
104574
104575
104576
104577
104578
104579
104580
104581
104582
104583
104584
104585
104586
104587
104591
104592
104593
104594
104595
104596
104597
104598
104599
104600
104601
104602
104603
104604
104605
104606
104607
104608
104609
104610
104611
104612
104613
104614
104615
104616
104617
104618
104619
104620
104621
104622
104626
104627
104628
104629
104630
104631
104632
104633
104634
104635
104636
104637
104638
104639
104640
104641
104642
104643
104644
104645
104646
104647
104648
104649
104650
104651
104652
104653
104654
104655
104656
104657
104661
104662
104663
104664
104665
104666
104667
104668
104669
104670
104671
104672
104673
104674
104675
104676
104677
104678
104679
104680
104681
104682
104683
104684
104685
104686
104687
104688
104689
104690
104691
104692
104696
104697
104698
104699
104700
104701
104702
104703
104704
104705
104706
104707
104708
104709
104710
104711
104712
104713
104714
104715
104716
104717
104718
104719
104720
104721
104722
104723
104724
104725
104726
104727
104731
104733
104734
104736
104737
104739
104740
104742
104743
104745
104746
104748
104749
104751
104752
104754
104755
104757
104758
104760
104762
105105
105106
105107
105108
105109
105110
105111
105112
105113
105114
105115
105116
105117
105118
105119
105120
105121
105122
105123
105124
105125
105126
105127
105128
105129
105130
105131
105132
105133
105134
105135
105136
105137
105138
105139
105140
105141
105142
105143
105144
105145
105146
105147
105151
105152
105153
105154
105155
105156
105157
105158
105159
105160
105161
105162
105163
105164
105165
105166
105167
105168
105169
105170
105171
105172
105173
105174
105175
105176
105177
105178
105179
105180
105181
105182
105186
105187
105188
105189
105190
105191
105192
105193
105194
105195
105196
105197
105198
105199
105200
105201
105202
105203
105204
105205
105206
105207
105208
105209
105210
105211
105212
105213
105214
105215
105216
105217
105221
105222
105223
105224
105225
105226
105227
105228
105229
105230
105231
105232
105233
105234
105235
105236
105237
105238
105239
105240
105241
105242
105243
105244
105245
105246
105247
105248
105249
105250
105251
105252
105256
105257
105258
105259
105260
105261
105262
105263
105264
105265
105266
105267
105268
105269
105270
105271
105272
105273
105274
105275
105276
105277
105278
105279
105280
105281
105282
105283
105284
105285
105286
105287
105291
105292
105293
105294
105295
105296
105297
105298
105299
105300
105301
105302
105303
105304
105305
105306
105307
105308
105309
105310
105311
105312
105313
105314
105315
105316
105317
105318
105319
105320
105321
105322
105326
105327
105328
105329
105330
105331
105332
105333
105334
105335
105336
105337
105338
105339
105340
105341
105342
105343
105344
105345
105346
105347
105348
105349
105350
105351
105352
105353
105354
105355
105356
105357
105361
105362
105363
105364
105365
105366
105367
105368
105369
105370
105371
105372
105373
105374
105375
105376
105377
105378
105379
105380
105381
105382
105383
105384
105385
105386
105387
105388
105389
105390
105391
105392
105396
105397
105398
105399
105400
105401
105402
105403
105404
105405
105406
105407
105408
105409
105410
105411
105412
105413
105414
105415
105416
105417
105418
105419
105420
105421
105422
105423
105424
105425
105426
105427
105431
105433
105434
105436
105437
105439
105440
105442
105443
105445
105446
105448
105449
105451
105452
105454
105455
105457
105458
105460
105462
105805
105806
105807
105808
105809
105810
105811
105812
105813
105814
105815
105816
105817
105818
105819
105820
105821
105822
105823
105824
105825
105826
105827
105828
105829
105830
105831
105832
105833
105834
105835
105836
105837
105838
105839
105840
105841
105842
105843
105844
105845
105846
105847
105851
105852
105853
105854
105855
105856
105857
105858
105859
105860
105861
105862
105863
105864
105865
105866
105867
105868
105869
105870
105871
105872
105873
105874
105875
105876
105877
105878
105879
105880
105881
105882
105886
105887
105888
105889
105890
105891
105892
105893
105894
105895
105896
105897
105898
105899
105900
105901
105902
105903
105904
105905
105906
105907
105908
105909
105910
105911
105912
105913
105914
105915
105916
105917
105921
105922
105923
105924
105925
105926
105927
105928
105929
105930
105931
105932
105933
105934
105935
105936
105937
105938
105939
105940
105941
105942
105943
105944
105945
105946
105947
105948
105949
105950
105951
105952
105956
105957
105958
105959
105960
105961
105962
105963
105964
105965
105966
105967
105968
105969
105970
105971
105972
105973
105974
105975
105976
105977
105978
105979
105980
105981
105982
105983
105984
105985
105986
105987
105991
105992
105993
105994
105995
105996
105997
105998
105999
106000
106001
106002
106003
106004
106005
106006
106007
106008
106009
106010
106011
106012
106013
106014
106015
106016
106017
106018
106019
106020
106021
106022
106026
106027
106028
106029
106030
106031
106032
106033
106034
106035
106036
106037
106038
106039
106040
106041
106042
106043
106044
106045
106046
106047
106048
106049
106050
106051
106052
106053
106054
106055
106056
106057
106061
106062
106063
106064
106065
106066
106067
106068
106069
106070
106071
106072
106073
106074
106075
106076
106077
106078
106079
106080
106081
106082
106083
106084
106085
106086
106087
106088
106089
106090
106091
106092
106096
106097
106098
106099
106100
106101
106102
106103
106104
106105
106106
106107
106108
106109
106110
106111
106112
106113
106114
106115
106116
106117
106118
106119
106120
106121
106122
106123
106124
106125
106126
106127
106131
106133
106134
106136
106137
106139
106140
106142
106143
106145
106146
106148
106149
106151
106152
106154
106155
106157
106158
106160
106162
106505
106506
106507
106508
106509
106510
106511
106512
106513
106514
106515
106516
106517
106518
106519
106520
106521
106522
106523
106524
106525
106526
106527
106528
106529
106530
106531
106532
106533
106534
106535
106536
106537
106538
106539
106540
106541
106542
106543
106544
106545
106546
106547
106551
106552
106553
106554
106555
106556
106557
106558
106559
106560
106561
106562
106563
106564
106565
106566
106567
106568
106569
106570
106571
106572
106573
106574
106575
106576
106577
106578
106579
106580
106581
106582
106586
106587
106588
106589
106590
106591
106592
106593
106594
106595
106596
106597
106598
106599
106600
106601
106602
106603
106604
106605
106606
106607
106608
106609
106610
106611
106612
106613
106614
106615
106616
106617
106621
106622
106623
106624
106625
106626
106627
106628
106629
106630
106631
106632
106633
106634
106635
106636
106637
106638
106639
106640
106641
106642
106643
106644
106645
106646
106647
106648
106649
106650
106651
106652
106656
106657
106658
106659
106660
106661
106662
106663
106664
106665
106666
106667
106668
106669
106670
106671
106672
106673
106674
106675
106676
106677
106678
106679
106680
106681
106682
106683
106684
106685
106686
106687
106691
106692
106693
106694
106695
106696
106697
106698
106699
106700
106701
106702
106703
106704
106705
106706
106707
106708
106709
106710
106711
106712
106713
106714
106715
106716
106717
106718
106719
106720
106721
106722
106726
106727
106728
106729
106730
106731
106732
106733
106734
106735
106736
106737
106738
106739
106740
106741
106742
106743
106744
106745
106746
106747
106748
106749
106750
106751
106752
106753
106754
106755
106756
106757
106761
106762
106763
106764
106765
106766
106767
106768
106769
106770
106771
106772
106773
106774
106775
106776
106777
106778
106779
106780
106781
106782
106783
106784
106785
106786
106787
106788
106789
106790
106791
106792
106796
106797
106798
106799
106800
106801
106802
106803
106804
106805
106806
106807
106808
106809
106810
106811
106812
106813
106814
106815
106816
106817
106818
106819
106820
106821
106822
106823
106824
106825
106826
106827
106831
106833
106834
106836
106837
106839
106840
106842
106843
106845
106846
106848
106849
106851
106852
106854
106855
106857
106858
106860
106862
107205
107206
107207
107208
107209
107210
107211
107212
107213
107214
107215
107216
107217
107218
107219
107220
107221
107222
107223
107224
107225
107226
107227
107228
107229
107230
107231
107232
107233
107234
107235
107236
107237
107238
107239
107240
107241
107242
107243
107244
107245
107246
107247
107251
107252
107253
107254
107255
107256
107257
107258
107259
107260
107261
107262
107263
107264
107265
107266
107267
107268
107269
107270
107271
107272
107273
107274
107275
107276
107277
107278
107279
107280
107281
107282
107286
107287
107288
107289
107290
107291
107292
107293
107294
107295
107296
107297
107298
107299
107300
107301
107302
107303
107304
107305
107306
107307
107308
107309
107310
107311
107312
107313
107314
107315
107316
107317
107321
107322
107323
107324
107325
107326
107327
107328
107329
107330
107331
107332
107333
107334
107335
107336
107337
107338
107339
107340
107341
107342
107343
107344
107345
107346
107347
107348
107349
107350
107351
107352
107356
107357
107358
107359
107360
107361
107362
107363
107364
107365
107366
107367
107368
107369
107370
107371
107372
107373
107374
107375
107376
107377
107378
107379
107380
107381
107382
107383
107384
107385
107386
107387
107391
107392
107393
107394
107395
107396
107397
107398
107399
107400
107401
107402
107403
107404
107405
107406
107407
107408
107409
107410
107411
107412
107413
107414
107415
107416
107417
107418
107419
107420
107421
107422
107426
107427
107428
107429
107430
107431
107432
107433
107434
107435
107436
107437
107438
107439
107440
107441
107442
107443
107444
107445
107446
107447
107448
107449
107450
107451
107452
107453
107454
107455
107456
107457
107461
107462
107463
107464
107465
107466
107467
107468
107469
107470
107471
107472
107473
107474
107475
107476
107477
107478
107479
107480
107481
107482
107483
107484
107485
107486
107487
107488
107489
107490
107491
107492
107496
107497
107498
107499
107500
107501
107502
107503
107504
107505
107506
107507
107508
107509
107510
107511
107512
107513
107514
107515
107516
107517
107518
107519
107520
107521
107522
107523
107524
107525
107526
107527
107531
107533
107534
107536
107537
107539
107540
107542
107543
107545
107546
107548
107549
107551
107552
107554
107555
107557
107558
107560
107562
107905
107906
107907
107908
107909
107910
107911
107912
107913
107914
107915
107916
107917
107918
107919
107920
107921
107922
107923
107924
107925
107926
107927
107928
107929
107930
107931
107932
107933
107934
107935
107936
107937
107938
107939
107940
107941
107942
107943
107944
107945
107946
107947
107951
107952
107953
107954
107955
107956
107957
107958
107959
107960
107961
107962
107963
107964
107965
107966
107967
107968
107969
107970
107971
107972
107973
107974
107975
107976
107977
107978
107979
107980
107981
107982
107986
107987
107988
107989
107990
107991
107992
107993
107994
107995
107996
107997
107998
107999
108000
108001
108002
108003
108004
108005
108006
108007
108008
108009
108010
108011
108012
108013
108014
108015
108016
108017
108021
108022
108023
108024
108025
108026
108027
108028
108029
108030
108031
108032
108033
108034
108035
108036
108037
108038
108039
108040
108041
108042
108043
108044
108045
108046
108047
108048
108049
108050
108051
108052
108056
108057
108058
108059
108060
108061
108062
108063
108064
108065
108066
108067
108068
108069
108070
108071
108072
108073
108074
108075
108076
108077
108078
108079
108080
108081
108082
108083
108084
108085
108086
108087
108091
108092
108093
108094
108095
108096
108097
108098
108099
108100
108101
108102
108103
108104
108105
108106
108107
108108
108109
108110
108111
108112
108113
108114
108115
108116
108117
108118
108119
108120
108121
108122
108126
108127
108128
108129
108130
108131
108132
108133
108134
108135
108136
108137
108138
108139
108140
108141
108142
108143
108144
108145
108146
108147
108148
108149
108150
108151
108152
108153
108154
108155
108156
108157
108161
108162
108163
108164
108165
108166
108167
108168
108169
108170
108171
108172
108173
108174
108175
108176
108177
108178
108179
108180
108181
108182
108183
108184
108185
108186
108187
108188
108189
108190
108191
108192
108196
108197
108198
108199
108200
108201
108202
108203
108204
108205
108206
108207
108208
108209
108210
108211
108212
108213
108214
108215
108216
108217
108218
108219
108220
108221
108222
108223
108224
108225
108226
108227
108231
108233
108234
108236
108237
108239
108240
108242
108243
108245
108246
108248
108249
108251
108252
108254
108255
108257
108258
108260
108262
108605
108606
108607
108608
108609
108610
108611
108612
108613
108614
108615
108616
108617
108618
108619
108620
108621
108622
108623
108624
108625
108626
108627
108628
108629
108630
108631
108632
108633
108634
108635
108636
108637
108638
108639
108640
108641
108642
108643
108644
108645
108646
108647
108651
108652
108653
108654
108655
108656
108657
108658
108659
108660
108661
108662
108663
108664
108665
108666
108667
108668
108669
108670
108671
108672
108673
108674
108675
108676
108677
108678
108679
108680
108681
108682
108686
108687
108688
108689
108690
108691
108692
108693
108694
108695
108696
108697
108698
108699
108700
108701
108702
108703
108704
108705
108706
108707
108708
108709
108710
108711
108712
108713
108714
108715
108716
108717
108721
108722
108723
108724
108725
108726
108727
108728
108729
108730
108731
108732
108733
108734
108735
108736
108737
108738
108739
108740
108741
108742
108743
108744
108745
108746
108747
108748
108749
108750
108751
108752
108756
108757
108758
108759
108760
108761
108762
108763
108764
108765
108766
108767
108768
108769
108770
108771
108772
108773
108774
108775
108776
108777
108778
108779
108780
108781
108782
108783
108784
108785
108786
108787
108791
108792
108793
108794
108795
108796
108797
108798
108799
108800
108801
108802
108803
108804
108805
108806
108807
108808
108809
108810
108811
108812
108813
108814
108815
108816
108817
108818
108819
108820
108821
108822
108826
108827
108828
108829
108830
108831
108832
108833
108834
108835
108836
108837
108838
108839
108840
108841
108842
108843
108844
108845
108846
108847
108848
108849
108850
108851
108852
108853
108854
108855
108856
108857
108861
108862
108863
108864
108865
108866
108867
108868
108869
108870
108871
108872
108873
108874
108875
108876
108877
108878
108879
108880
108881
108882
108883
108884
108885
108886
108887
108888
108889
108890
108891
108892
108896
108897
108898
108899
108900
108901
108902
108903
108904
108905
108906
108907
108908
108909
108910
108911
108912
108913
108914
108915
108916
108917
108918
108919
108920
108921
108922
108923
108924
108925
108926
108927
108931
108933
108934
108936
108937
108939
108940
108942
108943
108945
108946
108948
108949
108951
108952
108954
108955
108957
108958
108960
108962
109304
109305
109306
109307
109308
109309
109310
109311
109312
109313
109314
109315
109316
109317
109318
109319
109320
109321
109322
109323
109324
109325
109326
109327
109328
109329
109330
109331
109332
109333
109334
109335
109338
109339
109340
109341
109342
109343
109344
109345
109346
109347
109348
109349
109350
109351
109352
109353
109354
109355
109356
109357
109358
109361
109362
109363
109364
109365
109366
109367
109368
109369
109370
109371
109372
109373
109374
109375
109376
109377
109378
109379
109380
109381
109384
109385
109386
109387
109388
109389
109390
109391
109392
109393
109394
109395
109396
109397
109398
109399
109400
109401
109402
109403
109404
109407
109408
109409
109410
109411
109412
109413
109414
109415
109416
109417
109418
109419
109420
109421
109422
109423
109424
109425
109426
109427
109430
109431
109432
109433
109434
109435
109436
109437
109438
109439
109440
109441
109442
109443
109444
109445
109446
109447
109448
109449
109450
109453
109454
109455
109456
109457
109458
109459
109460
109461
109462
109463
109464
109465
109466
109467
109468
109469
109470
109471
109472
109473
109476
109477
109478
109479
109480
109481
109482
109483
109484
109485
109486
109487
109488
109489
109490
109491
109492
109493
109494
109495
109496
109499
109500
109501
109502
109503
109504
109505
109506
109507
109508
109509
109510
109511
109512
109513
109514
109515
109516
109517
109518
109519
109522
109524
109526
109528
109530
109532
109534
109536
109538
109540
114248
114636
114637
114638
114639
114640
114641
114642
114643
114644
114645
114646
114647
114648
114649
114650
114651
114652
114653
114654
114655
114656
115044
115045
115046
115047
115048
115049
115050
115051
115052
115053
115054
115055
115056
115057
115058
115059
115060
115061
115062
115063
115064
115452
115453
115454
115455
115456
115457
115458
115459
115460
115461
115462
115463
115464
115465
115466
115467
115468
115469
115470
115471
115472
115860
115861
115862
115863
115864
115865
115866
115867
115868
115869
115870
115871
115872
115873
115874
115875
115876
115877
115878
115879
115880
116268
116269
116270
116271
116272
116273
116274
116275
116276
116277
116278
116279
116280
116281
116282
116283
116284
116285
116286
116287
116288
116676
116677
116678
116679
116680
116681
116682
116683
116684
116685
116686
116687
116688
116689
116690
116691
116692
116693
116694
116695
116696
117084
117085
117086
117087
117088
117089
117090
117091
117092
117093
117094
117095
117096
117097
117098
117099
117100
117101
117102
117103
117104
117492
117493
117494
117495
117496
117497
117498
117499
117500
117501
117502
117503
117504
117505
117506
117507
117508
117509
117510
117511
117512
117900
117901
117902
117903
117904
117905
117906
117907
117908
117909
117910
117911
117912
117913
117914
117915
117916
117917
117918
117919
117920
118175
118176
118177
118178
118179
118180
118181
118182
118183
118184
121088
121100
121112
121124
121136
121148
121160
121172
121184
121196
121208
121409
121410
121411
121412
121413
121414
121415
121416
121417
121418
121429
121430
121431
121432
121433
121434
121435
121436
121437
121438
121449
121450
121451
121452
121453
121454
121455
121456
121457
121458
121469
121470
121471
121472
121473
121474
121475
121476
121477
121478
121489
121490
121491
121492
121493
121494
121495
121496
121497
121498
121509
121510
121511
121512
121513
121514
121515
121516
121517
121518
121529
121530
121531
121532
121533
121534
121535
121536
121537
121538
121549
121550
121551
121552
121553
121554
121555
121556
121557
121558
121569
121570
121571
121572
121573
121574
121575
121576
121577
121578
121589
121590
121591
121592
121593
121594
121595
121596
121597
121598
121609
121610
121611
121612
121613
121614
121615
121616
121617
121618
124224
124236
124248
124260
124272
124284
124296
124308
124320
124332
124344
125005
125006
125007
125008
125009
125010
125011
125012
125013
125014
125025
125026
125027
125028
125029
125030
125031
125032
125033
125034
125045
125046
125047
125048
125049
125050
125051
125052
125053
125054
125065
125066
125067
125068
125069
125070
125071
125072
125073
125074
125085
125086
125087
125088
125089
125090
125091
125092
125093
125094
125105
125106
125107
125108
125109
125110
125111
125112
125113
125114
125125
125126
125127
125128
125129
125130
125131
125132
125133
125134
125145
125146
125147
125148
125149
125150
125151
125152
125153
125154
125165
125166
125167
125168
125169
125170
125171
125172
125173
125174
125185
125186
125187
125188
125189
125190
125191
125192
125193
125194
125205
125206
125207
125208
125209
125210
125211
125212
125213
125214
-101643
-101646
-101677
-101680
-101682
-101709
-101712
-101715
-101717
-101741
-101744
-101747
-101750
-101752
-101773
-101776
-101779
-101782
-101785
-101787
-101808
-101811
-101814
-101817
-101820
-101822
-101840
-101843
-101846
-101849
-101852
-101855
-101857
-101872
-101875
-101878
-101881
-101884
-101887
-101890
-101892
-101904
-101907
-101910
-101913
-101916
-101919
-101922
-101925
-101927
-101936
-101939
-101942
-101945
-101948
-101951
-101954
-101957
-101960
-101962
-102307
-102311
-102315
-102319
-102323
-102327
-102331
-102335
-102337
-102338
-102339
102344
-102353
-102356
-102359
-102362
-102365
-102368
-102371
-102372
-102373
-102374
-102388
-102391
-102394
-102397
-102400
-102403
-102404
-102405
-102406
-102423
-102426
-102429
-102432
-102435
-102436
-102437
-102438
-102458
-102461
-102464
-102467
-102468
-102470
-102493
-102496
-102499
-102502
-102503
-102504
-102505
-102528
-102531
-102534
-102535
-102536
-102537
-102563
-102566
-102567
-102568
-102569
-102598
-102599
-102600
-102601
-102631
-102633
-113840
-114229
-114231
-114233
-114235
-114237
-114239
-114241
-114243
-114245
-114246
-114247
102635
102638
102641
102644
102647
102650
102653
102656
102659
-114224
-114603
-114606
-114609
-114612
-114615
-114618
-114621
-114624
-114627
-114630
-114632
-115011
-115014
-115017
-115020
-115023
-115026
-115029
-115032
-115035
-115038
-115040
-115419
-115422
-115425
-115428
-115431
-115434
-115437
-115440
-115443
-115446
-115448
-115827
-115830
-115833
-115836
-115839
-115842
-115845
-115848
-115851
-115854
-115856
-116235
-116238
-116241
-116244
-116247
-116250
-116253
-116256
-116259
-116262
-116264
-116643
-116646
-116649
-116652
-116655
-116658
-116661
-116664
-116667
-116670
-116672
-117051
-117054
-117057
-117060
-117063
-117066
-117069
-117072
-117075
-117078
-117080
-117459
-117462
-117465
-117468
-117471
-117474
-117477
-117480
-117483
-117486
-117488
-117867
-117870
-117873
-117876
-117879
-117882
-117885
-117888
-117891
-117894
-117896
-118154
-118156
-118158
-118160
-118162
-118164
-118166
-118168
-118170
-118172
-118173
-103001
-103048
-103083
-103118
-103153
-103188
-103223
-103258
-103293
-103328
-103701
-103748
-103783
-103818
-103853
-103888
-103923
-103958
-103993
-104028
-104401
-104448
-104483
-104518
-104553
-104588
-104623
-104658
-104693
-104728
-105101
-105148
-105183
-105218
-105253
-105288
-105323
-105358
-105393
-105428
-105801
-105848
-105883
-105918
-105953
-105988
-106023
-106058
-106093
-106128
-106501
-106548
-106583
-106618
-106653
-106688
-106723
-106758
-106793
-106828
-107201
-107248
-107283
-107318
-107353
-107388
-107423
-107458
-107493
-107528
-107901
-107948
-107983
-108018
-108053
-108088
-108123
-108158
-108193
-108228
-108601
-108648
-108683
-108718
-108753
-108788
-108823
-108858
-108893
-108928
-109301
-109336
-109359
-109382
-109405
-109428
-109451
-109474
-109497
-109520
-114634
-115042
-115450
-115858
-116266
-116674
-117082
-117490
-117898
-118174
102661
103332
103335
103338
103341
103344
103347
103350
103353
103356
103359
103361
104032
104035
104038
104041
104044
104047
104050
104053
104056
104059
104061
104732
104735
104738
104741
104744
104747
104750
104753
104756
104759
104761
105432
105435
105438
105441
105444
105447
105450
105453
105456
105459
105461
106132
106135
106138
106141
106144
106147
106150
106153
106156
106159
106161
106832
106835
106838
106841
106844
106847
106850
106853
106856
106859
106861
107532
107535
107538
107541
107544
107547
107550
107553
107556
107559
107561
108232
108235
108238
108241
108244
108247
108250
108253
108256
108259
108261
108932
108935
108938
108941
108944
108947
108950
108953
108956
108959
108961
109523
109525
109527
109529
109531
109533
109535
109537
109539
109541
109542
)


// ************************************************************************* //
