/*--------------------------------*- C++ -*----------------------------------*\
  =========                 |
  \\      /  F ield         | OpenFOAM: The Open Source CFD Toolbox
   \\    /   O peration     | Website:  https://openfoam.org
    \\  /    A nd           | Version:  7
     \\/     M anipulation  |
\*---------------------------------------------------------------------------*/
FoamFile
{
    version     2.0;
    format      ascii;
    class       labelList;
    location    "constant/polyMesh";
    object      cellProcAddressing;
}
// * * * * * * * * * * * * * * * * * * * * * * * * * * * * * * * * * * * * * //


1270
(
11118
11119
11120
11121
11122
11123
11124
11125
11126
11127
11138
11139
11140
11141
11142
11143
11144
11145
11146
11147
11158
11159
11160
11161
11162
11163
11164
11165
11166
11167
11178
11179
11180
11181
11182
11183
11184
11185
11186
11187
11198
11199
11200
11201
11202
11203
11204
11205
11206
11207
11218
11219
11220
11221
11222
11223
11224
11225
11226
11227
11238
11239
11240
11241
11242
11243
11244
11245
11246
11247
11258
11259
11260
11261
11262
11263
11264
11265
11266
11267
11278
11279
11280
11281
11282
11283
11284
11285
11286
11287
11298
11299
11300
11301
11302
11303
11304
11305
11306
11307
11318
11319
11320
11321
11322
11323
11324
11325
11326
11327
11358
11359
11360
11361
11362
11363
11364
11365
11366
11367
11378
11379
11380
11381
11382
11383
11384
11385
11386
11387
11398
11399
11400
11401
11402
11403
11404
11405
11406
11407
11418
11419
11420
11421
11422
11423
11424
11425
11426
11427
11438
11439
11440
11441
11442
11443
11444
11445
11446
11447
11458
11459
11460
11461
11462
11463
11464
11465
11466
11467
11478
11479
11480
11481
11482
11483
11484
11485
11486
11487
11498
11499
11500
11501
11502
11503
11504
11505
11506
11507
11518
11519
11520
11521
11522
11523
11524
11525
11526
11527
11538
11539
11540
11541
11542
11543
11544
11545
11546
11547
11558
11559
11560
11561
11562
11563
11564
11565
11566
11567
11598
11599
11600
11601
11602
11603
11604
11605
11606
11607
11618
11619
11620
11621
11622
11623
11624
11625
11626
11627
11638
11639
11640
11641
11642
11643
11644
11645
11646
11647
11658
11659
11660
11661
11662
11663
11664
11665
11666
11667
11678
11679
11680
11681
11682
11683
11684
11685
11686
11687
11698
11699
11700
11701
11702
11703
11704
11705
11706
11707
11718
11719
11720
11721
11722
11723
11724
11725
11726
11727
11738
11739
11740
11741
11742
11743
11744
11745
11746
11747
11758
11759
11760
11761
11762
11763
11764
11765
11766
11767
11778
11779
11780
11781
11782
11783
11784
11785
11786
11787
11798
11799
11800
11801
11802
11803
11804
11805
11806
11807
11838
11839
11840
11841
11842
11843
11844
11845
11846
11847
11858
11859
11860
11861
11862
11863
11864
11865
11866
11867
11878
11879
11880
11881
11882
11883
11884
11885
11886
11887
11898
11899
11900
11901
11902
11903
11904
11905
11906
11907
11918
11919
11920
11921
11922
11923
11924
11925
11926
11927
11938
11939
11940
11941
11942
11943
11944
11945
11946
11947
11958
11959
11960
11961
11962
11963
11964
11965
11966
11967
11978
11979
11980
11981
11982
11983
11984
11985
11986
11987
11998
11999
12000
12001
12002
12003
12004
12005
12006
12007
12018
12019
12020
12021
12022
12023
12024
12025
12026
12027
12038
12039
12040
12041
12042
12043
12044
12045
12046
12047
12078
12079
12080
12081
12082
12083
12084
12085
12086
12087
12098
12099
12100
12101
12102
12103
12104
12105
12106
12107
12118
12119
12120
12121
12122
12123
12124
12125
12126
12127
12138
12139
12140
12141
12142
12143
12144
12145
12146
12147
12158
12159
12160
12161
12162
12163
12164
12165
12166
12167
12178
12179
12180
12181
12182
12183
12184
12185
12186
12187
12198
12199
12200
12201
12202
12203
12204
12205
12206
12207
12218
12219
12220
12221
12222
12223
12224
12225
12226
12227
12238
12239
12240
12241
12242
12243
12244
12245
12246
12247
12258
12259
12260
12261
12262
12263
12264
12265
12266
12267
12278
12279
12280
12281
12282
12283
12284
12285
12286
12287
12318
12319
12320
12321
12322
12323
12324
12325
12326
12327
12338
12339
12340
12341
12342
12343
12344
12345
12346
12347
12358
12359
12360
12361
12362
12363
12364
12365
12366
12367
12378
12379
12380
12381
12382
12383
12384
12385
12386
12387
12398
12399
12400
12401
12402
12403
12404
12405
12406
12407
12418
12419
12420
12421
12422
12423
12424
12425
12426
12427
12438
12439
12440
12441
12442
12443
12444
12445
12446
12447
12458
12459
12460
12461
12462
12463
12464
12465
12466
12467
12478
12479
12480
12481
12482
12483
12484
12485
12486
12487
12498
12499
12500
12501
12502
12503
12504
12505
12506
12507
12518
12519
12520
12521
12522
12523
12524
12525
12526
12527
12558
12559
12560
12561
12562
12563
12564
12565
12566
12567
12578
12579
12580
12581
12582
12583
12584
12585
12586
12587
12598
12599
12600
12601
12602
12603
12604
12605
12606
12607
12618
12619
12620
12621
12622
12623
12624
12625
12626
12627
12638
12639
12640
12641
12642
12643
12644
12645
12646
12647
12658
12659
12660
12661
12662
12663
12664
12665
12666
12667
12678
12679
12680
12681
12682
12683
12684
12685
12686
12687
12698
12699
12700
12701
12702
12703
12704
12705
12706
12707
12718
12719
12720
12721
12722
12723
12724
12725
12726
12727
12738
12739
12740
12741
12742
12743
12744
12745
12746
12747
12758
12759
12760
12761
12762
12763
12764
12765
12766
12767
12798
12799
12800
12801
12802
12803
12804
12805
12806
12807
12818
12819
12820
12821
12822
12823
12824
12825
12826
12827
12838
12839
12840
12841
12842
12843
12844
12845
12846
12847
12858
12859
12860
12861
12862
12863
12864
12865
12866
12867
12878
12879
12880
12881
12882
12883
12884
12885
12886
12887
12898
12899
12900
12901
12902
12903
12904
12905
12906
12907
12918
12919
12920
12921
12922
12923
12924
12925
12926
12927
12938
12939
12940
12941
12942
12943
12944
12945
12946
12947
12958
12959
12960
12961
12962
12963
12964
12965
12966
12967
12978
12979
12980
12981
12982
12983
12984
12985
12986
12987
12998
12999
13000
13001
13002
13003
13004
13005
13006
13007
13038
13039
13040
13041
13042
13043
13044
13045
13046
13047
13058
13059
13060
13061
13062
13063
13064
13065
13066
13067
13078
13079
13080
13081
13082
13083
13084
13085
13086
13087
13098
13099
13100
13101
13102
13103
13104
13105
13106
13107
13118
13119
13120
13121
13122
13123
13124
13125
13126
13127
13138
13139
13140
13141
13142
13143
13144
13145
13146
13147
13158
13159
13160
13161
13162
13163
13164
13165
13166
13167
13178
13179
13180
13181
13182
13183
13184
13185
13186
13187
13198
13199
13200
13201
13202
13203
13204
13205
13206
13207
13218
13219
13220
13221
13222
13223
13224
13225
13226
13227
13238
13239
13240
13241
13242
13243
13244
13245
13246
13247
13278
13279
13280
13281
13282
13283
13284
13285
13286
13287
13298
13299
13300
13301
13302
13303
13304
13305
13306
13307
13318
13319
13320
13321
13322
13323
13324
13325
13326
13327
13338
13339
13340
13341
13342
13343
13344
13345
13346
13347
13358
13359
13360
13361
13362
13363
13364
13365
13366
13367
13378
13379
13380
13381
13382
13383
13384
13385
13386
13387
13398
13399
13400
13401
13402
13403
13404
13405
13406
13407
13418
13419
13420
13421
13422
13423
13424
13425
13426
13427
13438
13439
13440
13441
13442
13443
13444
13445
13446
13447
13458
13459
13460
13461
13462
13463
13464
13465
13466
13467
13478
13479
13480
13481
13482
13483
13484
13485
13486
13487
13518
13519
13520
13521
13522
13523
13524
13525
13526
13527
13538
13539
13540
13541
13542
13543
13544
13545
13546
13547
13558
13559
13560
13561
13562
13563
13564
13565
13566
13578
13579
13580
13581
13582
13583
13584
13585
13598
13599
13600
13601
13602
13603
13604
13618
13619
13620
13621
13622
13638
13639
13640
13641
13658
13659
13660
13678
13679
13698
29580
29592
29604
29616
29628
29640
29652
29664
29676
29688
29700
29724
29736
29748
29760
29772
29784
29796
29808
29820
29832
29844
29868
29880
29892
29904
29916
29928
29940
29952
29964
29976
29988
30012
30024
30036
30048
30060
30072
30084
30096
30108
30120
30132
30156
30168
30180
30192
30204
30216
30228
30240
30252
30264
30276
30300
30312
30324
30336
30348
30360
30372
30384
30396
30408
30420
30444
30456
30468
30480
30492
30504
30516
30528
30540
30552
30564
30588
30600
30612
30624
30636
30648
30660
30672
30684
30696
30708
30732
30744
30756
30768
30780
30792
30804
30816
30828
30840
30852
30876
30888
30900
30912
30924
30936
30948
30960
30972
30984
30996
31020
)


// ************************************************************************* //
