/*--------------------------------*- C++ -*----------------------------------*\
  =========                 |
  \\      /  F ield         | OpenFOAM: The Open Source CFD Toolbox
   \\    /   O peration     | Website:  https://openfoam.org
    \\  /    A nd           | Version:  7
     \\/     M anipulation  |
\*---------------------------------------------------------------------------*/
FoamFile
{
    version     2.0;
    format      ascii;
    class       labelList;
    location    "constant/polyMesh";
    object      pointProcAddressing;
}
// * * * * * * * * * * * * * * * * * * * * * * * * * * * * * * * * * * * * * //


1666
(
12899
12900
12901
12902
12903
12904
12905
12906
12907
12908
12909
12919
12920
12921
12922
12923
12924
12925
12926
12927
12928
12929
12939
12940
12941
12942
12943
12944
12945
12946
12947
12948
12949
12959
12960
12961
12962
12963
12964
12965
12966
12967
12968
12969
12979
12980
12981
12982
12983
12984
12985
12986
12987
12988
12989
12999
13000
13001
13002
13003
13004
13005
13006
13007
13008
13009
13019
13020
13021
13022
13023
13024
13025
13026
13027
13028
13029
13039
13040
13041
13042
13043
13044
13045
13046
13047
13048
13049
13059
13060
13061
13062
13063
13064
13065
13066
13067
13068
13069
13079
13080
13081
13082
13083
13084
13085
13086
13087
13088
13089
13099
13100
13101
13102
13103
13104
13105
13106
13107
13108
13109
13119
13120
13121
13122
13123
13124
13125
13126
13127
13128
13129
13159
13160
13161
13162
13163
13164
13165
13166
13167
13168
13169
13179
13180
13181
13182
13183
13184
13185
13186
13187
13188
13189
13199
13200
13201
13202
13203
13204
13205
13206
13207
13208
13209
13219
13220
13221
13222
13223
13224
13225
13226
13227
13228
13229
13239
13240
13241
13242
13243
13244
13245
13246
13247
13248
13249
13259
13260
13261
13262
13263
13264
13265
13266
13267
13268
13269
13279
13280
13281
13282
13283
13284
13285
13286
13287
13288
13289
13299
13300
13301
13302
13303
13304
13305
13306
13307
13308
13309
13319
13320
13321
13322
13323
13324
13325
13326
13327
13328
13329
13339
13340
13341
13342
13343
13344
13345
13346
13347
13348
13349
13359
13360
13361
13362
13363
13364
13365
13366
13367
13368
13369
13379
13380
13381
13382
13383
13384
13385
13386
13387
13388
13389
13419
13420
13421
13422
13423
13424
13425
13426
13427
13428
13429
13439
13440
13441
13442
13443
13444
13445
13446
13447
13448
13449
13459
13460
13461
13462
13463
13464
13465
13466
13467
13468
13469
13479
13480
13481
13482
13483
13484
13485
13486
13487
13488
13489
13499
13500
13501
13502
13503
13504
13505
13506
13507
13508
13509
13519
13520
13521
13522
13523
13524
13525
13526
13527
13528
13529
13539
13540
13541
13542
13543
13544
13545
13546
13547
13548
13549
13559
13560
13561
13562
13563
13564
13565
13566
13567
13568
13569
13579
13580
13581
13582
13583
13584
13585
13586
13587
13588
13589
13599
13600
13601
13602
13603
13604
13605
13606
13607
13608
13609
13619
13620
13621
13622
13623
13624
13625
13626
13627
13628
13629
13639
13640
13641
13642
13643
13644
13645
13646
13647
13648
13649
13679
13680
13681
13682
13683
13684
13685
13686
13687
13688
13689
13699
13700
13701
13702
13703
13704
13705
13706
13707
13708
13709
13719
13720
13721
13722
13723
13724
13725
13726
13727
13728
13729
13739
13740
13741
13742
13743
13744
13745
13746
13747
13748
13749
13759
13760
13761
13762
13763
13764
13765
13766
13767
13768
13769
13779
13780
13781
13782
13783
13784
13785
13786
13787
13788
13789
13799
13800
13801
13802
13803
13804
13805
13806
13807
13808
13809
13819
13820
13821
13822
13823
13824
13825
13826
13827
13828
13829
13839
13840
13841
13842
13843
13844
13845
13846
13847
13848
13849
13859
13860
13861
13862
13863
13864
13865
13866
13867
13868
13869
13879
13880
13881
13882
13883
13884
13885
13886
13887
13888
13889
13899
13900
13901
13902
13903
13904
13905
13906
13907
13908
13909
13939
13940
13941
13942
13943
13944
13945
13946
13947
13948
13949
13959
13960
13961
13962
13963
13964
13965
13966
13967
13968
13969
13979
13980
13981
13982
13983
13984
13985
13986
13987
13988
13989
13999
14000
14001
14002
14003
14004
14005
14006
14007
14008
14009
14019
14020
14021
14022
14023
14024
14025
14026
14027
14028
14029
14039
14040
14041
14042
14043
14044
14045
14046
14047
14048
14049
14059
14060
14061
14062
14063
14064
14065
14066
14067
14068
14069
14079
14080
14081
14082
14083
14084
14085
14086
14087
14088
14089
14099
14100
14101
14102
14103
14104
14105
14106
14107
14108
14109
14119
14120
14121
14122
14123
14124
14125
14126
14127
14128
14129
14139
14140
14141
14142
14143
14144
14145
14146
14147
14148
14149
14159
14160
14161
14162
14163
14164
14165
14166
14167
14168
14169
14199
14200
14201
14202
14203
14204
14205
14206
14207
14208
14209
14219
14220
14221
14222
14223
14224
14225
14226
14227
14228
14229
14239
14240
14241
14242
14243
14244
14245
14246
14247
14248
14249
14259
14260
14261
14262
14263
14264
14265
14266
14267
14268
14269
14279
14280
14281
14282
14283
14284
14285
14286
14287
14288
14289
14299
14300
14301
14302
14303
14304
14305
14306
14307
14308
14309
14319
14320
14321
14322
14323
14324
14325
14326
14327
14328
14329
14339
14340
14341
14342
14343
14344
14345
14346
14347
14348
14349
14359
14360
14361
14362
14363
14364
14365
14366
14367
14368
14369
14379
14380
14381
14382
14383
14384
14385
14386
14387
14388
14389
14399
14400
14401
14402
14403
14404
14405
14406
14407
14408
14409
14419
14420
14421
14422
14423
14424
14425
14426
14427
14428
14429
14459
14460
14461
14462
14463
14464
14465
14466
14467
14468
14469
14479
14480
14481
14482
14483
14484
14485
14486
14487
14488
14489
14499
14500
14501
14502
14503
14504
14505
14506
14507
14508
14509
14519
14520
14521
14522
14523
14524
14525
14526
14527
14528
14529
14539
14540
14541
14542
14543
14544
14545
14546
14547
14548
14549
14559
14560
14561
14562
14563
14564
14565
14566
14567
14568
14569
14579
14580
14581
14582
14583
14584
14585
14586
14587
14588
14589
14599
14600
14601
14602
14603
14604
14605
14606
14607
14608
14609
14619
14620
14621
14622
14623
14624
14625
14626
14627
14628
14629
14639
14640
14641
14642
14643
14644
14645
14646
14647
14648
14649
14659
14660
14661
14662
14663
14664
14665
14666
14667
14668
14669
14679
14680
14681
14682
14683
14684
14685
14686
14687
14688
14689
14719
14720
14721
14722
14723
14724
14725
14726
14727
14728
14729
14739
14740
14741
14742
14743
14744
14745
14746
14747
14748
14749
14759
14760
14761
14762
14763
14764
14765
14766
14767
14768
14769
14779
14780
14781
14782
14783
14784
14785
14786
14787
14788
14789
14799
14800
14801
14802
14803
14804
14805
14806
14807
14808
14809
14819
14820
14821
14822
14823
14824
14825
14826
14827
14828
14829
14839
14840
14841
14842
14843
14844
14845
14846
14847
14848
14849
14859
14860
14861
14862
14863
14864
14865
14866
14867
14868
14869
14879
14880
14881
14882
14883
14884
14885
14886
14887
14888
14889
14899
14900
14901
14902
14903
14904
14905
14906
14907
14908
14909
14919
14920
14921
14922
14923
14924
14925
14926
14927
14928
14929
14939
14940
14941
14942
14943
14944
14945
14946
14947
14948
14949
14979
14980
14981
14982
14983
14984
14985
14986
14987
14988
14989
14999
15000
15001
15002
15003
15004
15005
15006
15007
15008
15009
15019
15020
15021
15022
15023
15024
15025
15026
15027
15028
15029
15039
15040
15041
15042
15043
15044
15045
15046
15047
15048
15049
15059
15060
15061
15062
15063
15064
15065
15066
15067
15068
15069
15079
15080
15081
15082
15083
15084
15085
15086
15087
15088
15089
15099
15100
15101
15102
15103
15104
15105
15106
15107
15108
15109
15119
15120
15121
15122
15123
15124
15125
15126
15127
15128
15129
15139
15140
15141
15142
15143
15144
15145
15146
15147
15148
15149
15159
15160
15161
15162
15163
15164
15165
15166
15167
15168
15169
15179
15180
15181
15182
15183
15184
15185
15186
15187
15188
15189
15199
15200
15201
15202
15203
15204
15205
15206
15207
15208
15209
15239
15240
15241
15242
15243
15244
15245
15246
15247
15248
15249
15259
15260
15261
15262
15263
15264
15265
15266
15267
15268
15269
15279
15280
15281
15282
15283
15284
15285
15286
15287
15288
15289
15299
15300
15301
15302
15303
15304
15305
15306
15307
15308
15309
15319
15320
15321
15322
15323
15324
15325
15326
15327
15328
15329
15339
15340
15341
15342
15343
15344
15345
15346
15347
15348
15349
15359
15360
15361
15362
15363
15364
15365
15366
15367
15368
15369
15379
15380
15381
15382
15383
15384
15385
15386
15387
15388
15389
15399
15400
15401
15402
15403
15404
15405
15406
15407
15408
15409
15419
15420
15421
15422
15423
15424
15425
15426
15427
15428
15429
15439
15440
15441
15442
15443
15444
15445
15446
15447
15448
15449
15459
15460
15461
15462
15463
15464
15465
15466
15467
15468
15469
15499
15500
15501
15502
15503
15504
15505
15506
15507
15508
15509
15519
15520
15521
15522
15523
15524
15525
15526
15527
15528
15529
15539
15540
15541
15542
15543
15544
15545
15546
15547
15548
15549
15559
15560
15561
15562
15563
15564
15565
15566
15567
15568
15569
15579
15580
15581
15582
15583
15584
15585
15586
15587
15588
15589
15599
15600
15601
15602
15603
15604
15605
15606
15607
15608
15609
15619
15620
15621
15622
15623
15624
15625
15626
15627
15628
15629
15639
15640
15641
15642
15643
15644
15645
15646
15647
15648
15649
15659
15660
15661
15662
15663
15664
15665
15666
15667
15668
15669
15679
15680
15681
15682
15683
15684
15685
15686
15687
15688
15689
15699
15700
15701
15702
15703
15704
15705
15706
15707
15708
15709
15719
15720
15721
15722
15723
15724
15725
15726
15727
15728
15729
15759
15760
15761
15762
15763
15764
15765
15766
15767
15768
15769
15779
15780
15781
15782
15783
15784
15785
15786
15787
15788
15789
15799
15800
15801
15802
15803
15804
15805
15806
15807
15808
15809
15819
15820
15821
15822
15823
15824
15825
15826
15827
15828
15839
15840
15841
15842
15843
15844
15845
15846
15847
15859
15860
15861
15862
15863
15864
15865
15866
15879
15880
15881
15882
15883
15884
15899
15900
15901
15902
15903
15919
15920
15921
15922
15939
15940
15941
15959
15960
32682
32694
32706
32718
32730
32742
32754
32766
32778
32790
32802
32814
32838
32850
32862
32874
32886
32898
32910
32922
32934
32946
32958
32970
32994
33006
33018
33030
33042
33054
33066
33078
33090
33102
33114
33126
33150
33162
33174
33186
33198
33210
33222
33234
33246
33258
33270
33282
33306
33318
33330
33342
33354
33366
33378
33390
33402
33414
33426
33438
33462
33474
33486
33498
33510
33522
33534
33546
33558
33570
33582
33594
33618
33630
33642
33654
33666
33678
33690
33702
33714
33726
33738
33750
33774
33786
33798
33810
33822
33834
33846
33858
33870
33882
33894
33906
33930
33942
33954
33966
33978
33990
34002
34014
34026
34038
34050
34062
34086
34098
34110
34122
34134
34146
34158
34170
34182
34194
34206
34218
34242
34254
34266
34278
34290
34302
34314
34326
34338
34350
34362
34374
34398
34410
)


// ************************************************************************* //
