/*--------------------------------*- C++ -*----------------------------------*\
  =========                 |
  \\      /  F ield         | OpenFOAM: The Open Source CFD Toolbox
   \\    /   O peration     | Website:  https://openfoam.org
    \\  /    A nd           | Version:  7
     \\/     M anipulation  |
\*---------------------------------------------------------------------------*/
FoamFile
{
    version     2.0;
    format      ascii;
    class       labelList;
    location    "constant/polyMesh";
    object      cellProcAddressing;
}
// * * * * * * * * * * * * * * * * * * * * * * * * * * * * * * * * * * * * * //


1271
(
39083
39094
39095
39105
39106
39107
39116
39117
39118
39119
39127
39128
39129
39130
39131
39138
39139
39140
39141
39142
39143
39150
39151
39152
39153
39154
39155
39161
39162
39163
39164
39165
39166
39167
39172
39173
39174
39175
39176
39177
39178
39179
39183
39184
39185
39186
39187
39188
39189
39190
39191
39194
39195
39196
39197
39198
39199
39200
39201
39202
39203
39217
39218
39219
39220
39221
39222
39223
39224
39225
39226
39227
39229
39230
39231
39232
39233
39234
39235
39236
39237
39238
39239
39241
39242
39243
39244
39245
39246
39247
39248
39249
39250
39251
39253
39254
39255
39256
39257
39258
39259
39260
39261
39262
39263
39265
39266
39267
39268
39269
39270
39271
39272
39273
39274
39275
39277
39278
39279
39280
39281
39282
39283
39284
39285
39286
39287
39289
39290
39291
39292
39293
39294
39295
39296
39297
39298
39299
39301
39302
39303
39304
39305
39306
39307
39308
39309
39310
39311
39313
39314
39315
39316
39317
39318
39319
39320
39321
39322
39323
39325
39326
39327
39328
39329
39330
39331
39332
39333
39334
39335
39337
39338
39339
39340
39341
39342
39343
39344
39345
39346
39347
39361
39362
39363
39364
39365
39366
39367
39368
39369
39370
39371
39373
39374
39375
39376
39377
39378
39379
39380
39381
39382
39383
39385
39386
39387
39388
39389
39390
39391
39392
39393
39394
39395
39397
39398
39399
39400
39401
39402
39403
39404
39405
39406
39407
39409
39410
39411
39412
39413
39414
39415
39416
39417
39418
39419
39421
39422
39423
39424
39425
39426
39427
39428
39429
39430
39431
39433
39434
39435
39436
39437
39438
39439
39440
39441
39442
39443
39445
39446
39447
39448
39449
39450
39451
39452
39453
39454
39455
39457
39458
39459
39460
39461
39462
39463
39464
39465
39466
39467
39469
39470
39471
39472
39473
39474
39475
39476
39477
39478
39479
39481
39482
39483
39484
39485
39486
39487
39488
39489
39490
39491
39505
39506
39507
39508
39509
39510
39511
39512
39513
39514
39515
39517
39518
39519
39520
39521
39522
39523
39524
39525
39526
39527
39529
39530
39531
39532
39533
39534
39535
39536
39537
39538
39539
39541
39542
39543
39544
39545
39546
39547
39548
39549
39550
39551
39553
39554
39555
39556
39557
39558
39559
39560
39561
39562
39563
39565
39566
39567
39568
39569
39570
39571
39572
39573
39574
39575
39577
39578
39579
39580
39581
39582
39583
39584
39585
39586
39587
39589
39590
39591
39592
39593
39594
39595
39596
39597
39598
39599
39601
39602
39603
39604
39605
39606
39607
39608
39609
39610
39611
39613
39614
39615
39616
39617
39618
39619
39620
39621
39622
39623
39625
39626
39627
39628
39629
39630
39631
39632
39633
39634
39635
39649
39650
39651
39652
39653
39654
39655
39656
39657
39658
39659
39661
39662
39663
39664
39665
39666
39667
39668
39669
39670
39671
39673
39674
39675
39676
39677
39678
39679
39680
39681
39682
39683
39685
39686
39687
39688
39689
39690
39691
39692
39693
39694
39695
39697
39698
39699
39700
39701
39702
39703
39704
39705
39706
39707
39709
39710
39711
39712
39713
39714
39715
39716
39717
39718
39719
39721
39722
39723
39724
39725
39726
39727
39728
39729
39730
39731
39733
39734
39735
39736
39737
39738
39739
39740
39741
39742
39743
39745
39746
39747
39748
39749
39750
39751
39752
39753
39754
39755
39757
39758
39759
39760
39761
39762
39763
39764
39765
39766
39767
39769
39770
39771
39772
39773
39774
39775
39776
39777
39778
39779
39793
39794
39795
39796
39797
39798
39799
39800
39801
39802
39803
39805
39806
39807
39808
39809
39810
39811
39812
39813
39814
39815
39817
39818
39819
39820
39821
39822
39823
39824
39825
39826
39827
39829
39830
39831
39832
39833
39834
39835
39836
39837
39838
39839
39841
39842
39843
39844
39845
39846
39847
39848
39849
39850
39851
39853
39854
39855
39856
39857
39858
39859
39860
39861
39862
39863
39865
39866
39867
39868
39869
39870
39871
39872
39873
39874
39875
39877
39878
39879
39880
39881
39882
39883
39884
39885
39886
39887
39889
39890
39891
39892
39893
39894
39895
39896
39897
39898
39899
39901
39902
39903
39904
39905
39906
39907
39908
39909
39910
39911
39913
39914
39915
39916
39917
39918
39919
39920
39921
39922
39923
39937
39938
39939
39940
39941
39942
39943
39944
39945
39946
39947
39949
39950
39951
39952
39953
39954
39955
39956
39957
39958
39959
39961
39962
39963
39964
39965
39966
39967
39968
39969
39970
39971
39973
39974
39975
39976
39977
39978
39979
39980
39981
39982
39983
39985
39986
39987
39988
39989
39990
39991
39992
39993
39994
39995
39997
39998
39999
40000
40001
40002
40003
40004
40005
40006
40007
40009
40010
40011
40012
40013
40014
40015
40016
40017
40018
40019
40021
40022
40023
40024
40025
40026
40027
40028
40029
40030
40031
40033
40034
40035
40036
40037
40038
40039
40040
40041
40042
40043
40045
40046
40047
40048
40049
40050
40051
40052
40053
40054
40055
40057
40058
40059
40060
40061
40062
40063
40064
40065
40066
40067
40081
40082
40083
40084
40085
40086
40087
40088
40089
40090
40091
40093
40094
40095
40096
40097
40098
40099
40100
40101
40102
40103
40105
40106
40107
40108
40109
40110
40111
40112
40113
40114
40115
40117
40118
40119
40120
40121
40122
40123
40124
40125
40126
40127
40129
40130
40131
40132
40133
40134
40135
40136
40137
40138
40139
40141
40142
40143
40144
40145
40146
40147
40148
40149
40150
40151
40153
40154
40155
40156
40157
40158
40159
40160
40161
40162
40163
40165
40166
40167
40168
40169
40170
40171
40172
40173
40174
40175
40177
40178
40179
40180
40181
40182
40183
40184
40185
40186
40187
40189
40190
40191
40192
40193
40194
40195
40196
40197
40198
40199
40201
40202
40203
40204
40205
40206
40207
40208
40209
40210
40211
40225
40226
40227
40228
40229
40230
40231
40232
40233
40234
40235
40237
40238
40239
40240
40241
40242
40243
40244
40245
40246
40247
40249
40250
40251
40252
40253
40254
40255
40256
40257
40258
40259
40261
40262
40263
40264
40265
40266
40267
40268
40269
40270
40271
40273
40274
40275
40276
40277
40278
40279
40280
40281
40282
40283
40285
40286
40287
40288
40289
40290
40291
40292
40293
40294
40295
40297
40298
40299
40300
40301
40302
40303
40304
40305
40306
40307
40309
40310
40311
40312
40313
40314
40315
40316
40317
40318
40319
40321
40322
40323
40324
40325
40326
40327
40328
40329
40330
40331
40333
40334
40335
40336
40337
40338
40339
40340
40341
40342
40343
40345
40346
40347
40348
40349
40350
40351
40352
40353
40354
40355
40369
40370
40371
40372
40373
40374
40375
40376
40377
40378
40379
40381
40382
40383
40384
40385
40386
40387
40388
40389
40390
40391
40393
40394
40395
40396
40397
40398
40399
40400
40401
40402
40403
40405
40406
40407
40408
40409
40410
40411
40412
40413
40414
40415
40417
40418
40419
40420
40421
40422
40423
40424
40425
40426
40427
40429
40430
40431
40432
40433
40434
40435
40436
40437
40438
40439
40441
40442
40443
40444
40445
40446
40447
40448
40449
40450
40451
40453
40454
40455
40456
40457
40458
40459
40460
40461
40462
40463
40465
40466
40467
40468
40469
40470
40471
40472
40473
40474
40475
40477
40478
40479
40480
40481
40482
40483
40484
40485
40486
40487
40489
40490
40491
40492
40493
40494
40495
40496
40497
40498
40499
40513
40514
40515
40516
40517
40518
40519
40520
40521
40522
40523
40525
40526
40527
40528
40529
40530
40531
40532
40533
40534
40535
40537
40538
40539
40540
40541
40542
40543
40544
40545
40546
40547
40549
40550
40551
40552
40553
40554
40555
40556
40557
40558
40559
40561
40562
40563
40564
40565
40566
40567
40568
40569
40570
40571
40573
40574
40575
40576
40577
40578
40579
40580
40581
40582
40583
40585
40586
40587
40588
40589
40590
40591
40592
40593
40594
40595
40597
40598
40599
40600
40601
40602
40603
40604
40605
40606
40607
40609
40610
40611
40612
40613
40614
40615
40616
40617
40618
40619
40621
40622
40623
40624
40625
40626
40627
40628
40629
40630
40631
40633
40634
40635
40636
40637
40638
40639
40640
40641
40642
40643
)


// ************************************************************************* //
