/*--------------------------------*- C++ -*----------------------------------*\
  =========                 |
  \\      /  F ield         | OpenFOAM: The Open Source CFD Toolbox
   \\    /   O peration     | Website:  https://openfoam.org
    \\  /    A nd           | Version:  7
     \\/     M anipulation  |
\*---------------------------------------------------------------------------*/
FoamFile
{
    version     2.0;
    format      ascii;
    class       labelList;
    location    "constant/polyMesh";
    object      cellProcAddressing;
}
// * * * * * * * * * * * * * * * * * * * * * * * * * * * * * * * * * * * * * //


1270
(
32593
32594
32595
32596
32597
32598
32599
32600
32601
32602
32603
32605
32606
32607
32608
32609
32610
32611
32612
32613
32614
32615
32617
32618
32619
32620
32621
32622
32623
32624
32625
32626
32627
32629
32630
32631
32632
32633
32634
32635
32636
32637
32638
32639
32641
32642
32643
32644
32645
32646
32647
32648
32649
32650
32651
32653
32654
32655
32656
32657
32658
32659
32660
32661
32662
32663
32665
32666
32667
32668
32669
32670
32671
32672
32673
32674
32675
32677
32678
32679
32680
32681
32682
32683
32684
32685
32686
32687
32689
32690
32691
32692
32693
32694
32695
32696
32697
32698
32699
32701
32702
32703
32704
32705
32706
32707
32708
32709
32710
32711
32833
32834
32835
32836
32837
32838
32839
32840
32841
32842
32843
32845
32846
32847
32848
32849
32850
32851
32852
32853
32854
32855
32857
32858
32859
32860
32861
32862
32863
32864
32865
32866
32867
32869
32870
32871
32872
32873
32874
32875
32876
32877
32878
32879
32881
32882
32883
32884
32885
32886
32887
32888
32889
32890
32891
32893
32894
32895
32896
32897
32898
32899
32900
32901
32902
32903
32905
32906
32907
32908
32909
32910
32911
32912
32913
32914
32915
32917
32918
32919
32920
32921
32922
32923
32924
32925
32926
32927
32929
32930
32931
32932
32933
32934
32935
32936
32937
32938
32939
32941
32942
32943
32944
32945
32946
32947
32948
32949
32950
32951
33073
33074
33075
33076
33077
33078
33079
33080
33081
33082
33083
33085
33086
33087
33088
33089
33090
33091
33092
33093
33094
33095
33097
33098
33099
33100
33101
33102
33103
33104
33105
33106
33107
33109
33110
33111
33112
33113
33114
33115
33116
33117
33118
33119
33121
33122
33123
33124
33125
33126
33127
33128
33129
33130
33131
33133
33134
33135
33136
33137
33138
33139
33140
33141
33142
33143
33145
33146
33147
33148
33149
33150
33151
33152
33153
33154
33155
33157
33158
33159
33160
33161
33162
33163
33164
33165
33166
33167
33169
33170
33171
33172
33173
33174
33175
33176
33177
33178
33179
33181
33182
33183
33184
33185
33186
33187
33188
33189
33190
33191
33313
33314
33315
33316
33317
33318
33319
33320
33321
33322
33323
33325
33326
33327
33328
33329
33330
33331
33332
33333
33334
33335
33337
33338
33339
33340
33341
33342
33343
33344
33345
33346
33347
33349
33350
33351
33352
33353
33354
33355
33356
33357
33358
33359
33361
33362
33363
33364
33365
33366
33367
33368
33369
33370
33371
33373
33374
33375
33376
33377
33378
33379
33380
33381
33382
33383
33385
33386
33387
33388
33389
33390
33391
33392
33393
33394
33395
33397
33398
33399
33400
33401
33402
33403
33404
33405
33406
33407
33409
33410
33411
33412
33413
33414
33415
33416
33417
33418
33419
33421
33422
33423
33424
33425
33426
33427
33428
33429
33430
33431
33553
33554
33555
33556
33557
33558
33559
33560
33561
33562
33563
33565
33566
33567
33568
33569
33570
33571
33572
33573
33574
33575
33577
33578
33579
33580
33581
33582
33583
33584
33585
33586
33587
33589
33590
33591
33592
33593
33594
33595
33596
33597
33598
33599
33601
33602
33603
33604
33605
33606
33607
33608
33609
33610
33611
33613
33614
33615
33616
33617
33618
33619
33620
33621
33622
33623
33625
33626
33627
33628
33629
33630
33631
33632
33633
33634
33635
33637
33638
33639
33640
33641
33642
33643
33644
33645
33646
33647
33649
33650
33651
33652
33653
33654
33655
33656
33657
33658
33659
33661
33662
33663
33664
33665
33666
33667
33668
33669
33670
33671
33793
33794
33795
33796
33797
33798
33799
33800
33801
33802
33803
33805
33806
33807
33808
33809
33810
33811
33812
33813
33814
33815
33817
33818
33819
33820
33821
33822
33823
33824
33825
33826
33827
33829
33830
33831
33832
33833
33834
33835
33836
33837
33838
33839
33841
33842
33843
33844
33845
33846
33847
33848
33849
33850
33851
33853
33854
33855
33856
33857
33858
33859
33860
33861
33862
33863
33865
33866
33867
33868
33869
33870
33871
33872
33873
33874
33875
33877
33878
33879
33880
33881
33882
33883
33884
33885
33886
33887
33889
33890
33891
33892
33893
33894
33895
33896
33897
33898
33899
33901
33902
33903
33904
33905
33906
33907
33908
33909
33910
33911
34033
34034
34035
34036
34037
34038
34039
34040
34041
34042
34043
34045
34046
34047
34048
34049
34050
34051
34052
34053
34054
34055
34057
34058
34059
34060
34061
34062
34063
34064
34065
34066
34067
34069
34070
34071
34072
34073
34074
34075
34076
34077
34078
34079
34081
34082
34083
34084
34085
34086
34087
34088
34089
34090
34091
34093
34094
34095
34096
34097
34098
34099
34100
34101
34102
34103
34105
34106
34107
34108
34109
34110
34111
34112
34113
34114
34115
34117
34118
34119
34120
34121
34122
34123
34124
34125
34126
34127
34129
34130
34131
34132
34133
34134
34135
34136
34137
34138
34139
34141
34142
34143
34144
34145
34146
34147
34148
34149
34150
34151
34273
34274
34275
34276
34277
34278
34279
34280
34281
34282
34283
34285
34286
34287
34288
34289
34290
34291
34292
34293
34294
34295
34297
34298
34299
34300
34301
34302
34303
34304
34305
34306
34307
34309
34310
34311
34312
34313
34314
34315
34316
34317
34318
34319
34321
34322
34323
34324
34325
34326
34327
34328
34329
34330
34331
34333
34334
34335
34336
34337
34338
34339
34340
34341
34342
34343
34345
34346
34347
34348
34349
34350
34351
34352
34353
34354
34355
34357
34358
34359
34360
34361
34362
34363
34364
34365
34366
34367
34369
34370
34371
34372
34373
34374
34375
34376
34377
34378
34379
34381
34382
34383
34384
34385
34386
34387
34388
34389
34390
34391
34513
34514
34515
34516
34517
34518
34519
34520
34521
34522
34523
34525
34526
34527
34528
34529
34530
34531
34532
34533
34534
34535
34537
34538
34539
34540
34541
34542
34543
34544
34545
34546
34547
34549
34550
34551
34552
34553
34554
34555
34556
34557
34558
34559
34561
34562
34563
34564
34565
34566
34567
34568
34569
34570
34571
34573
34574
34575
34576
34577
34578
34579
34580
34581
34582
34583
34585
34586
34587
34588
34589
34590
34591
34592
34593
34594
34595
34597
34598
34599
34600
34601
34602
34603
34604
34605
34606
34607
34609
34610
34611
34612
34613
34614
34615
34616
34617
34618
34619
34621
34622
34623
34624
34625
34626
34627
34628
34629
34630
34631
34753
34754
34755
34756
34757
34758
34759
34760
34761
34762
34763
34765
34766
34767
34768
34769
34770
34771
34772
34773
34774
34775
34777
34778
34779
34780
34781
34782
34783
34784
34785
34786
34787
34789
34790
34791
34792
34793
34794
34795
34796
34797
34798
34799
34801
34802
34803
34804
34805
34806
34807
34808
34809
34810
34811
34813
34814
34815
34816
34817
34818
34819
34820
34821
34822
34823
34825
34826
34827
34828
34829
34830
34831
34832
34833
34834
34835
34837
34838
34839
34840
34841
34842
34843
34844
34845
34846
34847
34849
34850
34851
34852
34853
34854
34855
34856
34857
34858
34859
34861
34862
34863
34864
34865
34866
34867
34868
34869
34870
34871
34993
34994
34995
34996
34997
34998
34999
35000
35001
35005
35006
35007
35008
35009
35010
35011
35012
35017
35018
35019
35020
35021
35022
35023
35029
35030
35031
35032
35033
35034
35041
35042
35043
35044
35045
35053
35054
35055
35056
35057
35065
35066
35067
35068
35077
35078
35079
35089
35090
35101
37765
37766
37767
37768
37769
37770
37771
37772
37773
37774
37775
37909
37910
37911
37912
37913
37914
37915
37916
37917
37918
37919
38053
38054
38055
38056
38057
38058
38059
38060
38061
38062
38063
38197
38198
38199
38200
38201
38202
38203
38204
38205
38206
38207
38341
38342
38343
38344
38345
38346
38347
38348
38349
38350
38351
38485
38486
38487
38488
38489
38490
38491
38492
38493
38494
38495
38629
38630
38631
38632
38633
38634
38635
38636
38637
38638
38639
38773
38774
38775
38776
38777
38778
38779
38780
38781
38782
38783
38917
38918
38919
38920
38921
38922
38923
38924
38925
38926
38927
39061
39062
39063
39064
39065
39066
39067
39068
39069
39070
39071
39205
39206
39207
39208
39209
39210
39211
39212
39213
39214
)


// ************************************************************************* //
