/*--------------------------------*- C++ -*----------------------------------*\
  =========                 |
  \\      /  F ield         | OpenFOAM: The Open Source CFD Toolbox
   \\    /   O peration     | Website:  https://openfoam.org
    \\  /    A nd           | Version:  7
     \\/     M anipulation  |
\*---------------------------------------------------------------------------*/
FoamFile
{
    version     2.0;
    format      ascii;
    class       labelList;
    location    "constant/polyMesh";
    object      cellProcAddressing;
}
// * * * * * * * * * * * * * * * * * * * * * * * * * * * * * * * * * * * * * //


1270
(
8075
8087
8099
8111
8123
8135
8147
8159
8171
8183
8195
8219
8231
8243
8255
8267
8279
8291
8303
8315
8327
8339
8363
8375
8387
8399
8411
8423
8435
8447
8459
8471
8483
8507
8519
8531
8543
8555
8567
8579
8591
8603
8615
8627
8651
8663
8675
8687
8699
8711
8723
8735
8747
8759
8771
8795
8807
8819
8831
8843
8855
8867
8879
8891
8903
8915
8939
8951
8963
8975
8987
8999
9011
9023
9035
9047
9059
9083
9095
9107
9119
9131
9143
9155
9167
9179
9191
9203
9227
9239
9251
9263
9275
9287
9299
9311
9323
9335
9347
9371
9383
9395
9407
9419
9431
9443
9455
9467
9479
9491
9515
9527
9539
9551
9563
9575
9587
9599
9611
9623
16128
16129
16130
16131
16132
16133
16134
16135
16136
16137
16148
16149
16150
16151
16152
16153
16154
16155
16156
16157
16168
16169
16170
16171
16172
16173
16174
16175
16176
16177
16188
16189
16190
16191
16192
16193
16194
16195
16196
16197
16208
16209
16210
16211
16212
16213
16214
16215
16216
16217
16228
16229
16230
16231
16232
16233
16234
16235
16236
16237
16248
16249
16250
16251
16252
16253
16254
16255
16256
16257
16268
16269
16270
16271
16272
16273
16274
16275
16276
16277
16288
16289
16290
16291
16292
16293
16294
16295
16296
16297
16308
16309
16310
16311
16312
16313
16314
16315
16316
16317
16328
16329
16330
16331
16332
16333
16334
16335
16336
16337
16368
16369
16370
16371
16372
16373
16374
16375
16376
16377
16388
16389
16390
16391
16392
16393
16394
16395
16396
16397
16408
16409
16410
16411
16412
16413
16414
16415
16416
16417
16428
16429
16430
16431
16432
16433
16434
16435
16436
16437
16448
16449
16450
16451
16452
16453
16454
16455
16456
16457
16468
16469
16470
16471
16472
16473
16474
16475
16476
16477
16488
16489
16490
16491
16492
16493
16494
16495
16496
16497
16508
16509
16510
16511
16512
16513
16514
16515
16516
16517
16528
16529
16530
16531
16532
16533
16534
16535
16536
16537
16548
16549
16550
16551
16552
16553
16554
16555
16556
16557
16568
16569
16570
16571
16572
16573
16574
16575
16576
16577
16608
16609
16610
16611
16612
16613
16614
16615
16616
16617
16628
16629
16630
16631
16632
16633
16634
16635
16636
16637
16648
16649
16650
16651
16652
16653
16654
16655
16656
16657
16668
16669
16670
16671
16672
16673
16674
16675
16676
16677
16688
16689
16690
16691
16692
16693
16694
16695
16696
16697
16708
16709
16710
16711
16712
16713
16714
16715
16716
16717
16728
16729
16730
16731
16732
16733
16734
16735
16736
16737
16748
16749
16750
16751
16752
16753
16754
16755
16756
16757
16768
16769
16770
16771
16772
16773
16774
16775
16776
16777
16788
16789
16790
16791
16792
16793
16794
16795
16796
16797
16808
16809
16810
16811
16812
16813
16814
16815
16816
16817
16848
16849
16850
16851
16852
16853
16854
16855
16856
16857
16868
16869
16870
16871
16872
16873
16874
16875
16876
16877
16888
16889
16890
16891
16892
16893
16894
16895
16896
16897
16908
16909
16910
16911
16912
16913
16914
16915
16916
16917
16928
16929
16930
16931
16932
16933
16934
16935
16936
16937
16948
16949
16950
16951
16952
16953
16954
16955
16956
16957
16968
16969
16970
16971
16972
16973
16974
16975
16976
16977
16988
16989
16990
16991
16992
16993
16994
16995
16996
16997
17008
17009
17010
17011
17012
17013
17014
17015
17016
17017
17028
17029
17030
17031
17032
17033
17034
17035
17036
17037
17048
17049
17050
17051
17052
17053
17054
17055
17056
17057
17088
17089
17090
17091
17092
17093
17094
17095
17096
17097
17108
17109
17110
17111
17112
17113
17114
17115
17116
17117
17128
17129
17130
17131
17132
17133
17134
17135
17136
17137
17148
17149
17150
17151
17152
17153
17154
17155
17156
17157
17168
17169
17170
17171
17172
17173
17174
17175
17176
17177
17188
17189
17190
17191
17192
17193
17194
17195
17196
17197
17208
17209
17210
17211
17212
17213
17214
17215
17216
17217
17228
17229
17230
17231
17232
17233
17234
17235
17236
17237
17248
17249
17250
17251
17252
17253
17254
17255
17256
17257
17268
17269
17270
17271
17272
17273
17274
17275
17276
17277
17288
17289
17290
17291
17292
17293
17294
17295
17296
17297
17328
17329
17330
17331
17332
17333
17334
17335
17336
17337
17348
17349
17350
17351
17352
17353
17354
17355
17356
17357
17368
17369
17370
17371
17372
17373
17374
17375
17376
17377
17388
17389
17390
17391
17392
17393
17394
17395
17396
17397
17408
17409
17410
17411
17412
17413
17414
17415
17416
17417
17428
17429
17430
17431
17432
17433
17434
17435
17436
17437
17448
17449
17450
17451
17452
17453
17454
17455
17456
17457
17468
17469
17470
17471
17472
17473
17474
17475
17476
17477
17488
17489
17490
17491
17492
17493
17494
17495
17496
17497
17508
17509
17510
17511
17512
17513
17514
17515
17516
17517
17528
17529
17530
17531
17532
17533
17534
17535
17536
17537
17568
17569
17570
17571
17572
17573
17574
17575
17576
17577
17588
17589
17590
17591
17592
17593
17594
17595
17596
17597
17608
17609
17610
17611
17612
17613
17614
17615
17616
17617
17628
17629
17630
17631
17632
17633
17634
17635
17636
17637
17648
17649
17650
17651
17652
17653
17654
17655
17656
17657
17668
17669
17670
17671
17672
17673
17674
17675
17676
17677
17688
17689
17690
17691
17692
17693
17694
17695
17696
17697
17708
17709
17710
17711
17712
17713
17714
17715
17716
17717
17728
17729
17730
17731
17732
17733
17734
17735
17736
17737
17748
17749
17750
17751
17752
17753
17754
17755
17756
17757
17768
17769
17770
17771
17772
17773
17774
17775
17776
17777
17808
17809
17810
17811
17812
17813
17814
17815
17816
17817
17828
17829
17830
17831
17832
17833
17834
17835
17836
17837
17848
17849
17850
17851
17852
17853
17854
17855
17856
17857
17868
17869
17870
17871
17872
17873
17874
17875
17876
17877
17888
17889
17890
17891
17892
17893
17894
17895
17896
17897
17908
17909
17910
17911
17912
17913
17914
17915
17916
17917
17928
17929
17930
17931
17932
17933
17934
17935
17936
17937
17948
17949
17950
17951
17952
17953
17954
17955
17956
17957
17968
17969
17970
17971
17972
17973
17974
17975
17976
17977
17988
17989
17990
17991
17992
17993
17994
17995
17996
17997
18008
18009
18010
18011
18012
18013
18014
18015
18016
18017
18048
18049
18050
18051
18052
18053
18054
18055
18056
18057
18068
18069
18070
18071
18072
18073
18074
18075
18076
18077
18088
18089
18090
18091
18092
18093
18094
18095
18096
18097
18108
18109
18110
18111
18112
18113
18114
18115
18116
18117
18128
18129
18130
18131
18132
18133
18134
18135
18136
18137
18148
18149
18150
18151
18152
18153
18154
18155
18156
18157
18168
18169
18170
18171
18172
18173
18174
18175
18176
18177
18188
18189
18190
18191
18192
18193
18194
18195
18196
18197
18208
18209
18210
18211
18212
18213
18214
18215
18216
18217
18228
18229
18230
18231
18232
18233
18234
18235
18236
18237
18248
18249
18250
18251
18252
18253
18254
18255
18256
18257
18288
18289
18290
18291
18292
18293
18294
18295
18296
18297
18308
18309
18310
18311
18312
18313
18314
18315
18316
18317
18328
18329
18330
18331
18332
18333
18334
18335
18336
18337
18348
18349
18350
18351
18352
18353
18354
18355
18356
18357
18368
18369
18370
18371
18372
18373
18374
18375
18376
18377
18388
18389
18390
18391
18392
18393
18394
18395
18396
18397
18408
18409
18410
18411
18412
18413
18414
18415
18416
18417
18428
18429
18430
18431
18432
18433
18434
18435
18436
18437
18448
18449
18450
18451
18452
18453
18454
18455
18456
18457
18468
18469
18470
18471
18472
18473
18474
18475
18476
18477
18488
18489
18490
18491
18492
18493
18494
18495
18496
18497
18528
18529
18530
18531
18532
18533
18534
18535
18536
18537
18548
18549
18550
18551
18552
18553
18554
18555
18556
18568
18569
18570
18571
18572
18573
18574
18575
18588
18589
18590
18591
18592
18593
18594
18608
18609
18610
18611
18612
18613
18628
18629
18630
18631
18648
18649
18650
18668
18669
18688
)


// ************************************************************************* //
