/*--------------------------------*- C++ -*----------------------------------*\
  =========                 |
  \\      /  F ield         | OpenFOAM: The Open Source CFD Toolbox
   \\    /   O peration     | Website:  https://openfoam.org
    \\  /    A nd           | Version:  7
     \\/     M anipulation  |
\*---------------------------------------------------------------------------*/
FoamFile
{
    version     2.0;
    format      ascii;
    class       labelList;
    location    "constant/polyMesh";
    object      faceProcAddressing;
}
// * * * * * * * * * * * * * * * * * * * * * * * * * * * * * * * * * * * * * //


4172
(
23842
23843
23844
23878
23879
23880
23914
23915
23916
23950
23951
23952
23986
23987
23988
24022
24023
24024
24058
24059
24060
24094
24095
24096
24130
24131
24132
24166
24167
24168
24203
24204
24262
24263
24264
24298
24299
24300
24334
24335
24336
24370
24371
24372
24406
24407
24408
24442
24443
24444
24478
24479
24480
24514
24515
24516
24550
24551
24552
24586
24587
24588
24623
24624
24682
24683
24684
24718
24719
24720
24754
24755
24756
24790
24791
24792
24826
24827
24828
24862
24863
24864
24898
24899
24900
24934
24935
24936
24970
24971
24972
25006
25007
25008
25043
25044
25102
25103
25104
25138
25139
25140
25174
25175
25176
25210
25211
25212
25246
25247
25248
25282
25283
25284
25318
25319
25320
25354
25355
25356
25390
25391
25392
25426
25427
25428
25463
25464
25522
25523
25524
25558
25559
25560
25594
25595
25596
25630
25631
25632
25666
25667
25668
25702
25703
25704
25738
25739
25740
25774
25775
25776
25810
25811
25812
25846
25847
25848
25883
25884
25942
25943
25944
25978
25979
25980
26014
26015
26016
26050
26051
26052
26086
26087
26088
26122
26123
26124
26158
26159
26160
26194
26195
26196
26230
26231
26232
26266
26267
26268
26303
26304
26362
26363
26364
26398
26399
26400
26434
26435
26436
26470
26471
26472
26506
26507
26508
26542
26543
26544
26578
26579
26580
26614
26615
26616
26650
26651
26652
26686
26687
26688
26723
26724
26782
26783
26784
26818
26819
26820
26854
26855
26856
26890
26891
26892
26926
26927
26928
26962
26963
26964
26998
26999
27000
27034
27035
27036
27070
27071
27072
27106
27107
27108
27143
27144
27202
27203
27204
27238
27239
27240
27274
27275
27276
27310
27311
27312
27346
27347
27348
27382
27383
27384
27418
27419
27420
27454
27455
27456
27490
27491
27492
27526
27527
27528
27563
27564
27622
27623
27624
27658
27659
27660
27694
27695
27696
27730
27731
27732
27766
27767
27768
27802
27803
27804
27838
27839
27840
27874
27875
27876
27910
27911
27912
27946
27947
27948
27984
28042
28044
28078
28080
28114
28116
28150
28152
28186
28188
28222
28224
28258
28260
28294
28296
28330
28332
47365
47366
47367
47368
47369
47370
47371
47372
47373
47374
47375
47376
47377
47378
47379
47380
47381
47382
47383
47384
47385
47386
47387
47388
47389
47390
47391
47393
47394
47425
47426
47427
47428
47429
47430
47431
47432
47433
47434
47435
47436
47437
47438
47439
47440
47441
47442
47443
47444
47445
47446
47447
47448
47449
47450
47451
47453
47454
47485
47486
47487
47488
47489
47490
47491
47492
47493
47494
47495
47496
47497
47498
47499
47500
47501
47502
47503
47504
47505
47506
47507
47508
47509
47510
47511
47513
47514
47545
47546
47547
47548
47549
47550
47551
47552
47553
47554
47555
47556
47557
47558
47559
47560
47561
47562
47563
47564
47565
47566
47567
47568
47569
47570
47571
47573
47574
47605
47606
47607
47608
47609
47610
47611
47612
47613
47614
47615
47616
47617
47618
47619
47620
47621
47622
47623
47624
47625
47626
47627
47628
47629
47630
47631
47633
47634
47665
47666
47667
47668
47669
47670
47671
47672
47673
47674
47675
47676
47677
47678
47679
47680
47681
47682
47683
47684
47685
47686
47687
47688
47689
47690
47691
47693
47694
47725
47726
47727
47728
47729
47730
47731
47732
47733
47734
47735
47736
47737
47738
47739
47740
47741
47742
47743
47744
47745
47746
47747
47748
47749
47750
47751
47753
47754
47785
47786
47787
47788
47789
47790
47791
47792
47793
47794
47795
47796
47797
47798
47799
47800
47801
47802
47803
47804
47805
47806
47807
47808
47809
47810
47811
47813
47814
47845
47846
47847
47848
47849
47850
47851
47852
47853
47854
47855
47856
47857
47858
47859
47860
47861
47862
47863
47864
47865
47866
47867
47868
47869
47870
47871
47873
47874
47905
47906
47907
47908
47909
47910
47911
47912
47913
47914
47915
47916
47917
47918
47919
47920
47921
47922
47923
47924
47925
47926
47927
47928
47929
47930
47931
47933
47934
47965
47967
47968
47970
47971
47973
47974
47976
47977
47979
47980
47982
47983
47985
47986
47988
47989
47991
47994
48085
48086
48087
48088
48089
48090
48091
48092
48093
48094
48095
48096
48097
48098
48099
48100
48101
48102
48103
48104
48105
48106
48107
48108
48109
48110
48111
48113
48114
48145
48146
48147
48148
48149
48150
48151
48152
48153
48154
48155
48156
48157
48158
48159
48160
48161
48162
48163
48164
48165
48166
48167
48168
48169
48170
48171
48173
48174
48205
48206
48207
48208
48209
48210
48211
48212
48213
48214
48215
48216
48217
48218
48219
48220
48221
48222
48223
48224
48225
48226
48227
48228
48229
48230
48231
48233
48234
48265
48266
48267
48268
48269
48270
48271
48272
48273
48274
48275
48276
48277
48278
48279
48280
48281
48282
48283
48284
48285
48286
48287
48288
48289
48290
48291
48293
48294
48325
48326
48327
48328
48329
48330
48331
48332
48333
48334
48335
48336
48337
48338
48339
48340
48341
48342
48343
48344
48345
48346
48347
48348
48349
48350
48351
48353
48354
48385
48386
48387
48388
48389
48390
48391
48392
48393
48394
48395
48396
48397
48398
48399
48400
48401
48402
48403
48404
48405
48406
48407
48408
48409
48410
48411
48413
48414
48445
48446
48447
48448
48449
48450
48451
48452
48453
48454
48455
48456
48457
48458
48459
48460
48461
48462
48463
48464
48465
48466
48467
48468
48469
48470
48471
48473
48474
48505
48506
48507
48508
48509
48510
48511
48512
48513
48514
48515
48516
48517
48518
48519
48520
48521
48522
48523
48524
48525
48526
48527
48528
48529
48530
48531
48533
48534
48565
48566
48567
48568
48569
48570
48571
48572
48573
48574
48575
48576
48577
48578
48579
48580
48581
48582
48583
48584
48585
48586
48587
48588
48589
48590
48591
48593
48594
48625
48626
48627
48628
48629
48630
48631
48632
48633
48634
48635
48636
48637
48638
48639
48640
48641
48642
48643
48644
48645
48646
48647
48648
48649
48650
48651
48653
48654
48685
48687
48688
48690
48691
48693
48694
48696
48697
48699
48700
48702
48703
48705
48706
48708
48709
48711
48714
48805
48806
48807
48808
48809
48810
48811
48812
48813
48814
48815
48816
48817
48818
48819
48820
48821
48822
48823
48824
48825
48826
48827
48828
48829
48830
48831
48833
48834
48865
48866
48867
48868
48869
48870
48871
48872
48873
48874
48875
48876
48877
48878
48879
48880
48881
48882
48883
48884
48885
48886
48887
48888
48889
48890
48891
48893
48894
48925
48926
48927
48928
48929
48930
48931
48932
48933
48934
48935
48936
48937
48938
48939
48940
48941
48942
48943
48944
48945
48946
48947
48948
48949
48950
48951
48953
48954
48985
48986
48987
48988
48989
48990
48991
48992
48993
48994
48995
48996
48997
48998
48999
49000
49001
49002
49003
49004
49005
49006
49007
49008
49009
49010
49011
49013
49014
49045
49046
49047
49048
49049
49050
49051
49052
49053
49054
49055
49056
49057
49058
49059
49060
49061
49062
49063
49064
49065
49066
49067
49068
49069
49070
49071
49073
49074
49105
49106
49107
49108
49109
49110
49111
49112
49113
49114
49115
49116
49117
49118
49119
49120
49121
49122
49123
49124
49125
49126
49127
49128
49129
49130
49131
49133
49134
49165
49166
49167
49168
49169
49170
49171
49172
49173
49174
49175
49176
49177
49178
49179
49180
49181
49182
49183
49184
49185
49186
49187
49188
49189
49190
49191
49193
49194
49225
49226
49227
49228
49229
49230
49231
49232
49233
49234
49235
49236
49237
49238
49239
49240
49241
49242
49243
49244
49245
49246
49247
49248
49249
49250
49251
49253
49254
49285
49286
49287
49288
49289
49290
49291
49292
49293
49294
49295
49296
49297
49298
49299
49300
49301
49302
49303
49304
49305
49306
49307
49308
49309
49310
49311
49313
49314
49345
49346
49347
49348
49349
49350
49351
49352
49353
49354
49355
49356
49357
49358
49359
49360
49361
49362
49363
49364
49365
49366
49367
49368
49369
49370
49371
49373
49374
49405
49407
49408
49410
49411
49413
49414
49416
49417
49419
49420
49422
49423
49425
49426
49428
49429
49431
49434
49525
49526
49527
49528
49529
49530
49531
49532
49533
49534
49535
49536
49537
49538
49539
49540
49541
49542
49543
49544
49545
49546
49547
49548
49549
49550
49551
49553
49554
49585
49586
49587
49588
49589
49590
49591
49592
49593
49594
49595
49596
49597
49598
49599
49600
49601
49602
49603
49604
49605
49606
49607
49608
49609
49610
49611
49613
49614
49645
49646
49647
49648
49649
49650
49651
49652
49653
49654
49655
49656
49657
49658
49659
49660
49661
49662
49663
49664
49665
49666
49667
49668
49669
49670
49671
49673
49674
49705
49706
49707
49708
49709
49710
49711
49712
49713
49714
49715
49716
49717
49718
49719
49720
49721
49722
49723
49724
49725
49726
49727
49728
49729
49730
49731
49733
49734
49765
49766
49767
49768
49769
49770
49771
49772
49773
49774
49775
49776
49777
49778
49779
49780
49781
49782
49783
49784
49785
49786
49787
49788
49789
49790
49791
49793
49794
49825
49826
49827
49828
49829
49830
49831
49832
49833
49834
49835
49836
49837
49838
49839
49840
49841
49842
49843
49844
49845
49846
49847
49848
49849
49850
49851
49853
49854
49885
49886
49887
49888
49889
49890
49891
49892
49893
49894
49895
49896
49897
49898
49899
49900
49901
49902
49903
49904
49905
49906
49907
49908
49909
49910
49911
49913
49914
49945
49946
49947
49948
49949
49950
49951
49952
49953
49954
49955
49956
49957
49958
49959
49960
49961
49962
49963
49964
49965
49966
49967
49968
49969
49970
49971
49973
49974
50005
50006
50007
50008
50009
50010
50011
50012
50013
50014
50015
50016
50017
50018
50019
50020
50021
50022
50023
50024
50025
50026
50027
50028
50029
50030
50031
50033
50034
50065
50066
50067
50068
50069
50070
50071
50072
50073
50074
50075
50076
50077
50078
50079
50080
50081
50082
50083
50084
50085
50086
50087
50088
50089
50090
50091
50093
50094
50125
50127
50128
50130
50131
50133
50134
50136
50137
50139
50140
50142
50143
50145
50146
50148
50149
50151
50154
50245
50246
50247
50248
50249
50250
50251
50252
50253
50254
50255
50256
50257
50258
50259
50260
50261
50262
50263
50264
50265
50266
50267
50268
50269
50270
50271
50273
50274
50305
50306
50307
50308
50309
50310
50311
50312
50313
50314
50315
50316
50317
50318
50319
50320
50321
50322
50323
50324
50325
50326
50327
50328
50329
50330
50331
50333
50334
50365
50366
50367
50368
50369
50370
50371
50372
50373
50374
50375
50376
50377
50378
50379
50380
50381
50382
50383
50384
50385
50386
50387
50388
50389
50390
50391
50393
50394
50425
50426
50427
50428
50429
50430
50431
50432
50433
50434
50435
50436
50437
50438
50439
50440
50441
50442
50443
50444
50445
50446
50447
50448
50449
50450
50451
50453
50454
50485
50486
50487
50488
50489
50490
50491
50492
50493
50494
50495
50496
50497
50498
50499
50500
50501
50502
50503
50504
50505
50506
50507
50508
50509
50510
50511
50513
50514
50545
50546
50547
50548
50549
50550
50551
50552
50553
50554
50555
50556
50557
50558
50559
50560
50561
50562
50563
50564
50565
50566
50567
50568
50569
50570
50571
50573
50574
50605
50606
50607
50608
50609
50610
50611
50612
50613
50614
50615
50616
50617
50618
50619
50620
50621
50622
50623
50624
50625
50626
50627
50628
50629
50630
50631
50633
50634
50665
50666
50667
50668
50669
50670
50671
50672
50673
50674
50675
50676
50677
50678
50679
50680
50681
50682
50683
50684
50685
50686
50687
50688
50689
50690
50691
50693
50694
50725
50726
50727
50728
50729
50730
50731
50732
50733
50734
50735
50736
50737
50738
50739
50740
50741
50742
50743
50744
50745
50746
50747
50748
50749
50750
50751
50753
50754
50785
50786
50787
50788
50789
50790
50791
50792
50793
50794
50795
50796
50797
50798
50799
50800
50801
50802
50803
50804
50805
50806
50807
50808
50809
50810
50811
50813
50814
50845
50847
50848
50850
50851
50853
50854
50856
50857
50859
50860
50862
50863
50865
50866
50868
50869
50871
50874
50965
50966
50967
50968
50969
50970
50971
50972
50973
50974
50975
50976
50977
50978
50979
50980
50981
50982
50983
50984
50985
50986
50987
50988
50989
50990
50991
50993
50994
51025
51026
51027
51028
51029
51030
51031
51032
51033
51034
51035
51036
51037
51038
51039
51040
51041
51042
51043
51044
51045
51046
51047
51048
51049
51050
51051
51053
51054
51085
51086
51087
51088
51089
51090
51091
51092
51093
51094
51095
51096
51097
51098
51099
51100
51101
51102
51103
51104
51105
51106
51107
51108
51109
51110
51111
51113
51114
51145
51146
51147
51148
51149
51150
51151
51152
51153
51154
51155
51156
51157
51158
51159
51160
51161
51162
51163
51164
51165
51166
51167
51168
51169
51170
51171
51173
51174
51205
51206
51207
51208
51209
51210
51211
51212
51213
51214
51215
51216
51217
51218
51219
51220
51221
51222
51223
51224
51225
51226
51227
51228
51229
51230
51231
51233
51234
51265
51266
51267
51268
51269
51270
51271
51272
51273
51274
51275
51276
51277
51278
51279
51280
51281
51282
51283
51284
51285
51286
51287
51288
51289
51290
51291
51293
51294
51325
51326
51327
51328
51329
51330
51331
51332
51333
51334
51335
51336
51337
51338
51339
51340
51341
51342
51343
51344
51345
51346
51347
51348
51349
51350
51351
51353
51354
51385
51386
51387
51388
51389
51390
51391
51392
51393
51394
51395
51396
51397
51398
51399
51400
51401
51402
51403
51404
51405
51406
51407
51408
51409
51410
51411
51413
51414
51445
51446
51447
51448
51449
51450
51451
51452
51453
51454
51455
51456
51457
51458
51459
51460
51461
51462
51463
51464
51465
51466
51467
51468
51469
51470
51471
51473
51474
51505
51506
51507
51508
51509
51510
51511
51512
51513
51514
51515
51516
51517
51518
51519
51520
51521
51522
51523
51524
51525
51526
51527
51528
51529
51530
51531
51533
51534
51565
51567
51568
51570
51571
51573
51574
51576
51577
51579
51580
51582
51583
51585
51586
51588
51589
51591
51594
51685
51686
51687
51688
51689
51690
51691
51692
51693
51694
51695
51696
51697
51698
51699
51700
51701
51702
51703
51704
51705
51706
51707
51708
51709
51710
51711
51713
51714
51745
51746
51747
51748
51749
51750
51751
51752
51753
51754
51755
51756
51757
51758
51759
51760
51761
51762
51763
51764
51765
51766
51767
51768
51769
51770
51771
51773
51774
51805
51806
51807
51808
51809
51810
51811
51812
51813
51814
51815
51816
51817
51818
51819
51820
51821
51822
51823
51824
51825
51826
51827
51828
51829
51830
51831
51833
51834
51865
51866
51867
51868
51869
51870
51871
51872
51873
51874
51875
51876
51877
51878
51879
51880
51881
51882
51883
51884
51885
51886
51887
51888
51889
51890
51891
51893
51894
51925
51926
51927
51928
51929
51930
51931
51932
51933
51934
51935
51936
51937
51938
51939
51940
51941
51942
51943
51944
51945
51946
51947
51948
51949
51950
51951
51953
51954
51985
51986
51987
51988
51989
51990
51991
51992
51993
51994
51995
51996
51997
51998
51999
52000
52001
52002
52003
52004
52005
52006
52007
52008
52009
52010
52011
52013
52014
52045
52046
52047
52048
52049
52050
52051
52052
52053
52054
52055
52056
52057
52058
52059
52060
52061
52062
52063
52064
52065
52066
52067
52068
52069
52070
52071
52073
52074
52105
52106
52107
52108
52109
52110
52111
52112
52113
52114
52115
52116
52117
52118
52119
52120
52121
52122
52123
52124
52125
52126
52127
52128
52129
52130
52131
52133
52134
52165
52166
52167
52168
52169
52170
52171
52172
52173
52174
52175
52176
52177
52178
52179
52180
52181
52182
52183
52184
52185
52186
52187
52188
52189
52190
52191
52193
52194
52225
52226
52227
52228
52229
52230
52231
52232
52233
52234
52235
52236
52237
52238
52239
52240
52241
52242
52243
52244
52245
52246
52247
52248
52249
52250
52251
52253
52254
52285
52287
52288
52290
52291
52293
52294
52296
52297
52299
52300
52302
52303
52305
52306
52308
52309
52311
52314
52405
52406
52407
52408
52409
52410
52411
52412
52413
52414
52415
52416
52417
52418
52419
52420
52421
52422
52423
52424
52425
52426
52427
52428
52429
52430
52431
52433
52434
52465
52466
52467
52468
52469
52470
52471
52472
52473
52474
52475
52476
52477
52478
52479
52480
52481
52482
52483
52484
52485
52486
52487
52488
52489
52490
52491
52493
52494
52525
52526
52527
52528
52529
52530
52531
52532
52533
52534
52535
52536
52537
52538
52539
52540
52541
52542
52543
52544
52545
52546
52547
52548
52549
52550
52551
52553
52554
52585
52586
52587
52588
52589
52590
52591
52592
52593
52594
52595
52596
52597
52598
52599
52600
52601
52602
52603
52604
52605
52606
52607
52608
52609
52610
52611
52613
52614
52645
52646
52647
52648
52649
52650
52651
52652
52653
52654
52655
52656
52657
52658
52659
52660
52661
52662
52663
52664
52665
52666
52667
52668
52669
52670
52671
52673
52674
52705
52706
52707
52708
52709
52710
52711
52712
52713
52714
52715
52716
52717
52718
52719
52720
52721
52722
52723
52724
52725
52726
52727
52728
52729
52730
52731
52733
52734
52765
52766
52767
52768
52769
52770
52771
52772
52773
52774
52775
52776
52777
52778
52779
52780
52781
52782
52783
52784
52785
52786
52787
52788
52789
52790
52791
52793
52794
52825
52826
52827
52828
52829
52830
52831
52832
52833
52834
52835
52836
52837
52838
52839
52840
52841
52842
52843
52844
52845
52846
52847
52848
52849
52850
52851
52853
52854
52885
52886
52887
52888
52889
52890
52891
52892
52893
52894
52895
52896
52897
52898
52899
52900
52901
52902
52903
52904
52905
52906
52907
52908
52909
52910
52911
52913
52914
52945
52946
52947
52948
52949
52950
52951
52952
52953
52954
52955
52956
52957
52958
52959
52960
52961
52962
52963
52964
52965
52966
52967
52968
52969
52970
52971
52973
52974
53005
53007
53008
53010
53011
53013
53014
53016
53017
53019
53020
53022
53023
53025
53026
53028
53029
53031
53034
53125
53126
53127
53128
53129
53130
53131
53132
53133
53134
53135
53136
53137
53138
53139
53140
53141
53142
53143
53144
53145
53146
53147
53148
53149
53150
53151
53153
53154
53185
53186
53187
53188
53189
53190
53191
53192
53193
53194
53195
53196
53197
53198
53199
53200
53201
53202
53203
53204
53205
53206
53207
53208
53209
53210
53211
53213
53214
53245
53246
53247
53248
53249
53250
53251
53252
53253
53254
53255
53256
53257
53258
53259
53260
53261
53262
53263
53264
53265
53266
53267
53268
53269
53270
53271
53273
53274
53305
53306
53307
53308
53309
53310
53311
53312
53313
53314
53315
53316
53317
53318
53319
53320
53321
53322
53323
53324
53325
53326
53327
53328
53329
53330
53331
53333
53334
53365
53366
53367
53368
53369
53370
53371
53372
53373
53374
53375
53376
53377
53378
53379
53380
53381
53382
53383
53384
53385
53386
53387
53388
53389
53390
53391
53393
53394
53425
53426
53427
53428
53429
53430
53431
53432
53433
53434
53435
53436
53437
53438
53439
53440
53441
53442
53443
53444
53445
53446
53447
53448
53449
53450
53451
53453
53454
53485
53486
53487
53488
53489
53490
53491
53492
53493
53494
53495
53496
53497
53498
53499
53500
53501
53502
53503
53504
53505
53506
53507
53508
53509
53510
53511
53513
53514
53545
53546
53547
53548
53549
53550
53551
53552
53553
53554
53555
53556
53557
53558
53559
53560
53561
53562
53563
53564
53565
53566
53567
53568
53569
53570
53571
53573
53574
53605
53606
53607
53608
53609
53610
53611
53612
53613
53614
53615
53616
53617
53618
53619
53620
53621
53622
53623
53624
53625
53626
53627
53628
53629
53630
53631
53633
53634
53665
53666
53667
53668
53669
53670
53671
53672
53673
53674
53675
53676
53677
53678
53679
53680
53681
53682
53683
53684
53685
53686
53687
53688
53689
53690
53691
53693
53694
53725
53727
53728
53730
53731
53733
53734
53736
53737
53739
53740
53742
53743
53745
53746
53748
53749
53751
53754
53845
53846
53847
53848
53849
53850
53851
53852
53853
53854
53855
53856
53857
53858
53859
53860
53861
53862
53863
53864
53865
53866
53867
53868
53869
53870
53871
53873
53874
53905
53906
53907
53908
53909
53910
53911
53912
53913
53914
53915
53916
53917
53918
53919
53920
53921
53922
53923
53924
53925
53926
53927
53928
53929
53930
53931
53933
53965
53966
53967
53968
53969
53970
53971
53972
53973
53974
53975
53976
53977
53978
53979
53980
53981
53982
53983
53984
53985
53986
53987
53988
53989
53990
53993
54025
54026
54027
54028
54029
54030
54031
54032
54033
54034
54035
54036
54037
54038
54039
54040
54041
54042
54043
54044
54045
54046
54047
54049
54050
54053
54085
54086
54087
54088
54089
54090
54091
54092
54093
54094
54095
54096
54097
54098
54099
54100
54101
54102
54103
54104
54106
54107
54109
54110
54113
54145
54146
54147
54148
54149
54150
54151
54152
54153
54154
54155
54156
54157
54158
54160
54161
54163
54164
54166
54167
54169
54170
54173
54205
54206
54207
54208
54209
54210
54211
54212
54213
54214
54215
54217
54218
54220
54221
54223
54224
54226
54227
54229
54230
54233
54265
54266
54267
54268
54269
54270
54271
54272
54274
54275
54277
54278
54280
54281
54283
54284
54286
54287
54289
54290
54293
54325
54326
54327
54328
54329
54331
54332
54334
54335
54337
54338
54340
54341
54343
54344
54346
54347
54349
54350
54353
54385
54386
54388
54389
54391
54392
54394
54395
54397
54398
54400
54401
54403
54404
54406
54407
54409
54410
54413
54445
54448
54451
54454
54457
54460
54463
54466
54469
54565
54566
54568
54569
54571
54572
54574
54575
54577
54578
54580
54581
54583
54584
54586
54587
54589
54590
54625
54626
54628
54629
54631
54632
54634
54635
54637
54638
54640
54641
54643
54644
54646
54647
54685
54686
54688
54689
54691
54692
54694
54695
54697
54698
54700
54701
54703
54704
54745
54746
54748
54749
54751
54752
54754
54755
54757
54758
54760
54761
54805
54806
54808
54809
54811
54812
54814
54815
54817
54865
54866
54868
54869
54871
54872
54925
54926
54928
54929
54985
54986
118416
118417
118418
118419
118420
118421
118422
118423
118424
118425
118426
118437
118438
118439
118440
118441
118442
118443
118444
118445
118446
118447
118458
118459
118460
118461
118462
118463
118464
118465
118466
118467
118468
118479
118480
118481
118482
118483
118484
118485
118486
118487
118488
118489
118500
118501
118502
118503
118504
118505
118506
118507
118508
118509
118510
118521
118522
118523
118524
118525
118526
118527
118528
118529
118530
118531
118542
118543
118544
118545
118546
118547
118548
118549
118550
118551
118552
118563
118564
118565
118566
118567
118568
118569
118570
118571
118572
118573
118584
118585
118586
118587
118588
118589
118590
118591
118592
118593
118594
118605
118606
118607
118608
118609
118610
118611
118612
118613
118614
118615
118626
118627
118628
118629
118630
118631
118632
118633
118634
118635
118636
122013
122014
122015
122016
122017
122018
122019
122020
122021
122022
122023
122025
122026
122027
122028
122029
122030
122031
122032
122033
122034
122035
122037
122038
122039
122040
122041
122042
122043
122044
122045
122046
122047
122049
122050
122051
122052
122053
122054
122055
122056
122057
122058
122059
122061
122062
122063
122064
122065
122066
122067
122068
122069
122070
122071
122073
122074
122075
122076
122077
122078
122079
122080
122081
122082
122083
122085
122086
122087
122088
122089
122090
122091
122092
122093
122094
122095
122097
122098
122099
122100
122101
122102
122103
122104
122105
122106
122107
122109
122110
122111
122112
122113
122114
122115
122116
122117
122118
122119
122121
122122
122123
122124
122125
122126
122127
122128
122129
122130
122131
122133
122134
122135
122136
122137
122138
122139
122140
122141
122142
122143
-23839
-23875
-23911
-23947
-23983
-24019
-24055
-24091
-24127
-24163
-24199
-24259
-24295
-24331
-24367
-24403
-24439
-24475
-24511
-24547
-24583
-24619
-24679
-24715
-24751
-24787
-24823
-24859
-24895
-24931
-24967
-25003
-25039
-25099
-25135
-25171
-25207
-25243
-25279
-25315
-25351
-25387
-25423
-25459
-25519
-25555
-25591
-25627
-25663
-25699
-25735
-25771
-25807
-25843
-25879
-25939
-25975
-26011
-26047
-26083
-26119
-26155
-26191
-26227
-26263
-26299
-26359
-26395
-26431
-26467
-26503
-26539
-26575
-26611
-26647
-26683
-26719
-26779
-26815
-26851
-26887
-26923
-26959
-26995
-27031
-27067
-27103
-27139
-27199
-27235
-27271
-27307
-27343
-27379
-27415
-27451
-27487
-27523
-27559
-27619
-27655
-27691
-27727
-27763
-27799
-27835
-27871
-27907
-27943
-27979
47392
47452
47512
47572
47632
47692
47752
47812
47872
47932
47992
48112
48172
48232
48292
48352
48412
48472
48532
48592
48652
48712
48832
48892
48952
49012
49072
49132
49192
49252
49312
49372
49432
49552
49612
49672
49732
49792
49852
49912
49972
50032
50092
50152
50272
50332
50392
50452
50512
50572
50632
50692
50752
50812
50872
50992
51052
51112
51172
51232
51292
51352
51412
51472
51532
51592
51712
51772
51832
51892
51952
52012
52072
52132
52192
52252
52312
52432
52492
52552
52612
52672
52732
52792
52852
52912
52972
53032
53152
53212
53272
53332
53392
53452
53512
53572
53632
53692
53752
53872
53932
53992
54052
54112
54172
54232
54292
54352
54412
54472
54592
24202
24622
25042
25462
25882
26302
26722
27142
27562
27982
47966
47969
47972
47975
47978
47981
47984
47987
47990
47993
48686
48689
48692
48695
48698
48701
48704
48707
48710
48713
49406
49409
49412
49415
49418
49421
49424
49427
49430
49433
50126
50129
50132
50135
50138
50141
50144
50147
50150
50153
50846
50849
50852
50855
50858
50861
50864
50867
50870
50873
51566
51569
51572
51575
51578
51581
51584
51587
51590
51593
52286
52289
52292
52295
52298
52301
52304
52307
52310
52313
53006
53009
53012
53015
53018
53021
53024
53027
53030
53033
53726
53729
53732
53735
53738
53741
53744
53747
53750
53753
54446
54449
54452
54455
54458
54461
54464
54467
54470
54473
-28039
-28075
-28111
-28147
-28183
-28219
-28255
-28291
-28327
-28363
27983
28043
28079
28115
28151
28187
28223
28259
28295
28331
28366
28367
28368
53934
53991
53994
54048
54051
54054
54105
54108
54111
54114
54159
54162
54165
54168
54171
54174
54216
54219
54222
54225
54228
54231
54234
54273
54276
54279
54282
54285
54288
54291
54294
54330
54333
54336
54339
54342
54345
54348
54351
54354
54387
54390
54393
54396
54399
54402
54405
54408
54411
54414
54447
54450
54453
54456
54459
54462
54465
54468
54471
54474
54567
54570
54573
54576
54579
54582
54585
54588
54591
54593
54594
54627
54630
54633
54636
54639
54642
54645
54648
54649
54650
54651
54687
54690
54693
54696
54699
54702
54705
54706
54707
54708
54747
54750
54753
54756
54759
54762
54763
54764
54765
54807
54810
54813
54816
54818
54819
54820
54821
54822
54867
54870
54873
54874
54875
54876
54927
54930
54931
54932
54933
54987
54988
54989
54990
55045
55046
55047
)


// ************************************************************************* //
