/*--------------------------------*- C++ -*----------------------------------*\
  =========                 |
  \\      /  F ield         | OpenFOAM: The Open Source CFD Toolbox
   \\    /   O peration     | Website:  https://openfoam.org
    \\  /    A nd           | Version:  7
     \\/     M anipulation  |
\*---------------------------------------------------------------------------*/
FoamFile
{
    version     2.0;
    format      ascii;
    class       labelList;
    location    "constant/polyMesh";
    object      pointProcAddressing;
}
// * * * * * * * * * * * * * * * * * * * * * * * * * * * * * * * * * * * * * //


1666
(
9449
9450
9462
9463
9475
9476
9488
9489
9501
9502
9514
9515
9527
9528
9540
9541
9553
9554
9566
9567
9579
9580
9592
9593
9605
9606
9618
9619
9631
9632
9644
9645
9657
9658
9670
9671
9683
9684
9696
9697
9709
9710
9722
9723
9735
9736
9748
9749
9761
9762
9774
9775
9787
9788
9800
9801
9813
9814
9826
9827
9839
9840
9852
9853
9865
9866
9878
9879
9891
9892
9904
9905
9917
9918
9930
9931
9943
9944
9956
9957
9969
9970
9982
9983
9995
9996
10008
10009
10021
10022
10034
10035
10047
10048
10060
10061
10073
10074
10086
10087
10099
10100
10112
10113
10125
10126
10138
10139
10151
10152
10164
10165
10177
10178
10190
10191
10203
10204
10216
10217
10229
10230
10242
10243
10255
10256
10268
10269
10281
10282
10294
10295
10307
10308
10320
10321
10333
10334
10346
10347
10359
10360
10372
10373
10385
10386
10398
10399
10411
10412
10424
10425
10437
10438
10450
10451
10463
10464
10476
10477
10489
10490
10502
10503
10515
10516
10528
10529
10541
10542
10554
10555
10567
10568
10580
10581
10593
10594
10606
10607
10619
10620
10632
10633
10645
10646
10658
10659
10671
10672
10684
10685
10697
10698
10710
10711
10723
10724
10736
10737
10749
10750
10762
10763
10775
10776
10788
10789
10801
10802
10814
10815
10827
10828
10840
10841
10853
10854
10866
10867
10879
10880
10892
10893
10905
10906
10918
10919
10931
10932
10944
10945
10957
10958
10970
10971
10983
10984
10996
10997
11009
11010
11022
11023
11035
11036
11048
11049
11061
11062
11074
11075
11087
11088
11100
11101
11113
11114
11126
11127
11139
11140
11152
11153
11165
11166
11178
11179
11191
11192
11204
11205
11217
11218
11230
11231
11243
11244
11256
11257
11269
11270
11282
11283
11295
11296
18590
18591
18592
18593
18594
18595
18596
18597
18598
18599
18610
18611
18612
18613
18614
18615
18616
18617
18618
18619
18630
18631
18632
18633
18634
18635
18636
18637
18638
18639
18650
18651
18652
18653
18654
18655
18656
18657
18658
18659
18670
18671
18672
18673
18674
18675
18676
18677
18678
18679
18690
18691
18692
18693
18694
18695
18696
18697
18698
18699
18710
18711
18712
18713
18714
18715
18716
18717
18718
18719
18730
18731
18732
18733
18734
18735
18736
18737
18738
18739
18750
18751
18752
18753
18754
18755
18756
18757
18758
18759
18770
18771
18772
18773
18774
18775
18776
18777
18778
18779
18790
18791
18792
18793
18794
18795
18796
18797
18798
18799
18810
18811
18812
18813
18814
18815
18816
18817
18818
18819
18850
18851
18852
18853
18854
18855
18856
18857
18858
18859
18870
18871
18872
18873
18874
18875
18876
18877
18878
18879
18890
18891
18892
18893
18894
18895
18896
18897
18898
18899
18910
18911
18912
18913
18914
18915
18916
18917
18918
18919
18930
18931
18932
18933
18934
18935
18936
18937
18938
18939
18950
18951
18952
18953
18954
18955
18956
18957
18958
18959
18970
18971
18972
18973
18974
18975
18976
18977
18978
18979
18990
18991
18992
18993
18994
18995
18996
18997
18998
18999
19010
19011
19012
19013
19014
19015
19016
19017
19018
19019
19030
19031
19032
19033
19034
19035
19036
19037
19038
19039
19050
19051
19052
19053
19054
19055
19056
19057
19058
19059
19070
19071
19072
19073
19074
19075
19076
19077
19078
19079
19110
19111
19112
19113
19114
19115
19116
19117
19118
19119
19130
19131
19132
19133
19134
19135
19136
19137
19138
19139
19150
19151
19152
19153
19154
19155
19156
19157
19158
19159
19170
19171
19172
19173
19174
19175
19176
19177
19178
19179
19190
19191
19192
19193
19194
19195
19196
19197
19198
19199
19210
19211
19212
19213
19214
19215
19216
19217
19218
19219
19230
19231
19232
19233
19234
19235
19236
19237
19238
19239
19250
19251
19252
19253
19254
19255
19256
19257
19258
19259
19270
19271
19272
19273
19274
19275
19276
19277
19278
19279
19290
19291
19292
19293
19294
19295
19296
19297
19298
19299
19310
19311
19312
19313
19314
19315
19316
19317
19318
19319
19330
19331
19332
19333
19334
19335
19336
19337
19338
19339
19370
19371
19372
19373
19374
19375
19376
19377
19378
19379
19390
19391
19392
19393
19394
19395
19396
19397
19398
19399
19410
19411
19412
19413
19414
19415
19416
19417
19418
19419
19430
19431
19432
19433
19434
19435
19436
19437
19438
19439
19450
19451
19452
19453
19454
19455
19456
19457
19458
19459
19470
19471
19472
19473
19474
19475
19476
19477
19478
19479
19490
19491
19492
19493
19494
19495
19496
19497
19498
19499
19510
19511
19512
19513
19514
19515
19516
19517
19518
19519
19530
19531
19532
19533
19534
19535
19536
19537
19538
19539
19550
19551
19552
19553
19554
19555
19556
19557
19558
19559
19570
19571
19572
19573
19574
19575
19576
19577
19578
19579
19590
19591
19592
19593
19594
19595
19596
19597
19598
19599
19630
19631
19632
19633
19634
19635
19636
19637
19638
19639
19650
19651
19652
19653
19654
19655
19656
19657
19658
19659
19670
19671
19672
19673
19674
19675
19676
19677
19678
19679
19690
19691
19692
19693
19694
19695
19696
19697
19698
19699
19710
19711
19712
19713
19714
19715
19716
19717
19718
19719
19730
19731
19732
19733
19734
19735
19736
19737
19738
19739
19750
19751
19752
19753
19754
19755
19756
19757
19758
19759
19770
19771
19772
19773
19774
19775
19776
19777
19778
19779
19790
19791
19792
19793
19794
19795
19796
19797
19798
19799
19810
19811
19812
19813
19814
19815
19816
19817
19818
19819
19830
19831
19832
19833
19834
19835
19836
19837
19838
19839
19850
19851
19852
19853
19854
19855
19856
19857
19858
19859
19890
19891
19892
19893
19894
19895
19896
19897
19898
19899
19910
19911
19912
19913
19914
19915
19916
19917
19918
19919
19930
19931
19932
19933
19934
19935
19936
19937
19938
19939
19950
19951
19952
19953
19954
19955
19956
19957
19958
19959
19970
19971
19972
19973
19974
19975
19976
19977
19978
19979
19990
19991
19992
19993
19994
19995
19996
19997
19998
19999
20010
20011
20012
20013
20014
20015
20016
20017
20018
20019
20030
20031
20032
20033
20034
20035
20036
20037
20038
20039
20050
20051
20052
20053
20054
20055
20056
20057
20058
20059
20070
20071
20072
20073
20074
20075
20076
20077
20078
20079
20090
20091
20092
20093
20094
20095
20096
20097
20098
20099
20110
20111
20112
20113
20114
20115
20116
20117
20118
20119
20150
20151
20152
20153
20154
20155
20156
20157
20158
20159
20170
20171
20172
20173
20174
20175
20176
20177
20178
20179
20190
20191
20192
20193
20194
20195
20196
20197
20198
20199
20210
20211
20212
20213
20214
20215
20216
20217
20218
20219
20230
20231
20232
20233
20234
20235
20236
20237
20238
20239
20250
20251
20252
20253
20254
20255
20256
20257
20258
20259
20270
20271
20272
20273
20274
20275
20276
20277
20278
20279
20290
20291
20292
20293
20294
20295
20296
20297
20298
20299
20310
20311
20312
20313
20314
20315
20316
20317
20318
20319
20330
20331
20332
20333
20334
20335
20336
20337
20338
20339
20350
20351
20352
20353
20354
20355
20356
20357
20358
20359
20370
20371
20372
20373
20374
20375
20376
20377
20378
20379
20410
20411
20412
20413
20414
20415
20416
20417
20418
20419
20430
20431
20432
20433
20434
20435
20436
20437
20438
20439
20450
20451
20452
20453
20454
20455
20456
20457
20458
20459
20470
20471
20472
20473
20474
20475
20476
20477
20478
20479
20490
20491
20492
20493
20494
20495
20496
20497
20498
20499
20510
20511
20512
20513
20514
20515
20516
20517
20518
20519
20530
20531
20532
20533
20534
20535
20536
20537
20538
20539
20550
20551
20552
20553
20554
20555
20556
20557
20558
20559
20570
20571
20572
20573
20574
20575
20576
20577
20578
20579
20590
20591
20592
20593
20594
20595
20596
20597
20598
20599
20610
20611
20612
20613
20614
20615
20616
20617
20618
20619
20630
20631
20632
20633
20634
20635
20636
20637
20638
20639
20670
20671
20672
20673
20674
20675
20676
20677
20678
20679
20690
20691
20692
20693
20694
20695
20696
20697
20698
20699
20710
20711
20712
20713
20714
20715
20716
20717
20718
20719
20730
20731
20732
20733
20734
20735
20736
20737
20738
20739
20750
20751
20752
20753
20754
20755
20756
20757
20758
20759
20770
20771
20772
20773
20774
20775
20776
20777
20778
20779
20790
20791
20792
20793
20794
20795
20796
20797
20798
20799
20810
20811
20812
20813
20814
20815
20816
20817
20818
20819
20830
20831
20832
20833
20834
20835
20836
20837
20838
20839
20850
20851
20852
20853
20854
20855
20856
20857
20858
20859
20870
20871
20872
20873
20874
20875
20876
20877
20878
20879
20890
20891
20892
20893
20894
20895
20896
20897
20898
20899
20930
20931
20932
20933
20934
20935
20936
20937
20938
20939
20950
20951
20952
20953
20954
20955
20956
20957
20958
20959
20970
20971
20972
20973
20974
20975
20976
20977
20978
20979
20990
20991
20992
20993
20994
20995
20996
20997
20998
20999
21010
21011
21012
21013
21014
21015
21016
21017
21018
21019
21030
21031
21032
21033
21034
21035
21036
21037
21038
21039
21050
21051
21052
21053
21054
21055
21056
21057
21058
21059
21070
21071
21072
21073
21074
21075
21076
21077
21078
21079
21090
21091
21092
21093
21094
21095
21096
21097
21098
21099
21110
21111
21112
21113
21114
21115
21116
21117
21118
21119
21130
21131
21132
21133
21134
21135
21136
21137
21138
21139
21150
21151
21152
21153
21154
21155
21156
21157
21158
21159
21190
21191
21192
21193
21194
21195
21196
21197
21198
21199
21210
21211
21212
21213
21214
21215
21216
21217
21218
21219
21230
21231
21232
21233
21234
21235
21236
21237
21238
21239
21250
21251
21252
21253
21254
21255
21256
21257
21258
21259
21270
21271
21272
21273
21274
21275
21276
21277
21278
21279
21290
21291
21292
21293
21294
21295
21296
21297
21298
21299
21310
21311
21312
21313
21314
21315
21316
21317
21318
21319
21330
21331
21332
21333
21334
21335
21336
21337
21338
21339
21350
21351
21352
21353
21354
21355
21356
21357
21358
21359
21370
21371
21372
21373
21374
21375
21376
21377
21378
21379
21390
21391
21392
21393
21394
21395
21396
21397
21398
21399
21410
21411
21412
21413
21414
21415
21416
21417
21418
21419
21450
21451
21452
21453
21454
21455
21456
21457
21458
21459
21470
21471
21472
21473
21474
21475
21476
21477
21478
21479
21490
21491
21492
21493
21494
21495
21496
21497
21498
21510
21511
21512
21513
21514
21515
21516
21517
21530
21531
21532
21533
21534
21535
21536
21550
21551
21552
21553
21554
21555
21570
21571
21572
21573
21590
21591
21592
21610
21611
21630
)


// ************************************************************************* //
