/*--------------------------------*- C++ -*----------------------------------*\
  =========                 |
  \\      /  F ield         | OpenFOAM: The Open Source CFD Toolbox
   \\    /   O peration     | Website:  https://openfoam.org
    \\  /    A nd           | Version:  7
     \\/     M anipulation  |
\*---------------------------------------------------------------------------*/
FoamFile
{
    version     2.0;
    format      ascii;
    class       labelList;
    location    "constant/polyMesh";
    object      cellProcAddressing;
}
// * * * * * * * * * * * * * * * * * * * * * * * * * * * * * * * * * * * * * //


1271
(
1441
1442
1443
1444
1445
1446
1447
1448
1449
1450
1584
1585
1586
1587
1588
1589
1590
1591
1592
1593
1594
1728
1729
1730
1731
1732
1733
1734
1735
1736
1737
1738
1872
1873
1874
1875
1876
1877
1878
1879
1880
1881
1882
2016
2017
2018
2019
2020
2021
2022
2023
2024
2025
2026
2160
2161
2162
2163
2164
2165
2166
2167
2168
2169
2170
2304
2305
2306
2307
2308
2309
2310
2311
2312
2313
2314
2448
2449
2450
2451
2452
2453
2454
2455
2456
2457
2458
2592
2593
2594
2595
2596
2597
2598
2599
2600
2601
2602
2736
2737
2738
2739
2740
2741
2742
2743
2744
2745
2746
2880
2881
2882
2883
2884
2885
2886
2887
2888
2889
2890
5554
5565
5566
5576
5577
5578
5587
5588
5589
5590
5598
5599
5600
5601
5602
5609
5610
5611
5612
5613
5614
5621
5622
5623
5624
5625
5626
5632
5633
5634
5635
5636
5637
5638
5643
5644
5645
5646
5647
5648
5649
5650
5654
5655
5656
5657
5658
5659
5660
5661
5662
5784
5785
5786
5787
5788
5789
5790
5791
5792
5793
5794
5796
5797
5798
5799
5800
5801
5802
5803
5804
5805
5806
5808
5809
5810
5811
5812
5813
5814
5815
5816
5817
5818
5820
5821
5822
5823
5824
5825
5826
5827
5828
5829
5830
5832
5833
5834
5835
5836
5837
5838
5839
5840
5841
5842
5844
5845
5846
5847
5848
5849
5850
5851
5852
5853
5854
5856
5857
5858
5859
5860
5861
5862
5863
5864
5865
5866
5868
5869
5870
5871
5872
5873
5874
5875
5876
5877
5878
5880
5881
5882
5883
5884
5885
5886
5887
5888
5889
5890
5892
5893
5894
5895
5896
5897
5898
5899
5900
5901
5902
6024
6025
6026
6027
6028
6029
6030
6031
6032
6033
6034
6036
6037
6038
6039
6040
6041
6042
6043
6044
6045
6046
6048
6049
6050
6051
6052
6053
6054
6055
6056
6057
6058
6060
6061
6062
6063
6064
6065
6066
6067
6068
6069
6070
6072
6073
6074
6075
6076
6077
6078
6079
6080
6081
6082
6084
6085
6086
6087
6088
6089
6090
6091
6092
6093
6094
6096
6097
6098
6099
6100
6101
6102
6103
6104
6105
6106
6108
6109
6110
6111
6112
6113
6114
6115
6116
6117
6118
6120
6121
6122
6123
6124
6125
6126
6127
6128
6129
6130
6132
6133
6134
6135
6136
6137
6138
6139
6140
6141
6142
6264
6265
6266
6267
6268
6269
6270
6271
6272
6273
6274
6276
6277
6278
6279
6280
6281
6282
6283
6284
6285
6286
6288
6289
6290
6291
6292
6293
6294
6295
6296
6297
6298
6300
6301
6302
6303
6304
6305
6306
6307
6308
6309
6310
6312
6313
6314
6315
6316
6317
6318
6319
6320
6321
6322
6324
6325
6326
6327
6328
6329
6330
6331
6332
6333
6334
6336
6337
6338
6339
6340
6341
6342
6343
6344
6345
6346
6348
6349
6350
6351
6352
6353
6354
6355
6356
6357
6358
6360
6361
6362
6363
6364
6365
6366
6367
6368
6369
6370
6372
6373
6374
6375
6376
6377
6378
6379
6380
6381
6382
6504
6505
6506
6507
6508
6509
6510
6511
6512
6513
6514
6516
6517
6518
6519
6520
6521
6522
6523
6524
6525
6526
6528
6529
6530
6531
6532
6533
6534
6535
6536
6537
6538
6540
6541
6542
6543
6544
6545
6546
6547
6548
6549
6550
6552
6553
6554
6555
6556
6557
6558
6559
6560
6561
6562
6564
6565
6566
6567
6568
6569
6570
6571
6572
6573
6574
6576
6577
6578
6579
6580
6581
6582
6583
6584
6585
6586
6588
6589
6590
6591
6592
6593
6594
6595
6596
6597
6598
6600
6601
6602
6603
6604
6605
6606
6607
6608
6609
6610
6612
6613
6614
6615
6616
6617
6618
6619
6620
6621
6622
6744
6745
6746
6747
6748
6749
6750
6751
6752
6753
6754
6756
6757
6758
6759
6760
6761
6762
6763
6764
6765
6766
6768
6769
6770
6771
6772
6773
6774
6775
6776
6777
6778
6780
6781
6782
6783
6784
6785
6786
6787
6788
6789
6790
6792
6793
6794
6795
6796
6797
6798
6799
6800
6801
6802
6804
6805
6806
6807
6808
6809
6810
6811
6812
6813
6814
6816
6817
6818
6819
6820
6821
6822
6823
6824
6825
6826
6828
6829
6830
6831
6832
6833
6834
6835
6836
6837
6838
6840
6841
6842
6843
6844
6845
6846
6847
6848
6849
6850
6852
6853
6854
6855
6856
6857
6858
6859
6860
6861
6862
6984
6985
6986
6987
6988
6989
6990
6991
6992
6993
6994
6996
6997
6998
6999
7000
7001
7002
7003
7004
7005
7006
7008
7009
7010
7011
7012
7013
7014
7015
7016
7017
7018
7020
7021
7022
7023
7024
7025
7026
7027
7028
7029
7030
7032
7033
7034
7035
7036
7037
7038
7039
7040
7041
7042
7044
7045
7046
7047
7048
7049
7050
7051
7052
7053
7054
7056
7057
7058
7059
7060
7061
7062
7063
7064
7065
7066
7068
7069
7070
7071
7072
7073
7074
7075
7076
7077
7078
7080
7081
7082
7083
7084
7085
7086
7087
7088
7089
7090
7092
7093
7094
7095
7096
7097
7098
7099
7100
7101
7102
7224
7225
7226
7227
7228
7229
7230
7231
7232
7233
7234
7236
7237
7238
7239
7240
7241
7242
7243
7244
7245
7246
7248
7249
7250
7251
7252
7253
7254
7255
7256
7257
7258
7260
7261
7262
7263
7264
7265
7266
7267
7268
7269
7270
7272
7273
7274
7275
7276
7277
7278
7279
7280
7281
7282
7284
7285
7286
7287
7288
7289
7290
7291
7292
7293
7294
7296
7297
7298
7299
7300
7301
7302
7303
7304
7305
7306
7308
7309
7310
7311
7312
7313
7314
7315
7316
7317
7318
7320
7321
7322
7323
7324
7325
7326
7327
7328
7329
7330
7332
7333
7334
7335
7336
7337
7338
7339
7340
7341
7342
7464
7465
7466
7467
7468
7469
7470
7471
7472
7473
7474
7476
7477
7478
7479
7480
7481
7482
7483
7484
7485
7486
7488
7489
7490
7491
7492
7493
7494
7495
7496
7497
7498
7500
7501
7502
7503
7504
7505
7506
7507
7508
7509
7510
7512
7513
7514
7515
7516
7517
7518
7519
7520
7521
7522
7524
7525
7526
7527
7528
7529
7530
7531
7532
7533
7534
7536
7537
7538
7539
7540
7541
7542
7543
7544
7545
7546
7548
7549
7550
7551
7552
7553
7554
7555
7556
7557
7558
7560
7561
7562
7563
7564
7565
7566
7567
7568
7569
7570
7572
7573
7574
7575
7576
7577
7578
7579
7580
7581
7582
7704
7705
7706
7707
7708
7709
7710
7711
7712
7713
7714
7716
7717
7718
7719
7720
7721
7722
7723
7724
7725
7726
7728
7729
7730
7731
7732
7733
7734
7735
7736
7737
7738
7740
7741
7742
7743
7744
7745
7746
7747
7748
7749
7750
7752
7753
7754
7755
7756
7757
7758
7759
7760
7761
7762
7764
7765
7766
7767
7768
7769
7770
7771
7772
7773
7774
7776
7777
7778
7779
7780
7781
7782
7783
7784
7785
7786
7788
7789
7790
7791
7792
7793
7794
7795
7796
7797
7798
7800
7801
7802
7803
7804
7805
7806
7807
7808
7809
7810
7812
7813
7814
7815
7816
7817
7818
7819
7820
7821
7822
7944
7945
7946
7947
7948
7949
7950
7951
7952
7953
7954
7956
7957
7958
7959
7960
7961
7962
7963
7964
7965
7966
7968
7969
7970
7971
7972
7973
7974
7975
7976
7977
7978
7980
7981
7982
7983
7984
7985
7986
7987
7988
7989
7990
7992
7993
7994
7995
7996
7997
7998
7999
8000
8001
8002
8004
8005
8006
8007
8008
8009
8010
8011
8012
8013
8014
8016
8017
8018
8019
8020
8021
8022
8023
8024
8025
8026
8028
8029
8030
8031
8032
8033
8034
8035
8036
8037
8038
8040
8041
8042
8043
8044
8045
8046
8047
8048
8049
8050
8052
8053
8054
8055
8056
8057
8058
8059
8060
8061
8062
)


// ************************************************************************* //
