/*--------------------------------*- C++ -*----------------------------------*\
  =========                 |
  \\      /  F ield         | OpenFOAM: The Open Source CFD Toolbox
   \\    /   O peration     | Website:  https://openfoam.org
    \\  /    A nd           | Version:  7
     \\/     M anipulation  |
\*---------------------------------------------------------------------------*/
FoamFile
{
    version     2.0;
    format      ascii;
    class       labelList;
    location    "constant/polyMesh";
    object      faceProcAddressing;
}
// * * * * * * * * * * * * * * * * * * * * * * * * * * * * * * * * * * * * * //


4175
(
4325
4327
4329
4331
4332
4333
4335
4336
4337
4339
4340
4341
4343
4344
4345
4347
4348
4349
4351
4352
4353
4355
4356
4357
4359
4360
4363
4364
4753
4755
4756
4757
4759
4760
4761
4763
4764
4765
4767
4768
4769
4771
4772
4773
4775
4776
4777
4779
4780
4781
4783
4784
4785
4787
4788
4789
4791
4792
4795
4796
5185
5187
5188
5189
5191
5192
5193
5195
5196
5197
5199
5200
5201
5203
5204
5205
5207
5208
5209
5211
5212
5213
5215
5216
5217
5219
5220
5221
5223
5224
5227
5228
5617
5619
5620
5621
5623
5624
5625
5627
5628
5629
5631
5632
5633
5635
5636
5637
5639
5640
5641
5643
5644
5645
5647
5648
5649
5651
5652
5653
5655
5656
5659
5660
6049
6051
6052
6053
6055
6056
6057
6059
6060
6061
6063
6064
6065
6067
6068
6069
6071
6072
6073
6075
6076
6077
6079
6080
6081
6083
6084
6085
6087
6088
6091
6092
6481
6483
6484
6485
6487
6488
6489
6491
6492
6493
6495
6496
6497
6499
6500
6501
6503
6504
6505
6507
6508
6509
6511
6512
6513
6515
6516
6517
6519
6520
6523
6524
6913
6915
6916
6917
6919
6920
6921
6923
6924
6925
6927
6928
6929
6931
6932
6933
6935
6936
6937
6939
6940
6941
6943
6944
6945
6947
6948
6949
6951
6952
6955
6956
7345
7347
7348
7349
7351
7352
7353
7355
7356
7357
7359
7360
7361
7363
7364
7365
7367
7368
7369
7371
7372
7373
7375
7376
7377
7379
7380
7381
7383
7384
7387
7388
7777
7779
7780
7781
7783
7784
7785
7787
7788
7789
7791
7792
7793
7795
7796
7797
7799
7800
7801
7803
7804
7805
7807
7808
7809
7811
7812
7813
7815
7816
7819
7820
8209
8211
8212
8213
8215
8216
8217
8219
8220
8221
8223
8224
8225
8227
8228
8229
8231
8232
8233
8235
8236
8237
8239
8240
8241
8243
8244
8245
8247
8248
8251
8252
8641
8643
8644
8646
8647
8649
8650
8652
8653
8655
8656
8658
8659
8661
8662
8664
8665
8667
8668
8670
8673
16532
16533
16564
16565
16566
16568
16569
16597
16598
16599
16600
16601
16602
16604
16605
16630
16631
16632
16633
16634
16635
16636
16637
16638
16640
16641
16663
16664
16665
16666
16667
16668
16669
16670
16671
16672
16673
16674
16676
16677
16696
16697
16698
16699
16700
16701
16702
16703
16704
16705
16706
16707
16708
16709
16710
16712
16713
16732
16733
16734
16735
16736
16737
16738
16739
16740
16741
16742
16743
16744
16745
16746
16748
16749
16765
16766
16767
16768
16769
16770
16771
16772
16773
16774
16775
16776
16777
16778
16779
16780
16781
16782
16784
16785
16798
16799
16800
16801
16802
16803
16804
16805
16806
16807
16808
16809
16810
16811
16812
16813
16814
16815
16816
16817
16818
16820
16821
16829
16830
16831
16832
16833
16834
16835
16836
16837
16838
16839
16840
16841
16842
16843
16844
16846
17221
17222
17223
17224
17225
17226
17227
17228
17229
17230
17231
17232
17233
17234
17235
17236
17237
17238
17239
17240
17241
17242
17243
17244
17245
17246
17247
17248
17249
17250
17252
17253
17257
17258
17259
17260
17261
17262
17263
17264
17265
17266
17267
17268
17269
17270
17271
17272
17273
17274
17275
17276
17277
17278
17279
17280
17281
17282
17283
17284
17285
17286
17288
17289
17293
17294
17295
17296
17297
17298
17299
17300
17301
17302
17303
17304
17305
17306
17307
17308
17309
17310
17311
17312
17313
17314
17315
17316
17317
17318
17319
17320
17321
17322
17324
17325
17329
17330
17331
17332
17333
17334
17335
17336
17337
17338
17339
17340
17341
17342
17343
17344
17345
17346
17347
17348
17349
17350
17351
17352
17353
17354
17355
17356
17357
17358
17360
17361
17365
17366
17367
17368
17369
17370
17371
17372
17373
17374
17375
17376
17377
17378
17379
17380
17381
17382
17383
17384
17385
17386
17387
17388
17389
17390
17391
17392
17393
17394
17396
17397
17401
17402
17403
17404
17405
17406
17407
17408
17409
17410
17411
17412
17413
17414
17415
17416
17417
17418
17419
17420
17421
17422
17423
17424
17425
17426
17427
17428
17429
17430
17432
17433
17437
17438
17439
17440
17441
17442
17443
17444
17445
17446
17447
17448
17449
17450
17451
17452
17453
17454
17455
17456
17457
17458
17459
17460
17461
17462
17463
17464
17465
17466
17468
17469
17473
17474
17475
17476
17477
17478
17479
17480
17481
17482
17483
17484
17485
17486
17487
17488
17489
17490
17491
17492
17493
17494
17495
17496
17497
17498
17499
17500
17501
17502
17504
17505
17509
17510
17511
17512
17513
17514
17515
17516
17517
17518
17519
17520
17521
17522
17523
17524
17525
17526
17527
17528
17529
17530
17531
17532
17533
17534
17535
17536
17537
17538
17540
17541
17545
17546
17547
17548
17549
17550
17551
17552
17553
17554
17555
17556
17557
17558
17559
17560
17561
17562
17563
17564
17566
17941
17942
17943
17944
17945
17946
17947
17948
17949
17950
17951
17952
17953
17954
17955
17956
17957
17958
17959
17960
17961
17962
17963
17964
17965
17966
17967
17968
17969
17970
17972
17973
17977
17978
17979
17980
17981
17982
17983
17984
17985
17986
17987
17988
17989
17990
17991
17992
17993
17994
17995
17996
17997
17998
17999
18000
18001
18002
18003
18004
18005
18006
18008
18009
18013
18014
18015
18016
18017
18018
18019
18020
18021
18022
18023
18024
18025
18026
18027
18028
18029
18030
18031
18032
18033
18034
18035
18036
18037
18038
18039
18040
18041
18042
18044
18045
18049
18050
18051
18052
18053
18054
18055
18056
18057
18058
18059
18060
18061
18062
18063
18064
18065
18066
18067
18068
18069
18070
18071
18072
18073
18074
18075
18076
18077
18078
18080
18081
18085
18086
18087
18088
18089
18090
18091
18092
18093
18094
18095
18096
18097
18098
18099
18100
18101
18102
18103
18104
18105
18106
18107
18108
18109
18110
18111
18112
18113
18114
18116
18117
18121
18122
18123
18124
18125
18126
18127
18128
18129
18130
18131
18132
18133
18134
18135
18136
18137
18138
18139
18140
18141
18142
18143
18144
18145
18146
18147
18148
18149
18150
18152
18153
18157
18158
18159
18160
18161
18162
18163
18164
18165
18166
18167
18168
18169
18170
18171
18172
18173
18174
18175
18176
18177
18178
18179
18180
18181
18182
18183
18184
18185
18186
18188
18189
18193
18194
18195
18196
18197
18198
18199
18200
18201
18202
18203
18204
18205
18206
18207
18208
18209
18210
18211
18212
18213
18214
18215
18216
18217
18218
18219
18220
18221
18222
18224
18225
18229
18230
18231
18232
18233
18234
18235
18236
18237
18238
18239
18240
18241
18242
18243
18244
18245
18246
18247
18248
18249
18250
18251
18252
18253
18254
18255
18256
18257
18258
18260
18261
18265
18266
18267
18268
18269
18270
18271
18272
18273
18274
18275
18276
18277
18278
18279
18280
18281
18282
18283
18284
18286
18661
18662
18663
18664
18665
18666
18667
18668
18669
18670
18671
18672
18673
18674
18675
18676
18677
18678
18679
18680
18681
18682
18683
18684
18685
18686
18687
18688
18689
18690
18692
18693
18697
18698
18699
18700
18701
18702
18703
18704
18705
18706
18707
18708
18709
18710
18711
18712
18713
18714
18715
18716
18717
18718
18719
18720
18721
18722
18723
18724
18725
18726
18728
18729
18733
18734
18735
18736
18737
18738
18739
18740
18741
18742
18743
18744
18745
18746
18747
18748
18749
18750
18751
18752
18753
18754
18755
18756
18757
18758
18759
18760
18761
18762
18764
18765
18769
18770
18771
18772
18773
18774
18775
18776
18777
18778
18779
18780
18781
18782
18783
18784
18785
18786
18787
18788
18789
18790
18791
18792
18793
18794
18795
18796
18797
18798
18800
18801
18805
18806
18807
18808
18809
18810
18811
18812
18813
18814
18815
18816
18817
18818
18819
18820
18821
18822
18823
18824
18825
18826
18827
18828
18829
18830
18831
18832
18833
18834
18836
18837
18841
18842
18843
18844
18845
18846
18847
18848
18849
18850
18851
18852
18853
18854
18855
18856
18857
18858
18859
18860
18861
18862
18863
18864
18865
18866
18867
18868
18869
18870
18872
18873
18877
18878
18879
18880
18881
18882
18883
18884
18885
18886
18887
18888
18889
18890
18891
18892
18893
18894
18895
18896
18897
18898
18899
18900
18901
18902
18903
18904
18905
18906
18908
18909
18913
18914
18915
18916
18917
18918
18919
18920
18921
18922
18923
18924
18925
18926
18927
18928
18929
18930
18931
18932
18933
18934
18935
18936
18937
18938
18939
18940
18941
18942
18944
18945
18949
18950
18951
18952
18953
18954
18955
18956
18957
18958
18959
18960
18961
18962
18963
18964
18965
18966
18967
18968
18969
18970
18971
18972
18973
18974
18975
18976
18977
18978
18980
18981
18985
18986
18987
18988
18989
18990
18991
18992
18993
18994
18995
18996
18997
18998
18999
19000
19001
19002
19003
19004
19006
19381
19382
19383
19384
19385
19386
19387
19388
19389
19390
19391
19392
19393
19394
19395
19396
19397
19398
19399
19400
19401
19402
19403
19404
19405
19406
19407
19408
19409
19410
19412
19413
19417
19418
19419
19420
19421
19422
19423
19424
19425
19426
19427
19428
19429
19430
19431
19432
19433
19434
19435
19436
19437
19438
19439
19440
19441
19442
19443
19444
19445
19446
19448
19449
19453
19454
19455
19456
19457
19458
19459
19460
19461
19462
19463
19464
19465
19466
19467
19468
19469
19470
19471
19472
19473
19474
19475
19476
19477
19478
19479
19480
19481
19482
19484
19485
19489
19490
19491
19492
19493
19494
19495
19496
19497
19498
19499
19500
19501
19502
19503
19504
19505
19506
19507
19508
19509
19510
19511
19512
19513
19514
19515
19516
19517
19518
19520
19521
19525
19526
19527
19528
19529
19530
19531
19532
19533
19534
19535
19536
19537
19538
19539
19540
19541
19542
19543
19544
19545
19546
19547
19548
19549
19550
19551
19552
19553
19554
19556
19557
19561
19562
19563
19564
19565
19566
19567
19568
19569
19570
19571
19572
19573
19574
19575
19576
19577
19578
19579
19580
19581
19582
19583
19584
19585
19586
19587
19588
19589
19590
19592
19593
19597
19598
19599
19600
19601
19602
19603
19604
19605
19606
19607
19608
19609
19610
19611
19612
19613
19614
19615
19616
19617
19618
19619
19620
19621
19622
19623
19624
19625
19626
19628
19629
19633
19634
19635
19636
19637
19638
19639
19640
19641
19642
19643
19644
19645
19646
19647
19648
19649
19650
19651
19652
19653
19654
19655
19656
19657
19658
19659
19660
19661
19662
19664
19665
19669
19670
19671
19672
19673
19674
19675
19676
19677
19678
19679
19680
19681
19682
19683
19684
19685
19686
19687
19688
19689
19690
19691
19692
19693
19694
19695
19696
19697
19698
19700
19701
19705
19706
19707
19708
19709
19710
19711
19712
19713
19714
19715
19716
19717
19718
19719
19720
19721
19722
19723
19724
19726
20101
20102
20103
20104
20105
20106
20107
20108
20109
20110
20111
20112
20113
20114
20115
20116
20117
20118
20119
20120
20121
20122
20123
20124
20125
20126
20127
20128
20129
20130
20132
20133
20137
20138
20139
20140
20141
20142
20143
20144
20145
20146
20147
20148
20149
20150
20151
20152
20153
20154
20155
20156
20157
20158
20159
20160
20161
20162
20163
20164
20165
20166
20168
20169
20173
20174
20175
20176
20177
20178
20179
20180
20181
20182
20183
20184
20185
20186
20187
20188
20189
20190
20191
20192
20193
20194
20195
20196
20197
20198
20199
20200
20201
20202
20204
20205
20209
20210
20211
20212
20213
20214
20215
20216
20217
20218
20219
20220
20221
20222
20223
20224
20225
20226
20227
20228
20229
20230
20231
20232
20233
20234
20235
20236
20237
20238
20240
20241
20245
20246
20247
20248
20249
20250
20251
20252
20253
20254
20255
20256
20257
20258
20259
20260
20261
20262
20263
20264
20265
20266
20267
20268
20269
20270
20271
20272
20273
20274
20276
20277
20281
20282
20283
20284
20285
20286
20287
20288
20289
20290
20291
20292
20293
20294
20295
20296
20297
20298
20299
20300
20301
20302
20303
20304
20305
20306
20307
20308
20309
20310
20312
20313
20317
20318
20319
20320
20321
20322
20323
20324
20325
20326
20327
20328
20329
20330
20331
20332
20333
20334
20335
20336
20337
20338
20339
20340
20341
20342
20343
20344
20345
20346
20348
20349
20353
20354
20355
20356
20357
20358
20359
20360
20361
20362
20363
20364
20365
20366
20367
20368
20369
20370
20371
20372
20373
20374
20375
20376
20377
20378
20379
20380
20381
20382
20384
20385
20389
20390
20391
20392
20393
20394
20395
20396
20397
20398
20399
20400
20401
20402
20403
20404
20405
20406
20407
20408
20409
20410
20411
20412
20413
20414
20415
20416
20417
20418
20420
20421
20425
20426
20427
20428
20429
20430
20431
20432
20433
20434
20435
20436
20437
20438
20439
20440
20441
20442
20443
20444
20446
20821
20822
20823
20824
20825
20826
20827
20828
20829
20830
20831
20832
20833
20834
20835
20836
20837
20838
20839
20840
20841
20842
20843
20844
20845
20846
20847
20848
20849
20850
20852
20853
20857
20858
20859
20860
20861
20862
20863
20864
20865
20866
20867
20868
20869
20870
20871
20872
20873
20874
20875
20876
20877
20878
20879
20880
20881
20882
20883
20884
20885
20886
20888
20889
20893
20894
20895
20896
20897
20898
20899
20900
20901
20902
20903
20904
20905
20906
20907
20908
20909
20910
20911
20912
20913
20914
20915
20916
20917
20918
20919
20920
20921
20922
20924
20925
20929
20930
20931
20932
20933
20934
20935
20936
20937
20938
20939
20940
20941
20942
20943
20944
20945
20946
20947
20948
20949
20950
20951
20952
20953
20954
20955
20956
20957
20958
20960
20961
20965
20966
20967
20968
20969
20970
20971
20972
20973
20974
20975
20976
20977
20978
20979
20980
20981
20982
20983
20984
20985
20986
20987
20988
20989
20990
20991
20992
20993
20994
20996
20997
21001
21002
21003
21004
21005
21006
21007
21008
21009
21010
21011
21012
21013
21014
21015
21016
21017
21018
21019
21020
21021
21022
21023
21024
21025
21026
21027
21028
21029
21030
21032
21033
21037
21038
21039
21040
21041
21042
21043
21044
21045
21046
21047
21048
21049
21050
21051
21052
21053
21054
21055
21056
21057
21058
21059
21060
21061
21062
21063
21064
21065
21066
21068
21069
21073
21074
21075
21076
21077
21078
21079
21080
21081
21082
21083
21084
21085
21086
21087
21088
21089
21090
21091
21092
21093
21094
21095
21096
21097
21098
21099
21100
21101
21102
21104
21105
21109
21110
21111
21112
21113
21114
21115
21116
21117
21118
21119
21120
21121
21122
21123
21124
21125
21126
21127
21128
21129
21130
21131
21132
21133
21134
21135
21136
21137
21138
21140
21141
21145
21146
21147
21148
21149
21150
21151
21152
21153
21154
21155
21156
21157
21158
21159
21160
21161
21162
21163
21164
21166
21541
21542
21543
21544
21545
21546
21547
21548
21549
21550
21551
21552
21553
21554
21555
21556
21557
21558
21559
21560
21561
21562
21563
21564
21565
21566
21567
21568
21569
21570
21572
21573
21577
21578
21579
21580
21581
21582
21583
21584
21585
21586
21587
21588
21589
21590
21591
21592
21593
21594
21595
21596
21597
21598
21599
21600
21601
21602
21603
21604
21605
21606
21608
21609
21613
21614
21615
21616
21617
21618
21619
21620
21621
21622
21623
21624
21625
21626
21627
21628
21629
21630
21631
21632
21633
21634
21635
21636
21637
21638
21639
21640
21641
21642
21644
21645
21649
21650
21651
21652
21653
21654
21655
21656
21657
21658
21659
21660
21661
21662
21663
21664
21665
21666
21667
21668
21669
21670
21671
21672
21673
21674
21675
21676
21677
21678
21680
21681
21685
21686
21687
21688
21689
21690
21691
21692
21693
21694
21695
21696
21697
21698
21699
21700
21701
21702
21703
21704
21705
21706
21707
21708
21709
21710
21711
21712
21713
21714
21716
21717
21721
21722
21723
21724
21725
21726
21727
21728
21729
21730
21731
21732
21733
21734
21735
21736
21737
21738
21739
21740
21741
21742
21743
21744
21745
21746
21747
21748
21749
21750
21752
21753
21757
21758
21759
21760
21761
21762
21763
21764
21765
21766
21767
21768
21769
21770
21771
21772
21773
21774
21775
21776
21777
21778
21779
21780
21781
21782
21783
21784
21785
21786
21788
21789
21793
21794
21795
21796
21797
21798
21799
21800
21801
21802
21803
21804
21805
21806
21807
21808
21809
21810
21811
21812
21813
21814
21815
21816
21817
21818
21819
21820
21821
21822
21824
21825
21829
21830
21831
21832
21833
21834
21835
21836
21837
21838
21839
21840
21841
21842
21843
21844
21845
21846
21847
21848
21849
21850
21851
21852
21853
21854
21855
21856
21857
21858
21860
21861
21865
21866
21867
21868
21869
21870
21871
21872
21873
21874
21875
21876
21877
21878
21879
21880
21881
21882
21883
21884
21886
22261
22262
22263
22264
22265
22266
22267
22268
22269
22270
22271
22272
22273
22274
22275
22276
22277
22278
22279
22280
22281
22282
22283
22284
22285
22286
22287
22288
22289
22290
22292
22293
22297
22298
22299
22300
22301
22302
22303
22304
22305
22306
22307
22308
22309
22310
22311
22312
22313
22314
22315
22316
22317
22318
22319
22320
22321
22322
22323
22324
22325
22326
22328
22329
22333
22334
22335
22336
22337
22338
22339
22340
22341
22342
22343
22344
22345
22346
22347
22348
22349
22350
22351
22352
22353
22354
22355
22356
22357
22358
22359
22360
22361
22362
22364
22365
22369
22370
22371
22372
22373
22374
22375
22376
22377
22378
22379
22380
22381
22382
22383
22384
22385
22386
22387
22388
22389
22390
22391
22392
22393
22394
22395
22396
22397
22398
22400
22401
22405
22406
22407
22408
22409
22410
22411
22412
22413
22414
22415
22416
22417
22418
22419
22420
22421
22422
22423
22424
22425
22426
22427
22428
22429
22430
22431
22432
22433
22434
22436
22437
22441
22442
22443
22444
22445
22446
22447
22448
22449
22450
22451
22452
22453
22454
22455
22456
22457
22458
22459
22460
22461
22462
22463
22464
22465
22466
22467
22468
22469
22470
22472
22473
22477
22478
22479
22480
22481
22482
22483
22484
22485
22486
22487
22488
22489
22490
22491
22492
22493
22494
22495
22496
22497
22498
22499
22500
22501
22502
22503
22504
22505
22506
22508
22509
22513
22514
22515
22516
22517
22518
22519
22520
22521
22522
22523
22524
22525
22526
22527
22528
22529
22530
22531
22532
22533
22534
22535
22536
22537
22538
22539
22540
22541
22542
22544
22545
22549
22550
22551
22552
22553
22554
22555
22556
22557
22558
22559
22560
22561
22562
22563
22564
22565
22566
22567
22568
22569
22570
22571
22572
22573
22574
22575
22576
22577
22578
22580
22581
22585
22586
22587
22588
22589
22590
22591
22592
22593
22594
22595
22596
22597
22598
22599
22600
22601
22602
22603
22604
22606
22981
22982
22983
22984
22985
22986
22987
22988
22989
22990
22991
22992
22993
22994
22995
22996
22997
22998
22999
23000
23001
23002
23003
23004
23005
23006
23007
23008
23009
23010
23012
23013
23017
23018
23019
23020
23021
23022
23023
23024
23025
23026
23027
23028
23029
23030
23031
23032
23033
23034
23035
23036
23037
23038
23039
23040
23041
23042
23043
23044
23045
23046
23048
23049
23053
23054
23055
23056
23057
23058
23059
23060
23061
23062
23063
23064
23065
23066
23067
23068
23069
23070
23071
23072
23073
23074
23075
23076
23077
23078
23079
23080
23081
23082
23084
23085
23089
23090
23091
23092
23093
23094
23095
23096
23097
23098
23099
23100
23101
23102
23103
23104
23105
23106
23107
23108
23109
23110
23111
23112
23113
23114
23115
23116
23117
23118
23120
23121
23125
23126
23127
23128
23129
23130
23131
23132
23133
23134
23135
23136
23137
23138
23139
23140
23141
23142
23143
23144
23145
23146
23147
23148
23149
23150
23151
23152
23153
23154
23156
23157
23161
23162
23163
23164
23165
23166
23167
23168
23169
23170
23171
23172
23173
23174
23175
23176
23177
23178
23179
23180
23181
23182
23183
23184
23185
23186
23187
23188
23189
23190
23192
23193
23197
23198
23199
23200
23201
23202
23203
23204
23205
23206
23207
23208
23209
23210
23211
23212
23213
23214
23215
23216
23217
23218
23219
23220
23221
23222
23223
23224
23225
23226
23228
23229
23233
23234
23235
23236
23237
23238
23239
23240
23241
23242
23243
23244
23245
23246
23247
23248
23249
23250
23251
23252
23253
23254
23255
23256
23257
23258
23259
23260
23261
23262
23264
23265
23269
23270
23271
23272
23273
23274
23275
23276
23277
23278
23279
23280
23281
23282
23283
23284
23285
23286
23287
23288
23289
23290
23291
23292
23293
23294
23295
23296
23297
23298
23300
23301
23305
23306
23307
23308
23309
23310
23311
23312
23313
23314
23315
23316
23317
23318
23319
23320
23321
23322
23323
23324
23326
23581
23582
23583
23584
23585
23586
23587
23588
23589
23590
23591
23592
23593
23594
23595
23596
23597
23598
23599
23600
23602
23605
23606
23607
23608
23609
23610
23611
23612
23613
23614
23615
23616
23617
23618
23619
23620
23621
23622
23623
23624
23626
23629
23630
23631
23632
23633
23634
23635
23636
23637
23638
23639
23640
23641
23642
23643
23644
23645
23646
23647
23648
23650
23653
23654
23655
23656
23657
23658
23659
23660
23661
23662
23663
23664
23665
23666
23667
23668
23669
23670
23671
23672
23674
23677
23678
23679
23680
23681
23682
23683
23684
23685
23686
23687
23688
23689
23690
23691
23692
23693
23694
23695
23696
23698
23701
23702
23703
23704
23705
23706
23707
23708
23709
23710
23711
23712
23713
23714
23715
23716
23717
23718
23719
23720
23722
23725
23726
23727
23728
23729
23730
23731
23732
23733
23734
23735
23736
23737
23738
23739
23740
23741
23742
23743
23744
23746
23749
23750
23751
23752
23753
23754
23755
23756
23757
23758
23759
23760
23761
23762
23763
23764
23765
23766
23767
23768
23770
23773
23774
23775
23776
23777
23778
23779
23780
23781
23782
23783
23784
23785
23786
23787
23788
23789
23790
23791
23792
23794
23797
23798
23799
23800
23801
23802
23803
23804
23805
23806
120515
120516
120517
120518
120519
120520
120521
120522
120523
120524
120535
120536
120537
120538
120539
120540
120541
120542
120543
120544
120555
120556
120557
120558
120559
120560
120561
120562
120563
120564
120575
120576
120577
120578
120579
120580
120581
120582
120583
120584
120595
120596
120597
120598
120599
120600
120601
120602
120603
120604
120615
120616
120617
120618
120619
120620
120621
120622
120623
120624
120635
120636
120637
120638
120639
120640
120641
120642
120643
120644
120655
120656
120657
120658
120659
120660
120661
120662
120663
120664
120675
120676
120677
120678
120679
120680
120681
120682
120683
120684
120695
120696
120697
120698
120699
120700
120701
120702
120703
120704
120837
120849
120861
120873
120885
120897
120909
120921
120933
120945
124355
124356
124357
124358
124359
124360
124361
124362
124363
124364
124375
124376
124377
124378
124379
124380
124381
124382
124383
124384
124395
124396
124397
124398
124399
124400
124401
124402
124403
124404
124415
124416
124417
124418
124419
124420
124421
124422
124423
124424
124435
124436
124437
124438
124439
124440
124441
124442
124443
124444
124455
124456
124457
124458
124459
124460
124461
124462
124463
124464
124475
124476
124477
124478
124479
124480
124481
124482
124483
124484
124495
124496
124497
124498
124499
124500
124501
124502
124503
124504
124515
124516
124517
124518
124519
124520
124521
124522
124523
124524
124535
124536
124537
124538
124539
124540
124541
124542
124543
124544
124555
124556
124557
124558
124559
124560
124561
124562
124563
124564
125225
125237
125249
125261
125273
125285
125297
125309
125321
125333
125345
-3895
-3899
-3903
-3907
-3911
-3915
-3919
-3923
-3927
-3931
-4321
-4323
4328
-15813
-15846
-15849
-15879
-15882
-15885
-15912
-15915
-15918
-15921
-15945
-15948
-15951
-15954
-15957
-15978
-15981
-15984
-15987
-15990
-15993
-16014
-16017
-16020
-16023
-16026
-16029
-16047
-16050
-16053
-16056
-16059
-16062
-16065
-16080
-16083
-16086
-16089
-16092
-16095
-16098
-16101
-16110
-16112
-16114
-16116
-16118
-16120
-16122
-16124
-16126
-16503
-16506
-16509
-16512
-16515
-16518
-16521
-16524
-16527
-16528
-16529
-16530
-16539
-16542
-16545
-16548
-16551
-16554
-16557
-16560
-16561
-16562
-16563
-16575
-16578
-16581
-16584
-16587
-16590
-16593
-16594
-16595
-16596
-16611
-16614
-16617
-16620
-16623
-16626
-16627
-16628
-16629
-16647
-16650
-16653
-16656
-16659
-16660
-16661
-16662
-16683
-16686
-16689
-16692
-16693
-16695
-16719
-16722
-16725
-16728
-16729
-16730
-16731
-16755
-16758
-16761
-16762
-16763
-16764
-16791
-16794
-16795
-16796
-16797
-16826
-16827
-16828
4361
16531
16567
16603
16639
16675
16711
16747
16783
16819
16845
4326
4330
4334
4338
4342
4346
4350
4354
4358
-16496
-17186
-17189
-17192
-17195
-17198
-17201
-17204
-17207
-17210
-17213
-17216
-17906
-17909
-17912
-17915
-17918
-17921
-17924
-17927
-17930
-17933
-17936
-18626
-18629
-18632
-18635
-18638
-18641
-18644
-18647
-18650
-18653
-18656
-19346
-19349
-19352
-19355
-19358
-19361
-19364
-19367
-19370
-19373
-19376
-20066
-20069
-20072
-20075
-20078
-20081
-20084
-20087
-20090
-20093
-20096
-20786
-20789
-20792
-20795
-20798
-20801
-20804
-20807
-20810
-20813
-20816
-21506
-21509
-21512
-21515
-21518
-21521
-21524
-21527
-21530
-21533
-21536
-22226
-22229
-22232
-22235
-22238
-22241
-22244
-22247
-22250
-22253
-22256
-22946
-22949
-22952
-22955
-22958
-22961
-22964
-22967
-22970
-22973
-22976
-23558
-23560
-23562
-23564
-23566
-23568
-23570
-23572
-23574
-23576
-23578
4793
5225
5657
6089
6521
6953
7385
7817
8249
8671
17251
17287
17323
17359
17395
17431
17467
17503
17539
17565
17971
18007
18043
18079
18115
18151
18187
18223
18259
18285
18691
18727
18763
18799
18835
18871
18907
18943
18979
19005
19411
19447
19483
19519
19555
19591
19627
19663
19699
19725
20131
20167
20203
20239
20275
20311
20347
20383
20419
20445
20851
20887
20923
20959
20995
21031
21067
21103
21139
21165
21571
21607
21643
21679
21715
21751
21787
21823
21859
21885
22291
22327
22363
22399
22435
22471
22507
22543
22579
22605
23011
23047
23083
23119
23155
23191
23227
23263
23299
23325
23601
23625
23649
23673
23697
23721
23745
23769
23793
23807
4362
4754
4758
4762
4766
4770
4774
4778
4782
4786
4790
4794
5186
5190
5194
5198
5202
5206
5210
5214
5218
5222
5226
5618
5622
5626
5630
5634
5638
5642
5646
5650
5654
5658
6050
6054
6058
6062
6066
6070
6074
6078
6082
6086
6090
6482
6486
6490
6494
6498
6502
6506
6510
6514
6518
6522
6914
6918
6922
6926
6930
6934
6938
6942
6946
6950
6954
7346
7350
7354
7358
7362
7366
7370
7374
7378
7382
7386
7778
7782
7786
7790
7794
7798
7802
7806
7810
7814
7818
8210
8214
8218
8222
8226
8230
8234
8238
8242
8246
8250
8642
8645
8648
8651
8654
8657
8660
8663
8666
8669
8672
)


// ************************************************************************* //
