/*--------------------------------*- C++ -*----------------------------------*\
  =========                 |
  \\      /  F ield         | OpenFOAM: The Open Source CFD Toolbox
   \\    /   O peration     | Website:  https://openfoam.org
    \\  /    A nd           | Version:  7
     \\/     M anipulation  |
\*---------------------------------------------------------------------------*/
FoamFile
{
    version     2.0;
    format      ascii;
    class       labelList;
    location    "constant/polyMesh";
    object      pointProcAddressing;
}
// * * * * * * * * * * * * * * * * * * * * * * * * * * * * * * * * * * * * * //


1667
(
1691
1692
1693
1694
1695
1696
1697
1698
1699
1700
1701
1704
1705
1706
1707
1708
1709
1710
1711
1712
1713
1714
1859
1860
1861
1862
1863
1864
1865
1866
1867
1868
1869
1870
1872
1873
1874
1875
1876
1877
1878
1879
1880
1881
1882
1883
2028
2029
2030
2031
2032
2033
2034
2035
2036
2037
2038
2039
2041
2042
2043
2044
2045
2046
2047
2048
2049
2050
2051
2052
2197
2198
2199
2200
2201
2202
2203
2204
2205
2206
2207
2208
2210
2211
2212
2213
2214
2215
2216
2217
2218
2219
2220
2221
2366
2367
2368
2369
2370
2371
2372
2373
2374
2375
2376
2377
2379
2380
2381
2382
2383
2384
2385
2386
2387
2388
2389
2390
2535
2536
2537
2538
2539
2540
2541
2542
2543
2544
2545
2546
2548
2549
2550
2551
2552
2553
2554
2555
2556
2557
2558
2559
2704
2705
2706
2707
2708
2709
2710
2711
2712
2713
2714
2715
2717
2718
2719
2720
2721
2722
2723
2724
2725
2726
2727
2728
2873
2874
2875
2876
2877
2878
2879
2880
2881
2882
2883
2884
2886
2887
2888
2889
2890
2891
2892
2893
2894
2895
2896
2897
3042
3043
3044
3045
3046
3047
3048
3049
3050
3051
3052
3053
3055
3056
3057
3058
3059
3060
3061
3062
3063
3064
3065
3066
3211
3212
3213
3214
3215
3216
3217
3218
3219
3220
3221
3222
3224
3225
3226
3227
3228
3229
3230
3231
3232
3233
3234
3235
3380
3381
3382
3383
3384
3385
3386
3387
3388
3389
3390
3391
3393
3394
3395
3396
3397
3398
3399
3400
3401
3402
3403
3404
3549
3550
3551
3552
3553
3554
3555
3556
3557
3558
3559
3560
3562
3563
3564
3565
3566
3567
3568
3569
3570
3571
3572
3573
6458
6459
6470
6471
6472
6482
6483
6484
6485
6494
6495
6496
6497
6498
6506
6507
6508
6509
6510
6511
6518
6519
6520
6521
6522
6523
6524
6531
6532
6533
6534
6535
6536
6537
6543
6544
6545
6546
6547
6548
6549
6550
6555
6556
6557
6558
6559
6560
6561
6562
6563
6567
6568
6569
6570
6571
6572
6573
6574
6575
6576
6708
6709
6710
6711
6712
6713
6714
6715
6716
6717
6718
6719
6721
6722
6723
6724
6725
6726
6727
6728
6729
6730
6731
6732
6734
6735
6736
6737
6738
6739
6740
6741
6742
6743
6744
6745
6747
6748
6749
6750
6751
6752
6753
6754
6755
6756
6757
6758
6760
6761
6762
6763
6764
6765
6766
6767
6768
6769
6770
6771
6773
6774
6775
6776
6777
6778
6779
6780
6781
6782
6783
6784
6786
6787
6788
6789
6790
6791
6792
6793
6794
6795
6796
6797
6799
6800
6801
6802
6803
6804
6805
6806
6807
6808
6809
6810
6812
6813
6814
6815
6816
6817
6818
6819
6820
6821
6822
6823
6825
6826
6827
6828
6829
6830
6831
6832
6833
6834
6835
6836
6968
6969
6970
6971
6972
6973
6974
6975
6976
6977
6978
6979
6981
6982
6983
6984
6985
6986
6987
6988
6989
6990
6991
6992
6994
6995
6996
6997
6998
6999
7000
7001
7002
7003
7004
7005
7007
7008
7009
7010
7011
7012
7013
7014
7015
7016
7017
7018
7020
7021
7022
7023
7024
7025
7026
7027
7028
7029
7030
7031
7033
7034
7035
7036
7037
7038
7039
7040
7041
7042
7043
7044
7046
7047
7048
7049
7050
7051
7052
7053
7054
7055
7056
7057
7059
7060
7061
7062
7063
7064
7065
7066
7067
7068
7069
7070
7072
7073
7074
7075
7076
7077
7078
7079
7080
7081
7082
7083
7085
7086
7087
7088
7089
7090
7091
7092
7093
7094
7095
7096
7228
7229
7230
7231
7232
7233
7234
7235
7236
7237
7238
7239
7241
7242
7243
7244
7245
7246
7247
7248
7249
7250
7251
7252
7254
7255
7256
7257
7258
7259
7260
7261
7262
7263
7264
7265
7267
7268
7269
7270
7271
7272
7273
7274
7275
7276
7277
7278
7280
7281
7282
7283
7284
7285
7286
7287
7288
7289
7290
7291
7293
7294
7295
7296
7297
7298
7299
7300
7301
7302
7303
7304
7306
7307
7308
7309
7310
7311
7312
7313
7314
7315
7316
7317
7319
7320
7321
7322
7323
7324
7325
7326
7327
7328
7329
7330
7332
7333
7334
7335
7336
7337
7338
7339
7340
7341
7342
7343
7345
7346
7347
7348
7349
7350
7351
7352
7353
7354
7355
7356
7488
7489
7490
7491
7492
7493
7494
7495
7496
7497
7498
7499
7501
7502
7503
7504
7505
7506
7507
7508
7509
7510
7511
7512
7514
7515
7516
7517
7518
7519
7520
7521
7522
7523
7524
7525
7527
7528
7529
7530
7531
7532
7533
7534
7535
7536
7537
7538
7540
7541
7542
7543
7544
7545
7546
7547
7548
7549
7550
7551
7553
7554
7555
7556
7557
7558
7559
7560
7561
7562
7563
7564
7566
7567
7568
7569
7570
7571
7572
7573
7574
7575
7576
7577
7579
7580
7581
7582
7583
7584
7585
7586
7587
7588
7589
7590
7592
7593
7594
7595
7596
7597
7598
7599
7600
7601
7602
7603
7605
7606
7607
7608
7609
7610
7611
7612
7613
7614
7615
7616
7748
7749
7750
7751
7752
7753
7754
7755
7756
7757
7758
7759
7761
7762
7763
7764
7765
7766
7767
7768
7769
7770
7771
7772
7774
7775
7776
7777
7778
7779
7780
7781
7782
7783
7784
7785
7787
7788
7789
7790
7791
7792
7793
7794
7795
7796
7797
7798
7800
7801
7802
7803
7804
7805
7806
7807
7808
7809
7810
7811
7813
7814
7815
7816
7817
7818
7819
7820
7821
7822
7823
7824
7826
7827
7828
7829
7830
7831
7832
7833
7834
7835
7836
7837
7839
7840
7841
7842
7843
7844
7845
7846
7847
7848
7849
7850
7852
7853
7854
7855
7856
7857
7858
7859
7860
7861
7862
7863
7865
7866
7867
7868
7869
7870
7871
7872
7873
7874
7875
7876
8008
8009
8010
8011
8012
8013
8014
8015
8016
8017
8018
8019
8021
8022
8023
8024
8025
8026
8027
8028
8029
8030
8031
8032
8034
8035
8036
8037
8038
8039
8040
8041
8042
8043
8044
8045
8047
8048
8049
8050
8051
8052
8053
8054
8055
8056
8057
8058
8060
8061
8062
8063
8064
8065
8066
8067
8068
8069
8070
8071
8073
8074
8075
8076
8077
8078
8079
8080
8081
8082
8083
8084
8086
8087
8088
8089
8090
8091
8092
8093
8094
8095
8096
8097
8099
8100
8101
8102
8103
8104
8105
8106
8107
8108
8109
8110
8112
8113
8114
8115
8116
8117
8118
8119
8120
8121
8122
8123
8125
8126
8127
8128
8129
8130
8131
8132
8133
8134
8135
8136
8268
8269
8270
8271
8272
8273
8274
8275
8276
8277
8278
8279
8281
8282
8283
8284
8285
8286
8287
8288
8289
8290
8291
8292
8294
8295
8296
8297
8298
8299
8300
8301
8302
8303
8304
8305
8307
8308
8309
8310
8311
8312
8313
8314
8315
8316
8317
8318
8320
8321
8322
8323
8324
8325
8326
8327
8328
8329
8330
8331
8333
8334
8335
8336
8337
8338
8339
8340
8341
8342
8343
8344
8346
8347
8348
8349
8350
8351
8352
8353
8354
8355
8356
8357
8359
8360
8361
8362
8363
8364
8365
8366
8367
8368
8369
8370
8372
8373
8374
8375
8376
8377
8378
8379
8380
8381
8382
8383
8385
8386
8387
8388
8389
8390
8391
8392
8393
8394
8395
8396
8528
8529
8530
8531
8532
8533
8534
8535
8536
8537
8538
8539
8541
8542
8543
8544
8545
8546
8547
8548
8549
8550
8551
8552
8554
8555
8556
8557
8558
8559
8560
8561
8562
8563
8564
8565
8567
8568
8569
8570
8571
8572
8573
8574
8575
8576
8577
8578
8580
8581
8582
8583
8584
8585
8586
8587
8588
8589
8590
8591
8593
8594
8595
8596
8597
8598
8599
8600
8601
8602
8603
8604
8606
8607
8608
8609
8610
8611
8612
8613
8614
8615
8616
8617
8619
8620
8621
8622
8623
8624
8625
8626
8627
8628
8629
8630
8632
8633
8634
8635
8636
8637
8638
8639
8640
8641
8642
8643
8645
8646
8647
8648
8649
8650
8651
8652
8653
8654
8655
8656
8788
8789
8790
8791
8792
8793
8794
8795
8796
8797
8798
8799
8801
8802
8803
8804
8805
8806
8807
8808
8809
8810
8811
8812
8814
8815
8816
8817
8818
8819
8820
8821
8822
8823
8824
8825
8827
8828
8829
8830
8831
8832
8833
8834
8835
8836
8837
8838
8840
8841
8842
8843
8844
8845
8846
8847
8848
8849
8850
8851
8853
8854
8855
8856
8857
8858
8859
8860
8861
8862
8863
8864
8866
8867
8868
8869
8870
8871
8872
8873
8874
8875
8876
8877
8879
8880
8881
8882
8883
8884
8885
8886
8887
8888
8889
8890
8892
8893
8894
8895
8896
8897
8898
8899
8900
8901
8902
8903
8905
8906
8907
8908
8909
8910
8911
8912
8913
8914
8915
8916
9048
9049
9050
9051
9052
9053
9054
9055
9056
9057
9058
9059
9061
9062
9063
9064
9065
9066
9067
9068
9069
9070
9071
9072
9074
9075
9076
9077
9078
9079
9080
9081
9082
9083
9084
9085
9087
9088
9089
9090
9091
9092
9093
9094
9095
9096
9097
9098
9100
9101
9102
9103
9104
9105
9106
9107
9108
9109
9110
9111
9113
9114
9115
9116
9117
9118
9119
9120
9121
9122
9123
9124
9126
9127
9128
9129
9130
9131
9132
9133
9134
9135
9136
9137
9139
9140
9141
9142
9143
9144
9145
9146
9147
9148
9149
9150
9152
9153
9154
9155
9156
9157
9158
9159
9160
9161
9162
9163
9165
9166
9167
9168
9169
9170
9171
9172
9173
9174
9175
9176
9308
9309
9310
9311
9312
9313
9314
9315
9316
9317
9318
9319
9321
9322
9323
9324
9325
9326
9327
9328
9329
9330
9331
9332
9334
9335
9336
9337
9338
9339
9340
9341
9342
9343
9344
9345
9347
9348
9349
9350
9351
9352
9353
9354
9355
9356
9357
9358
9360
9361
9362
9363
9364
9365
9366
9367
9368
9369
9370
9371
9373
9374
9375
9376
9377
9378
9379
9380
9381
9382
9383
9384
9386
9387
9388
9389
9390
9391
9392
9393
9394
9395
9396
9397
9399
9400
9401
9402
9403
9404
9405
9406
9407
9408
9409
9410
9412
9413
9414
9415
9416
9417
9418
9419
9420
9421
9422
9423
9425
9426
9427
9428
9429
9430
9431
9432
9433
9434
9435
9436
)


// ************************************************************************* //
