/*--------------------------------*- C++ -*----------------------------------*\
  =========                 |
  \\      /  F ield         | OpenFOAM: The Open Source CFD Toolbox
   \\    /   O peration     | Website:  https://openfoam.org
    \\  /    A nd           | Version:  7
     \\/     M anipulation  |
\*---------------------------------------------------------------------------*/
FoamFile
{
    version     2.0;
    format      ascii;
    class       labelList;
    location    "constant/polyMesh";
    object      cellProcAddressing;
}
// * * * * * * * * * * * * * * * * * * * * * * * * * * * * * * * * * * * * * //


1270
(
3024
3025
3026
3027
3028
3029
3030
3031
3032
3033
3034
3036
3037
3038
3039
3040
3041
3042
3043
3044
3045
3046
3048
3049
3050
3051
3052
3053
3054
3055
3056
3057
3058
3060
3061
3062
3063
3064
3065
3066
3067
3068
3069
3070
3072
3073
3074
3075
3076
3077
3078
3079
3080
3081
3082
3084
3085
3086
3087
3088
3089
3090
3091
3092
3093
3094
3096
3097
3098
3099
3100
3101
3102
3103
3104
3105
3106
3108
3109
3110
3111
3112
3113
3114
3115
3116
3117
3118
3120
3121
3122
3123
3124
3125
3126
3127
3128
3129
3130
3132
3133
3134
3135
3136
3137
3138
3139
3140
3141
3142
3264
3265
3266
3267
3268
3269
3270
3271
3272
3273
3274
3276
3277
3278
3279
3280
3281
3282
3283
3284
3285
3286
3288
3289
3290
3291
3292
3293
3294
3295
3296
3297
3298
3300
3301
3302
3303
3304
3305
3306
3307
3308
3309
3310
3312
3313
3314
3315
3316
3317
3318
3319
3320
3321
3322
3324
3325
3326
3327
3328
3329
3330
3331
3332
3333
3334
3336
3337
3338
3339
3340
3341
3342
3343
3344
3345
3346
3348
3349
3350
3351
3352
3353
3354
3355
3356
3357
3358
3360
3361
3362
3363
3364
3365
3366
3367
3368
3369
3370
3372
3373
3374
3375
3376
3377
3378
3379
3380
3381
3382
3504
3505
3506
3507
3508
3509
3510
3511
3512
3513
3514
3516
3517
3518
3519
3520
3521
3522
3523
3524
3525
3526
3528
3529
3530
3531
3532
3533
3534
3535
3536
3537
3538
3540
3541
3542
3543
3544
3545
3546
3547
3548
3549
3550
3552
3553
3554
3555
3556
3557
3558
3559
3560
3561
3562
3564
3565
3566
3567
3568
3569
3570
3571
3572
3573
3574
3576
3577
3578
3579
3580
3581
3582
3583
3584
3585
3586
3588
3589
3590
3591
3592
3593
3594
3595
3596
3597
3598
3600
3601
3602
3603
3604
3605
3606
3607
3608
3609
3610
3612
3613
3614
3615
3616
3617
3618
3619
3620
3621
3622
3744
3745
3746
3747
3748
3749
3750
3751
3752
3753
3754
3756
3757
3758
3759
3760
3761
3762
3763
3764
3765
3766
3768
3769
3770
3771
3772
3773
3774
3775
3776
3777
3778
3780
3781
3782
3783
3784
3785
3786
3787
3788
3789
3790
3792
3793
3794
3795
3796
3797
3798
3799
3800
3801
3802
3804
3805
3806
3807
3808
3809
3810
3811
3812
3813
3814
3816
3817
3818
3819
3820
3821
3822
3823
3824
3825
3826
3828
3829
3830
3831
3832
3833
3834
3835
3836
3837
3838
3840
3841
3842
3843
3844
3845
3846
3847
3848
3849
3850
3852
3853
3854
3855
3856
3857
3858
3859
3860
3861
3862
3984
3985
3986
3987
3988
3989
3990
3991
3992
3993
3994
3996
3997
3998
3999
4000
4001
4002
4003
4004
4005
4006
4008
4009
4010
4011
4012
4013
4014
4015
4016
4017
4018
4020
4021
4022
4023
4024
4025
4026
4027
4028
4029
4030
4032
4033
4034
4035
4036
4037
4038
4039
4040
4041
4042
4044
4045
4046
4047
4048
4049
4050
4051
4052
4053
4054
4056
4057
4058
4059
4060
4061
4062
4063
4064
4065
4066
4068
4069
4070
4071
4072
4073
4074
4075
4076
4077
4078
4080
4081
4082
4083
4084
4085
4086
4087
4088
4089
4090
4092
4093
4094
4095
4096
4097
4098
4099
4100
4101
4102
4224
4225
4226
4227
4228
4229
4230
4231
4232
4233
4234
4236
4237
4238
4239
4240
4241
4242
4243
4244
4245
4246
4248
4249
4250
4251
4252
4253
4254
4255
4256
4257
4258
4260
4261
4262
4263
4264
4265
4266
4267
4268
4269
4270
4272
4273
4274
4275
4276
4277
4278
4279
4280
4281
4282
4284
4285
4286
4287
4288
4289
4290
4291
4292
4293
4294
4296
4297
4298
4299
4300
4301
4302
4303
4304
4305
4306
4308
4309
4310
4311
4312
4313
4314
4315
4316
4317
4318
4320
4321
4322
4323
4324
4325
4326
4327
4328
4329
4330
4332
4333
4334
4335
4336
4337
4338
4339
4340
4341
4342
4464
4465
4466
4467
4468
4469
4470
4471
4472
4473
4474
4476
4477
4478
4479
4480
4481
4482
4483
4484
4485
4486
4488
4489
4490
4491
4492
4493
4494
4495
4496
4497
4498
4500
4501
4502
4503
4504
4505
4506
4507
4508
4509
4510
4512
4513
4514
4515
4516
4517
4518
4519
4520
4521
4522
4524
4525
4526
4527
4528
4529
4530
4531
4532
4533
4534
4536
4537
4538
4539
4540
4541
4542
4543
4544
4545
4546
4548
4549
4550
4551
4552
4553
4554
4555
4556
4557
4558
4560
4561
4562
4563
4564
4565
4566
4567
4568
4569
4570
4572
4573
4574
4575
4576
4577
4578
4579
4580
4581
4582
4704
4705
4706
4707
4708
4709
4710
4711
4712
4713
4714
4716
4717
4718
4719
4720
4721
4722
4723
4724
4725
4726
4728
4729
4730
4731
4732
4733
4734
4735
4736
4737
4738
4740
4741
4742
4743
4744
4745
4746
4747
4748
4749
4750
4752
4753
4754
4755
4756
4757
4758
4759
4760
4761
4762
4764
4765
4766
4767
4768
4769
4770
4771
4772
4773
4774
4776
4777
4778
4779
4780
4781
4782
4783
4784
4785
4786
4788
4789
4790
4791
4792
4793
4794
4795
4796
4797
4798
4800
4801
4802
4803
4804
4805
4806
4807
4808
4809
4810
4812
4813
4814
4815
4816
4817
4818
4819
4820
4821
4822
4944
4945
4946
4947
4948
4949
4950
4951
4952
4953
4954
4956
4957
4958
4959
4960
4961
4962
4963
4964
4965
4966
4968
4969
4970
4971
4972
4973
4974
4975
4976
4977
4978
4980
4981
4982
4983
4984
4985
4986
4987
4988
4989
4990
4992
4993
4994
4995
4996
4997
4998
4999
5000
5001
5002
5004
5005
5006
5007
5008
5009
5010
5011
5012
5013
5014
5016
5017
5018
5019
5020
5021
5022
5023
5024
5025
5026
5028
5029
5030
5031
5032
5033
5034
5035
5036
5037
5038
5040
5041
5042
5043
5044
5045
5046
5047
5048
5049
5050
5052
5053
5054
5055
5056
5057
5058
5059
5060
5061
5062
5184
5185
5186
5187
5188
5189
5190
5191
5192
5193
5194
5196
5197
5198
5199
5200
5201
5202
5203
5204
5205
5206
5208
5209
5210
5211
5212
5213
5214
5215
5216
5217
5218
5220
5221
5222
5223
5224
5225
5226
5227
5228
5229
5230
5232
5233
5234
5235
5236
5237
5238
5239
5240
5241
5242
5244
5245
5246
5247
5248
5249
5250
5251
5252
5253
5254
5256
5257
5258
5259
5260
5261
5262
5263
5264
5265
5266
5268
5269
5270
5271
5272
5273
5274
5275
5276
5277
5278
5280
5281
5282
5283
5284
5285
5286
5287
5288
5289
5290
5292
5293
5294
5295
5296
5297
5298
5299
5300
5301
5302
5424
5425
5426
5427
5428
5429
5430
5431
5432
5436
5437
5438
5439
5440
5441
5442
5443
5448
5449
5450
5451
5452
5453
5454
5460
5461
5462
5463
5464
5465
5472
5473
5474
5475
5476
5484
5485
5486
5487
5488
5496
5497
5498
5499
5508
5509
5510
5520
5521
5532
8196
8197
8198
8199
8200
8201
8202
8203
8204
8205
8206
8340
8341
8342
8343
8344
8345
8346
8347
8348
8349
8350
8484
8485
8486
8487
8488
8489
8490
8491
8492
8493
8494
8628
8629
8630
8631
8632
8633
8634
8635
8636
8637
8638
8772
8773
8774
8775
8776
8777
8778
8779
8780
8781
8782
8916
8917
8918
8919
8920
8921
8922
8923
8924
8925
8926
9060
9061
9062
9063
9064
9065
9066
9067
9068
9069
9070
9204
9205
9206
9207
9208
9209
9210
9211
9212
9213
9214
9348
9349
9350
9351
9352
9353
9354
9355
9356
9357
9358
9492
9493
9494
9495
9496
9497
9498
9499
9500
9501
9502
9636
9637
9638
9639
9640
9641
9642
9643
9644
9645
)


// ************************************************************************* //
