/*--------------------------------*- C++ -*----------------------------------*\
  =========                 |
  \\      /  F ield         | OpenFOAM: The Open Source CFD Toolbox
   \\    /   O peration     | Website:  https://openfoam.org
    \\  /    A nd           | Version:  7
     \\/     M anipulation  |
\*---------------------------------------------------------------------------*/
FoamFile
{
    version     2.0;
    format      ascii;
    class       labelList;
    location    "constant/polyMesh";
    object      faceProcAddressing;
}
// * * * * * * * * * * * * * * * * * * * * * * * * * * * * * * * * * * * * * //


4172
(
8929
8930
8931
8932
8933
8934
8935
8936
8937
8938
8939
8940
8941
8942
8943
8944
8945
8946
8947
8948
8949
8950
8951
8952
8953
8954
8955
8956
8957
8958
8959
8960
8961
8962
8963
8964
8965
8966
8967
8968
8970
8971
8972
8977
8978
8979
8980
8981
8982
8983
8984
8985
8986
8987
8988
8989
8990
8991
8992
8993
8994
8995
8996
8997
8998
8999
9000
9001
9002
9003
9004
9005
9006
9008
9009
9013
9014
9015
9016
9017
9018
9019
9020
9021
9022
9023
9024
9025
9026
9027
9028
9029
9030
9031
9032
9033
9034
9035
9036
9037
9038
9039
9040
9041
9042
9044
9045
9049
9050
9051
9052
9053
9054
9055
9056
9057
9058
9059
9060
9061
9062
9063
9064
9065
9066
9067
9068
9069
9070
9071
9072
9073
9074
9075
9076
9077
9078
9080
9081
9085
9086
9087
9088
9089
9090
9091
9092
9093
9094
9095
9096
9097
9098
9099
9100
9101
9102
9103
9104
9105
9106
9107
9108
9109
9110
9111
9112
9113
9114
9116
9117
9121
9122
9123
9124
9125
9126
9127
9128
9129
9130
9131
9132
9133
9134
9135
9136
9137
9138
9139
9140
9141
9142
9143
9144
9145
9146
9147
9148
9149
9150
9152
9153
9157
9158
9159
9160
9161
9162
9163
9164
9165
9166
9167
9168
9169
9170
9171
9172
9173
9174
9175
9176
9177
9178
9179
9180
9181
9182
9183
9184
9185
9186
9188
9189
9193
9194
9195
9196
9197
9198
9199
9200
9201
9202
9203
9204
9205
9206
9207
9208
9209
9210
9211
9212
9213
9214
9215
9216
9217
9218
9219
9220
9221
9222
9224
9225
9229
9230
9231
9232
9233
9234
9235
9236
9237
9238
9239
9240
9241
9242
9243
9244
9245
9246
9247
9248
9249
9250
9251
9252
9253
9254
9255
9256
9257
9258
9260
9261
9265
9267
9268
9270
9271
9273
9274
9276
9277
9279
9280
9282
9283
9285
9286
9288
9289
9291
9292
9294
9297
9649
9650
9651
9652
9653
9654
9655
9656
9657
9658
9659
9660
9661
9662
9663
9664
9665
9666
9667
9668
9669
9670
9671
9672
9673
9674
9675
9676
9677
9678
9679
9680
9681
9682
9683
9684
9685
9686
9687
9688
9690
9691
9692
9697
9698
9699
9700
9701
9702
9703
9704
9705
9706
9707
9708
9709
9710
9711
9712
9713
9714
9715
9716
9717
9718
9719
9720
9721
9722
9723
9724
9725
9726
9728
9729
9733
9734
9735
9736
9737
9738
9739
9740
9741
9742
9743
9744
9745
9746
9747
9748
9749
9750
9751
9752
9753
9754
9755
9756
9757
9758
9759
9760
9761
9762
9764
9765
9769
9770
9771
9772
9773
9774
9775
9776
9777
9778
9779
9780
9781
9782
9783
9784
9785
9786
9787
9788
9789
9790
9791
9792
9793
9794
9795
9796
9797
9798
9800
9801
9805
9806
9807
9808
9809
9810
9811
9812
9813
9814
9815
9816
9817
9818
9819
9820
9821
9822
9823
9824
9825
9826
9827
9828
9829
9830
9831
9832
9833
9834
9836
9837
9841
9842
9843
9844
9845
9846
9847
9848
9849
9850
9851
9852
9853
9854
9855
9856
9857
9858
9859
9860
9861
9862
9863
9864
9865
9866
9867
9868
9869
9870
9872
9873
9877
9878
9879
9880
9881
9882
9883
9884
9885
9886
9887
9888
9889
9890
9891
9892
9893
9894
9895
9896
9897
9898
9899
9900
9901
9902
9903
9904
9905
9906
9908
9909
9913
9914
9915
9916
9917
9918
9919
9920
9921
9922
9923
9924
9925
9926
9927
9928
9929
9930
9931
9932
9933
9934
9935
9936
9937
9938
9939
9940
9941
9942
9944
9945
9949
9950
9951
9952
9953
9954
9955
9956
9957
9958
9959
9960
9961
9962
9963
9964
9965
9966
9967
9968
9969
9970
9971
9972
9973
9974
9975
9976
9977
9978
9980
9981
9985
9987
9988
9990
9991
9993
9994
9996
9997
9999
10000
10002
10003
10005
10006
10008
10009
10011
10012
10014
10017
10369
10370
10371
10372
10373
10374
10375
10376
10377
10378
10379
10380
10381
10382
10383
10384
10385
10386
10387
10388
10389
10390
10391
10392
10393
10394
10395
10396
10397
10398
10399
10400
10401
10402
10403
10404
10405
10406
10407
10408
10410
10411
10412
10417
10418
10419
10420
10421
10422
10423
10424
10425
10426
10427
10428
10429
10430
10431
10432
10433
10434
10435
10436
10437
10438
10439
10440
10441
10442
10443
10444
10445
10446
10448
10449
10453
10454
10455
10456
10457
10458
10459
10460
10461
10462
10463
10464
10465
10466
10467
10468
10469
10470
10471
10472
10473
10474
10475
10476
10477
10478
10479
10480
10481
10482
10484
10485
10489
10490
10491
10492
10493
10494
10495
10496
10497
10498
10499
10500
10501
10502
10503
10504
10505
10506
10507
10508
10509
10510
10511
10512
10513
10514
10515
10516
10517
10518
10520
10521
10525
10526
10527
10528
10529
10530
10531
10532
10533
10534
10535
10536
10537
10538
10539
10540
10541
10542
10543
10544
10545
10546
10547
10548
10549
10550
10551
10552
10553
10554
10556
10557
10561
10562
10563
10564
10565
10566
10567
10568
10569
10570
10571
10572
10573
10574
10575
10576
10577
10578
10579
10580
10581
10582
10583
10584
10585
10586
10587
10588
10589
10590
10592
10593
10597
10598
10599
10600
10601
10602
10603
10604
10605
10606
10607
10608
10609
10610
10611
10612
10613
10614
10615
10616
10617
10618
10619
10620
10621
10622
10623
10624
10625
10626
10628
10629
10633
10634
10635
10636
10637
10638
10639
10640
10641
10642
10643
10644
10645
10646
10647
10648
10649
10650
10651
10652
10653
10654
10655
10656
10657
10658
10659
10660
10661
10662
10664
10665
10669
10670
10671
10672
10673
10674
10675
10676
10677
10678
10679
10680
10681
10682
10683
10684
10685
10686
10687
10688
10689
10690
10691
10692
10693
10694
10695
10696
10697
10698
10700
10701
10705
10707
10708
10710
10711
10713
10714
10716
10717
10719
10720
10722
10723
10725
10726
10728
10729
10731
10732
10734
10737
11089
11090
11091
11092
11093
11094
11095
11096
11097
11098
11099
11100
11101
11102
11103
11104
11105
11106
11107
11108
11109
11110
11111
11112
11113
11114
11115
11116
11117
11118
11119
11120
11121
11122
11123
11124
11125
11126
11127
11128
11130
11131
11132
11137
11138
11139
11140
11141
11142
11143
11144
11145
11146
11147
11148
11149
11150
11151
11152
11153
11154
11155
11156
11157
11158
11159
11160
11161
11162
11163
11164
11165
11166
11168
11169
11173
11174
11175
11176
11177
11178
11179
11180
11181
11182
11183
11184
11185
11186
11187
11188
11189
11190
11191
11192
11193
11194
11195
11196
11197
11198
11199
11200
11201
11202
11204
11205
11209
11210
11211
11212
11213
11214
11215
11216
11217
11218
11219
11220
11221
11222
11223
11224
11225
11226
11227
11228
11229
11230
11231
11232
11233
11234
11235
11236
11237
11238
11240
11241
11245
11246
11247
11248
11249
11250
11251
11252
11253
11254
11255
11256
11257
11258
11259
11260
11261
11262
11263
11264
11265
11266
11267
11268
11269
11270
11271
11272
11273
11274
11276
11277
11281
11282
11283
11284
11285
11286
11287
11288
11289
11290
11291
11292
11293
11294
11295
11296
11297
11298
11299
11300
11301
11302
11303
11304
11305
11306
11307
11308
11309
11310
11312
11313
11317
11318
11319
11320
11321
11322
11323
11324
11325
11326
11327
11328
11329
11330
11331
11332
11333
11334
11335
11336
11337
11338
11339
11340
11341
11342
11343
11344
11345
11346
11348
11349
11353
11354
11355
11356
11357
11358
11359
11360
11361
11362
11363
11364
11365
11366
11367
11368
11369
11370
11371
11372
11373
11374
11375
11376
11377
11378
11379
11380
11381
11382
11384
11385
11389
11390
11391
11392
11393
11394
11395
11396
11397
11398
11399
11400
11401
11402
11403
11404
11405
11406
11407
11408
11409
11410
11411
11412
11413
11414
11415
11416
11417
11418
11420
11421
11425
11427
11428
11430
11431
11433
11434
11436
11437
11439
11440
11442
11443
11445
11446
11448
11449
11451
11452
11454
11457
11809
11810
11811
11812
11813
11814
11815
11816
11817
11818
11819
11820
11821
11822
11823
11824
11825
11826
11827
11828
11829
11830
11831
11832
11833
11834
11835
11836
11837
11838
11839
11840
11841
11842
11843
11844
11845
11846
11847
11848
11850
11851
11852
11857
11858
11859
11860
11861
11862
11863
11864
11865
11866
11867
11868
11869
11870
11871
11872
11873
11874
11875
11876
11877
11878
11879
11880
11881
11882
11883
11884
11885
11886
11888
11889
11893
11894
11895
11896
11897
11898
11899
11900
11901
11902
11903
11904
11905
11906
11907
11908
11909
11910
11911
11912
11913
11914
11915
11916
11917
11918
11919
11920
11921
11922
11924
11925
11929
11930
11931
11932
11933
11934
11935
11936
11937
11938
11939
11940
11941
11942
11943
11944
11945
11946
11947
11948
11949
11950
11951
11952
11953
11954
11955
11956
11957
11958
11960
11961
11965
11966
11967
11968
11969
11970
11971
11972
11973
11974
11975
11976
11977
11978
11979
11980
11981
11982
11983
11984
11985
11986
11987
11988
11989
11990
11991
11992
11993
11994
11996
11997
12001
12002
12003
12004
12005
12006
12007
12008
12009
12010
12011
12012
12013
12014
12015
12016
12017
12018
12019
12020
12021
12022
12023
12024
12025
12026
12027
12028
12029
12030
12032
12033
12037
12038
12039
12040
12041
12042
12043
12044
12045
12046
12047
12048
12049
12050
12051
12052
12053
12054
12055
12056
12057
12058
12059
12060
12061
12062
12063
12064
12065
12066
12068
12069
12073
12074
12075
12076
12077
12078
12079
12080
12081
12082
12083
12084
12085
12086
12087
12088
12089
12090
12091
12092
12093
12094
12095
12096
12097
12098
12099
12100
12101
12102
12104
12105
12109
12110
12111
12112
12113
12114
12115
12116
12117
12118
12119
12120
12121
12122
12123
12124
12125
12126
12127
12128
12129
12130
12131
12132
12133
12134
12135
12136
12137
12138
12140
12141
12145
12147
12148
12150
12151
12153
12154
12156
12157
12159
12160
12162
12163
12165
12166
12168
12169
12171
12172
12174
12177
12529
12530
12531
12532
12533
12534
12535
12536
12537
12538
12539
12540
12541
12542
12543
12544
12545
12546
12547
12548
12549
12550
12551
12552
12553
12554
12555
12556
12557
12558
12559
12560
12561
12562
12563
12564
12565
12566
12567
12568
12570
12571
12572
12577
12578
12579
12580
12581
12582
12583
12584
12585
12586
12587
12588
12589
12590
12591
12592
12593
12594
12595
12596
12597
12598
12599
12600
12601
12602
12603
12604
12605
12606
12608
12609
12613
12614
12615
12616
12617
12618
12619
12620
12621
12622
12623
12624
12625
12626
12627
12628
12629
12630
12631
12632
12633
12634
12635
12636
12637
12638
12639
12640
12641
12642
12644
12645
12649
12650
12651
12652
12653
12654
12655
12656
12657
12658
12659
12660
12661
12662
12663
12664
12665
12666
12667
12668
12669
12670
12671
12672
12673
12674
12675
12676
12677
12678
12680
12681
12685
12686
12687
12688
12689
12690
12691
12692
12693
12694
12695
12696
12697
12698
12699
12700
12701
12702
12703
12704
12705
12706
12707
12708
12709
12710
12711
12712
12713
12714
12716
12717
12721
12722
12723
12724
12725
12726
12727
12728
12729
12730
12731
12732
12733
12734
12735
12736
12737
12738
12739
12740
12741
12742
12743
12744
12745
12746
12747
12748
12749
12750
12752
12753
12757
12758
12759
12760
12761
12762
12763
12764
12765
12766
12767
12768
12769
12770
12771
12772
12773
12774
12775
12776
12777
12778
12779
12780
12781
12782
12783
12784
12785
12786
12788
12789
12793
12794
12795
12796
12797
12798
12799
12800
12801
12802
12803
12804
12805
12806
12807
12808
12809
12810
12811
12812
12813
12814
12815
12816
12817
12818
12819
12820
12821
12822
12824
12825
12829
12830
12831
12832
12833
12834
12835
12836
12837
12838
12839
12840
12841
12842
12843
12844
12845
12846
12847
12848
12849
12850
12851
12852
12853
12854
12855
12856
12857
12858
12860
12861
12865
12867
12868
12870
12871
12873
12874
12876
12877
12879
12880
12882
12883
12885
12886
12888
12889
12891
12892
12894
12897
13249
13250
13251
13252
13253
13254
13255
13256
13257
13258
13259
13260
13261
13262
13263
13264
13265
13266
13267
13268
13269
13270
13271
13272
13273
13274
13275
13276
13277
13278
13279
13280
13281
13282
13283
13284
13285
13286
13287
13288
13290
13291
13292
13297
13298
13299
13300
13301
13302
13303
13304
13305
13306
13307
13308
13309
13310
13311
13312
13313
13314
13315
13316
13317
13318
13319
13320
13321
13322
13323
13324
13325
13326
13328
13329
13333
13334
13335
13336
13337
13338
13339
13340
13341
13342
13343
13344
13345
13346
13347
13348
13349
13350
13351
13352
13353
13354
13355
13356
13357
13358
13359
13360
13361
13362
13364
13365
13369
13370
13371
13372
13373
13374
13375
13376
13377
13378
13379
13380
13381
13382
13383
13384
13385
13386
13387
13388
13389
13390
13391
13392
13393
13394
13395
13396
13397
13398
13400
13401
13405
13406
13407
13408
13409
13410
13411
13412
13413
13414
13415
13416
13417
13418
13419
13420
13421
13422
13423
13424
13425
13426
13427
13428
13429
13430
13431
13432
13433
13434
13436
13437
13441
13442
13443
13444
13445
13446
13447
13448
13449
13450
13451
13452
13453
13454
13455
13456
13457
13458
13459
13460
13461
13462
13463
13464
13465
13466
13467
13468
13469
13470
13472
13473
13477
13478
13479
13480
13481
13482
13483
13484
13485
13486
13487
13488
13489
13490
13491
13492
13493
13494
13495
13496
13497
13498
13499
13500
13501
13502
13503
13504
13505
13506
13508
13509
13513
13514
13515
13516
13517
13518
13519
13520
13521
13522
13523
13524
13525
13526
13527
13528
13529
13530
13531
13532
13533
13534
13535
13536
13537
13538
13539
13540
13541
13542
13544
13545
13549
13550
13551
13552
13553
13554
13555
13556
13557
13558
13559
13560
13561
13562
13563
13564
13565
13566
13567
13568
13569
13570
13571
13572
13573
13574
13575
13576
13577
13578
13580
13581
13585
13587
13588
13590
13591
13593
13594
13596
13597
13599
13600
13602
13603
13605
13606
13608
13609
13611
13612
13614
13617
13969
13970
13971
13972
13973
13974
13975
13976
13977
13978
13979
13980
13981
13982
13983
13984
13985
13986
13987
13988
13989
13990
13991
13992
13993
13994
13995
13996
13997
13998
13999
14000
14001
14002
14003
14004
14005
14006
14007
14008
14010
14011
14012
14017
14018
14019
14020
14021
14022
14023
14024
14025
14026
14027
14028
14029
14030
14031
14032
14033
14034
14035
14036
14037
14038
14039
14040
14041
14042
14043
14044
14045
14046
14048
14049
14053
14054
14055
14056
14057
14058
14059
14060
14061
14062
14063
14064
14065
14066
14067
14068
14069
14070
14071
14072
14073
14074
14075
14076
14077
14078
14079
14080
14081
14082
14084
14085
14089
14090
14091
14092
14093
14094
14095
14096
14097
14098
14099
14100
14101
14102
14103
14104
14105
14106
14107
14108
14109
14110
14111
14112
14113
14114
14115
14116
14117
14118
14120
14121
14125
14126
14127
14128
14129
14130
14131
14132
14133
14134
14135
14136
14137
14138
14139
14140
14141
14142
14143
14144
14145
14146
14147
14148
14149
14150
14151
14152
14153
14154
14156
14157
14161
14162
14163
14164
14165
14166
14167
14168
14169
14170
14171
14172
14173
14174
14175
14176
14177
14178
14179
14180
14181
14182
14183
14184
14185
14186
14187
14188
14189
14190
14192
14193
14197
14198
14199
14200
14201
14202
14203
14204
14205
14206
14207
14208
14209
14210
14211
14212
14213
14214
14215
14216
14217
14218
14219
14220
14221
14222
14223
14224
14225
14226
14228
14229
14233
14234
14235
14236
14237
14238
14239
14240
14241
14242
14243
14244
14245
14246
14247
14248
14249
14250
14251
14252
14253
14254
14255
14256
14257
14258
14259
14260
14261
14262
14264
14265
14269
14270
14271
14272
14273
14274
14275
14276
14277
14278
14279
14280
14281
14282
14283
14284
14285
14286
14287
14288
14289
14290
14291
14292
14293
14294
14295
14296
14297
14298
14300
14301
14305
14307
14308
14310
14311
14313
14314
14316
14317
14319
14320
14322
14323
14325
14326
14328
14329
14331
14332
14334
14337
14689
14690
14691
14692
14693
14694
14695
14696
14697
14698
14699
14700
14701
14702
14703
14704
14705
14706
14707
14708
14709
14710
14711
14712
14713
14714
14715
14716
14717
14718
14719
14720
14721
14722
14723
14724
14725
14726
14727
14728
14730
14731
14732
14737
14738
14739
14740
14741
14742
14743
14744
14745
14746
14747
14748
14749
14750
14751
14752
14753
14754
14755
14756
14757
14758
14759
14760
14761
14762
14763
14764
14765
14766
14768
14769
14773
14774
14775
14776
14777
14778
14779
14780
14781
14782
14783
14784
14785
14786
14787
14788
14789
14790
14791
14792
14793
14794
14795
14796
14797
14798
14799
14800
14801
14802
14804
14805
14809
14810
14811
14812
14813
14814
14815
14816
14817
14818
14819
14820
14821
14822
14823
14824
14825
14826
14827
14828
14829
14830
14831
14832
14833
14834
14835
14836
14837
14838
14840
14841
14845
14846
14847
14848
14849
14850
14851
14852
14853
14854
14855
14856
14857
14858
14859
14860
14861
14862
14863
14864
14865
14866
14867
14868
14869
14870
14871
14872
14873
14874
14876
14877
14881
14882
14883
14884
14885
14886
14887
14888
14889
14890
14891
14892
14893
14894
14895
14896
14897
14898
14899
14900
14901
14902
14903
14904
14905
14906
14907
14908
14909
14910
14912
14913
14917
14918
14919
14920
14921
14922
14923
14924
14925
14926
14927
14928
14929
14930
14931
14932
14933
14934
14935
14936
14937
14938
14939
14940
14941
14942
14943
14944
14945
14946
14948
14949
14953
14954
14955
14956
14957
14958
14959
14960
14961
14962
14963
14964
14965
14966
14967
14968
14969
14970
14971
14972
14973
14974
14975
14976
14977
14978
14979
14980
14981
14982
14984
14985
14989
14990
14991
14992
14993
14994
14995
14996
14997
14998
14999
15000
15001
15002
15003
15004
15005
15006
15007
15008
15009
15010
15011
15012
15013
15014
15015
15016
15017
15018
15020
15021
15025
15027
15028
15030
15031
15033
15034
15036
15037
15039
15040
15042
15043
15045
15046
15048
15049
15051
15052
15054
15057
15409
15410
15411
15412
15413
15414
15415
15416
15417
15418
15419
15420
15421
15422
15423
15424
15425
15426
15427
15428
15429
15430
15431
15432
15433
15434
15435
15436
15437
15438
15439
15440
15441
15442
15443
15444
15445
15446
15448
15450
15452
15457
15458
15459
15460
15461
15462
15463
15464
15465
15466
15467
15468
15469
15470
15471
15472
15473
15474
15475
15476
15477
15478
15479
15480
15481
15482
15484
15485
15488
15493
15494
15495
15496
15497
15498
15499
15500
15501
15502
15503
15504
15505
15506
15507
15508
15509
15510
15511
15512
15513
15514
15515
15517
15518
15520
15521
15524
15529
15530
15531
15532
15533
15534
15535
15536
15537
15538
15539
15540
15541
15542
15543
15544
15545
15546
15547
15548
15550
15551
15553
15554
15556
15557
15560
15565
15566
15567
15568
15569
15570
15571
15572
15573
15574
15575
15576
15577
15578
15579
15580
15581
15583
15584
15586
15587
15589
15590
15592
15593
15596
15601
15602
15603
15604
15605
15606
15607
15608
15609
15610
15611
15612
15613
15614
15615
15616
15617
15619
15620
15622
15623
15625
15626
15628
15629
15632
15637
15638
15639
15640
15641
15642
15643
15644
15645
15646
15647
15648
15649
15650
15652
15653
15655
15656
15658
15659
15661
15662
15664
15665
15668
15673
15674
15675
15676
15677
15678
15679
15680
15681
15682
15683
15685
15686
15688
15689
15691
15692
15694
15695
15697
15698
15700
15701
15704
15709
15710
15711
15712
15713
15714
15715
15716
15718
15719
15721
15722
15724
15725
15727
15728
15730
15731
15733
15734
15736
15737
15740
15745
15747
15748
15751
15754
15757
15760
15763
15766
15769
15772
16129
16130
16132
16133
16134
16136
16137
16138
16140
16141
16142
16144
16145
16146
16148
16149
16150
16152
16153
16154
16156
16157
16158
16160
16164
16177
16178
16180
16181
16183
16184
16186
16187
16189
16190
16192
16193
16195
16196
16213
16214
16216
16217
16219
16220
16222
16223
16225
16226
16228
16229
16249
16250
16252
16253
16255
16256
16258
16259
16261
16262
16285
16286
16288
16289
16291
16292
16294
16295
16298
16321
16322
16324
16325
16327
16328
16330
16331
16357
16358
16360
16361
16363
16364
16393
16394
16396
16397
16429
16430
24205
24206
24207
24208
24209
24210
24211
24212
24213
24214
24215
24216
24217
24218
24219
24220
24221
24222
24223
24224
24226
24625
24626
24627
24628
24629
24630
24631
24632
24633
24634
24635
24636
24637
24638
24639
24640
24641
24642
24643
24644
24646
25045
25046
25047
25048
25049
25050
25051
25052
25053
25054
25055
25056
25057
25058
25059
25060
25061
25062
25063
25064
25066
25465
25466
25467
25468
25469
25470
25471
25472
25473
25474
25475
25476
25477
25478
25479
25480
25481
25482
25483
25484
25486
25885
25886
25887
25888
25889
25890
25891
25892
25893
25894
25895
25896
25897
25898
25899
25900
25901
25902
25903
25904
25906
26305
26306
26307
26308
26309
26310
26311
26312
26313
26314
26315
26316
26317
26318
26319
26320
26321
26322
26323
26324
26326
26725
26726
26727
26728
26729
26730
26731
26732
26733
26734
26735
26736
26737
26738
26739
26740
26741
26742
26743
26744
26746
27145
27146
27147
27148
27149
27150
27151
27152
27153
27154
27155
27156
27157
27158
27159
27160
27161
27162
27163
27164
27166
27565
27566
27567
27568
27569
27570
27571
27572
27573
27574
27575
27576
27577
27578
27579
27580
27581
27582
27583
27584
27586
27985
27986
27987
27988
27989
27990
27991
27992
27993
27994
27995
27996
27997
27998
27999
28000
28001
28002
28003
28004
28405
28407
28409
28411
28413
28415
28417
28419
28421
120044
120056
120068
120080
120092
120104
120116
120128
120140
120152
120164
120285
120286
120287
120288
120289
120290
120291
120292
120293
120294
120305
120306
120307
120308
120309
120310
120311
120312
120313
120314
120325
120326
120327
120328
120329
120330
120331
120332
120333
120334
120345
120346
120347
120348
120349
120350
120351
120352
120353
120354
120365
120366
120367
120368
120369
120370
120371
120372
120373
120374
120385
120386
120387
120388
120389
120390
120391
120392
120393
120394
120405
120406
120407
120408
120409
120410
120411
120412
120413
120414
120425
120426
120427
120428
120429
120430
120431
120432
120433
120434
120445
120446
120447
120448
120449
120450
120451
120452
120453
120454
120465
120466
120467
120468
120469
120470
120471
120472
120473
120474
120485
120486
120487
120488
120489
120490
120491
120492
120493
120494
121892
121904
121916
121928
121940
121952
121964
121976
121988
122000
122012
122409
122410
122411
122412
122413
122414
122415
122416
122417
122418
122429
122430
122431
122432
122433
122434
122435
122436
122437
122438
122449
122450
122451
122452
122453
122454
122455
122456
122457
122458
122469
122470
122471
122472
122473
122474
122475
122476
122477
122478
122489
122490
122491
122492
122493
122494
122495
122496
122497
122498
122509
122510
122511
122512
122513
122514
122515
122516
122517
122518
122529
122530
122531
122532
122533
122534
122535
122536
122537
122538
122549
122550
122551
122552
122553
122554
122555
122556
122557
122558
122569
122570
122571
122572
122573
122574
122575
122576
122577
122578
122589
122590
122591
122592
122593
122594
122595
122596
122597
122598
122609
122610
122611
122612
122613
122614
122615
122616
122617
122618
-24170
-24173
-24176
-24179
-24182
-24185
-24188
-24191
-24194
-24197
-24200
-24590
-24593
-24596
-24599
-24602
-24605
-24608
-24611
-24614
-24617
-24620
-25010
-25013
-25016
-25019
-25022
-25025
-25028
-25031
-25034
-25037
-25040
-25430
-25433
-25436
-25439
-25442
-25445
-25448
-25451
-25454
-25457
-25460
-25850
-25853
-25856
-25859
-25862
-25865
-25868
-25871
-25874
-25877
-25880
-26270
-26273
-26276
-26279
-26282
-26285
-26288
-26291
-26294
-26297
-26300
-26690
-26693
-26696
-26699
-26702
-26705
-26708
-26711
-26714
-26717
-26720
-27110
-27113
-27116
-27119
-27122
-27125
-27128
-27131
-27134
-27137
-27140
-27530
-27533
-27536
-27539
-27542
-27545
-27548
-27551
-27554
-27557
-27560
-27950
-27953
-27956
-27959
-27962
-27965
-27968
-27971
-27974
-27977
-27980
-28370
8969
9007
9043
9079
9115
9151
9187
9223
9259
9295
9689
9727
9763
9799
9835
9871
9907
9943
9979
10015
10409
10447
10483
10519
10555
10591
10627
10663
10699
10735
11129
11167
11203
11239
11275
11311
11347
11383
11419
11455
11849
11887
11923
11959
11995
12031
12067
12103
12139
12175
12569
12607
12643
12679
12715
12751
12787
12823
12859
12895
13289
13327
13363
13399
13435
13471
13507
13543
13579
13615
14009
14047
14083
14119
14155
14191
14227
14263
14299
14335
14729
14767
14803
14839
14875
14911
14947
14983
15019
15055
15449
15487
15523
15559
15595
15631
15667
15703
15739
15775
24225
24645
25065
25485
25905
26325
26745
27165
27585
28005
9266
9269
9272
9275
9278
9281
9284
9287
9290
9293
9296
9986
9989
9992
9995
9998
10001
10004
10007
10010
10013
10016
10706
10709
10712
10715
10718
10721
10724
10727
10730
10733
10736
11426
11429
11432
11435
11438
11441
11444
11447
11450
11453
11456
12146
12149
12152
12155
12158
12161
12164
12167
12170
12173
12176
12866
12869
12872
12875
12878
12881
12884
12887
12890
12893
12896
13586
13589
13592
13595
13598
13601
13604
13607
13610
13613
13616
14306
14309
14312
14315
14318
14321
14324
14327
14330
14333
14336
15026
15029
15032
15035
15038
15041
15044
15047
15050
15053
15056
15746
15749
15752
15755
15758
15761
15764
15767
15770
15773
15776
16466
-28373
-28376
-28379
-28382
-28385
-28388
-28391
-28394
-28397
15447
15451
15483
15486
15489
15516
15519
15522
15525
15549
15552
15555
15558
15561
15582
15585
15588
15591
15594
15597
15618
15621
15624
15627
15630
15633
15651
15654
15657
15660
15663
15666
15669
15684
15687
15690
15693
15696
15699
15702
15705
15717
15720
15723
15726
15729
15732
15735
15738
15741
15750
15753
15756
15759
15762
15765
15768
15771
15774
15777
16131
16135
16139
16143
16147
16151
16155
16159
16161
16162
16163
-16168
16179
16182
16185
16188
16191
16194
16197
16198
16199
16200
16215
16218
16221
16224
16227
16230
16231
16232
16233
16251
16254
16257
16260
16263
16264
16265
16266
16287
16290
16293
16296
16297
16299
16323
16326
16329
16332
16333
16334
16335
16359
16362
16365
16366
16367
16368
16395
16398
16399
16400
16401
16431
16432
16433
16434
16465
16467
28006
28406
28408
28410
28412
28414
28416
28418
28420
28422
28423
28424
)


// ************************************************************************* //
