/*--------------------------------*- C++ -*----------------------------------*\
  =========                 |
  \\      /  F ield         | OpenFOAM: The Open Source CFD Toolbox
   \\    /   O peration     | Website:  https://openfoam.org
    \\  /    A nd           | Version:  7
     \\/     M anipulation  |
\*---------------------------------------------------------------------------*/
FoamFile
{
    version     2.0;
    format      ascii;
    class       labelList;
    location    "constant/polyMesh";
    object      pointProcAddressing;
}
// * * * * * * * * * * * * * * * * * * * * * * * * * * * * * * * * * * * * * //


1666
(
3718
3719
3720
3721
3722
3723
3724
3725
3726
3727
3728
3729
3731
3732
3733
3734
3735
3736
3737
3738
3739
3740
3741
3742
3744
3745
3746
3747
3748
3749
3750
3751
3752
3753
3754
3755
3757
3758
3759
3760
3761
3762
3763
3764
3765
3766
3767
3768
3770
3771
3772
3773
3774
3775
3776
3777
3778
3779
3780
3781
3783
3784
3785
3786
3787
3788
3789
3790
3791
3792
3793
3794
3796
3797
3798
3799
3800
3801
3802
3803
3804
3805
3806
3807
3809
3810
3811
3812
3813
3814
3815
3816
3817
3818
3819
3820
3822
3823
3824
3825
3826
3827
3828
3829
3830
3831
3832
3833
3835
3836
3837
3838
3839
3840
3841
3842
3843
3844
3845
3846
3848
3849
3850
3851
3852
3853
3854
3855
3856
3857
3858
3859
3978
3979
3980
3981
3982
3983
3984
3985
3986
3987
3988
3989
3991
3992
3993
3994
3995
3996
3997
3998
3999
4000
4001
4002
4004
4005
4006
4007
4008
4009
4010
4011
4012
4013
4014
4015
4017
4018
4019
4020
4021
4022
4023
4024
4025
4026
4027
4028
4030
4031
4032
4033
4034
4035
4036
4037
4038
4039
4040
4041
4043
4044
4045
4046
4047
4048
4049
4050
4051
4052
4053
4054
4056
4057
4058
4059
4060
4061
4062
4063
4064
4065
4066
4067
4069
4070
4071
4072
4073
4074
4075
4076
4077
4078
4079
4080
4082
4083
4084
4085
4086
4087
4088
4089
4090
4091
4092
4093
4095
4096
4097
4098
4099
4100
4101
4102
4103
4104
4105
4106
4108
4109
4110
4111
4112
4113
4114
4115
4116
4117
4118
4119
4238
4239
4240
4241
4242
4243
4244
4245
4246
4247
4248
4249
4251
4252
4253
4254
4255
4256
4257
4258
4259
4260
4261
4262
4264
4265
4266
4267
4268
4269
4270
4271
4272
4273
4274
4275
4277
4278
4279
4280
4281
4282
4283
4284
4285
4286
4287
4288
4290
4291
4292
4293
4294
4295
4296
4297
4298
4299
4300
4301
4303
4304
4305
4306
4307
4308
4309
4310
4311
4312
4313
4314
4316
4317
4318
4319
4320
4321
4322
4323
4324
4325
4326
4327
4329
4330
4331
4332
4333
4334
4335
4336
4337
4338
4339
4340
4342
4343
4344
4345
4346
4347
4348
4349
4350
4351
4352
4353
4355
4356
4357
4358
4359
4360
4361
4362
4363
4364
4365
4366
4368
4369
4370
4371
4372
4373
4374
4375
4376
4377
4378
4379
4498
4499
4500
4501
4502
4503
4504
4505
4506
4507
4508
4509
4511
4512
4513
4514
4515
4516
4517
4518
4519
4520
4521
4522
4524
4525
4526
4527
4528
4529
4530
4531
4532
4533
4534
4535
4537
4538
4539
4540
4541
4542
4543
4544
4545
4546
4547
4548
4550
4551
4552
4553
4554
4555
4556
4557
4558
4559
4560
4561
4563
4564
4565
4566
4567
4568
4569
4570
4571
4572
4573
4574
4576
4577
4578
4579
4580
4581
4582
4583
4584
4585
4586
4587
4589
4590
4591
4592
4593
4594
4595
4596
4597
4598
4599
4600
4602
4603
4604
4605
4606
4607
4608
4609
4610
4611
4612
4613
4615
4616
4617
4618
4619
4620
4621
4622
4623
4624
4625
4626
4628
4629
4630
4631
4632
4633
4634
4635
4636
4637
4638
4639
4758
4759
4760
4761
4762
4763
4764
4765
4766
4767
4768
4769
4771
4772
4773
4774
4775
4776
4777
4778
4779
4780
4781
4782
4784
4785
4786
4787
4788
4789
4790
4791
4792
4793
4794
4795
4797
4798
4799
4800
4801
4802
4803
4804
4805
4806
4807
4808
4810
4811
4812
4813
4814
4815
4816
4817
4818
4819
4820
4821
4823
4824
4825
4826
4827
4828
4829
4830
4831
4832
4833
4834
4836
4837
4838
4839
4840
4841
4842
4843
4844
4845
4846
4847
4849
4850
4851
4852
4853
4854
4855
4856
4857
4858
4859
4860
4862
4863
4864
4865
4866
4867
4868
4869
4870
4871
4872
4873
4875
4876
4877
4878
4879
4880
4881
4882
4883
4884
4885
4886
4888
4889
4890
4891
4892
4893
4894
4895
4896
4897
4898
4899
5018
5019
5020
5021
5022
5023
5024
5025
5026
5027
5028
5029
5031
5032
5033
5034
5035
5036
5037
5038
5039
5040
5041
5042
5044
5045
5046
5047
5048
5049
5050
5051
5052
5053
5054
5055
5057
5058
5059
5060
5061
5062
5063
5064
5065
5066
5067
5068
5070
5071
5072
5073
5074
5075
5076
5077
5078
5079
5080
5081
5083
5084
5085
5086
5087
5088
5089
5090
5091
5092
5093
5094
5096
5097
5098
5099
5100
5101
5102
5103
5104
5105
5106
5107
5109
5110
5111
5112
5113
5114
5115
5116
5117
5118
5119
5120
5122
5123
5124
5125
5126
5127
5128
5129
5130
5131
5132
5133
5135
5136
5137
5138
5139
5140
5141
5142
5143
5144
5145
5146
5148
5149
5150
5151
5152
5153
5154
5155
5156
5157
5158
5159
5278
5279
5280
5281
5282
5283
5284
5285
5286
5287
5288
5289
5291
5292
5293
5294
5295
5296
5297
5298
5299
5300
5301
5302
5304
5305
5306
5307
5308
5309
5310
5311
5312
5313
5314
5315
5317
5318
5319
5320
5321
5322
5323
5324
5325
5326
5327
5328
5330
5331
5332
5333
5334
5335
5336
5337
5338
5339
5340
5341
5343
5344
5345
5346
5347
5348
5349
5350
5351
5352
5353
5354
5356
5357
5358
5359
5360
5361
5362
5363
5364
5365
5366
5367
5369
5370
5371
5372
5373
5374
5375
5376
5377
5378
5379
5380
5382
5383
5384
5385
5386
5387
5388
5389
5390
5391
5392
5393
5395
5396
5397
5398
5399
5400
5401
5402
5403
5404
5405
5406
5408
5409
5410
5411
5412
5413
5414
5415
5416
5417
5418
5419
5538
5539
5540
5541
5542
5543
5544
5545
5546
5547
5548
5549
5551
5552
5553
5554
5555
5556
5557
5558
5559
5560
5561
5562
5564
5565
5566
5567
5568
5569
5570
5571
5572
5573
5574
5575
5577
5578
5579
5580
5581
5582
5583
5584
5585
5586
5587
5588
5590
5591
5592
5593
5594
5595
5596
5597
5598
5599
5600
5601
5603
5604
5605
5606
5607
5608
5609
5610
5611
5612
5613
5614
5616
5617
5618
5619
5620
5621
5622
5623
5624
5625
5626
5627
5629
5630
5631
5632
5633
5634
5635
5636
5637
5638
5639
5640
5642
5643
5644
5645
5646
5647
5648
5649
5650
5651
5652
5653
5655
5656
5657
5658
5659
5660
5661
5662
5663
5664
5665
5666
5668
5669
5670
5671
5672
5673
5674
5675
5676
5677
5678
5679
5798
5799
5800
5801
5802
5803
5804
5805
5806
5807
5808
5809
5811
5812
5813
5814
5815
5816
5817
5818
5819
5820
5821
5822
5824
5825
5826
5827
5828
5829
5830
5831
5832
5833
5834
5835
5837
5838
5839
5840
5841
5842
5843
5844
5845
5846
5847
5848
5850
5851
5852
5853
5854
5855
5856
5857
5858
5859
5860
5861
5863
5864
5865
5866
5867
5868
5869
5870
5871
5872
5873
5874
5876
5877
5878
5879
5880
5881
5882
5883
5884
5885
5886
5887
5889
5890
5891
5892
5893
5894
5895
5896
5897
5898
5899
5900
5902
5903
5904
5905
5906
5907
5908
5909
5910
5911
5912
5913
5915
5916
5917
5918
5919
5920
5921
5922
5923
5924
5925
5926
5928
5929
5930
5931
5932
5933
5934
5935
5936
5937
5938
5939
6058
6059
6060
6061
6062
6063
6064
6065
6066
6067
6068
6069
6071
6072
6073
6074
6075
6076
6077
6078
6079
6080
6081
6082
6084
6085
6086
6087
6088
6089
6090
6091
6092
6093
6094
6095
6097
6098
6099
6100
6101
6102
6103
6104
6105
6106
6107
6108
6110
6111
6112
6113
6114
6115
6116
6117
6118
6119
6120
6121
6123
6124
6125
6126
6127
6128
6129
6130
6131
6132
6133
6134
6136
6137
6138
6139
6140
6141
6142
6143
6144
6145
6146
6147
6149
6150
6151
6152
6153
6154
6155
6156
6157
6158
6159
6160
6162
6163
6164
6165
6166
6167
6168
6169
6170
6171
6172
6173
6175
6176
6177
6178
6179
6180
6181
6182
6183
6184
6185
6186
6188
6189
6190
6191
6192
6193
6194
6195
6196
6197
6198
6199
6318
6319
6320
6321
6322
6323
6324
6325
6326
6327
6328
6329
6331
6332
6333
6334
6335
6336
6337
6338
6339
6340
6341
6342
6344
6345
6346
6347
6348
6349
6350
6351
6352
6353
6354
6355
6357
6358
6359
6360
6361
6362
6363
6364
6365
6366
6367
6368
6370
6371
6372
6373
6374
6375
6376
6377
6378
6379
6380
6381
6383
6384
6385
6386
6387
6388
6389
6390
6391
6392
6393
6394
6396
6397
6398
6399
6400
6401
6402
6403
6404
6405
6406
6407
6409
6410
6411
6412
6413
6414
6415
6416
6417
6418
6419
6420
6422
6423
6424
6425
6426
6427
6428
6429
6430
6431
6432
6433
6435
6436
6437
6438
6439
6440
6441
6442
6443
6444
6445
6446
6448
6449
6450
6451
6452
6453
6454
6455
6456
6457
6458
6459
6578
6579
6580
6581
6582
6583
6584
6585
6586
6587
6588
6591
6592
6593
6594
6595
6596
6597
6598
6599
6600
6604
6605
6606
6607
6608
6609
6610
6611
6612
6617
6618
6619
6620
6621
6622
6623
6624
6630
6631
6632
6633
6634
6635
6636
6643
6644
6645
6646
6647
6648
6656
6657
6658
6659
6660
6661
6669
6670
6671
6672
6673
6682
6683
6684
6685
6695
6696
6697
6708
6709
9581
9582
9583
9584
9585
9586
9587
9588
9589
9590
9591
9592
9737
9738
9739
9740
9741
9742
9743
9744
9745
9746
9747
9748
9893
9894
9895
9896
9897
9898
9899
9900
9901
9902
9903
9904
10049
10050
10051
10052
10053
10054
10055
10056
10057
10058
10059
10060
10205
10206
10207
10208
10209
10210
10211
10212
10213
10214
10215
10216
10361
10362
10363
10364
10365
10366
10367
10368
10369
10370
10371
10372
10517
10518
10519
10520
10521
10522
10523
10524
10525
10526
10527
10528
10673
10674
10675
10676
10677
10678
10679
10680
10681
10682
10683
10684
10829
10830
10831
10832
10833
10834
10835
10836
10837
10838
10839
10840
10985
10986
10987
10988
10989
10990
10991
10992
10993
10994
10995
10996
11141
11142
11143
11144
11145
11146
11147
11148
11149
11150
11151
11152
11297
11298
11299
11300
11301
11302
11303
11304
11305
11306
11307
)


// ************************************************************************* //
