/*--------------------------------*- C++ -*----------------------------------*\
  =========                 |
  \\      /  F ield         | OpenFOAM: The Open Source CFD Toolbox
   \\    /   O peration     | Website:  https://openfoam.org
    \\  /    A nd           | Version:  7
     \\/     M anipulation  |
\*---------------------------------------------------------------------------*/
FoamFile
{
    version     2.0;
    format      ascii;
    class       labelList;
    location    "constant/polyMesh";
    object      cellProcAddressing;
}
// * * * * * * * * * * * * * * * * * * * * * * * * * * * * * * * * * * * * * //


1271
(
5675
5687
5699
5711
5723
5735
5747
5759
5771
5783
5915
5927
5939
5951
5963
5975
5987
5999
6011
6023
6155
6167
6179
6191
6203
6215
6227
6239
6251
6263
6395
6407
6419
6431
6443
6455
6467
6479
6491
6503
6635
6647
6659
6671
6683
6695
6707
6719
6731
6743
6875
6887
6899
6911
6923
6935
6947
6959
6971
6983
7115
7127
7139
7151
7163
7175
7187
7199
7211
7223
7355
7367
7379
7391
7403
7415
7427
7439
7451
7463
7595
7607
7619
7631
7643
7655
7667
7679
7691
7703
7835
7847
7859
7871
7883
7895
7907
7919
7931
7943
9791
9935
10079
10223
10367
10511
10655
10799
10943
11087
18988
18989
18990
18991
18992
18993
18994
18995
18996
18997
19228
19229
19230
19231
19232
19233
19234
19235
19236
19237
19468
19469
19470
19471
19472
19473
19474
19475
19476
19477
19708
19709
19710
19711
19712
19713
19714
19715
19716
19717
19948
19949
19950
19951
19952
19953
19954
19955
19956
19957
20188
20189
20190
20191
20192
20193
20194
20195
20196
20197
20428
20429
20430
20431
20432
20433
20434
20435
20436
20437
20668
20669
20670
20671
20672
20673
20674
20675
20676
20677
20908
20909
20910
20911
20912
20913
20914
20915
20916
20917
21148
21149
21150
21151
21152
21153
21154
21155
21156
21157
25176
25177
25195
25196
25197
25214
25215
25216
25217
25233
25234
25235
25236
25237
25252
25253
25254
25255
25256
25257
25271
25272
25273
25274
25275
25276
25277
25291
25292
25293
25294
25295
25296
25297
25310
25311
25312
25313
25314
25315
25316
25317
25329
25330
25331
25332
25333
25334
25335
25336
25337
25348
25349
25350
25351
25352
25353
25354
25355
25356
25357
25568
25569
25570
25571
25572
25573
25574
25575
25576
25577
25588
25589
25590
25591
25592
25593
25594
25595
25596
25597
25608
25609
25610
25611
25612
25613
25614
25615
25616
25617
25628
25629
25630
25631
25632
25633
25634
25635
25636
25637
25648
25649
25650
25651
25652
25653
25654
25655
25656
25657
25668
25669
25670
25671
25672
25673
25674
25675
25676
25677
25688
25689
25690
25691
25692
25693
25694
25695
25696
25697
25708
25709
25710
25711
25712
25713
25714
25715
25716
25717
25728
25729
25730
25731
25732
25733
25734
25735
25736
25737
25748
25749
25750
25751
25752
25753
25754
25755
25756
25757
25968
25969
25970
25971
25972
25973
25974
25975
25976
25977
25988
25989
25990
25991
25992
25993
25994
25995
25996
25997
26008
26009
26010
26011
26012
26013
26014
26015
26016
26017
26028
26029
26030
26031
26032
26033
26034
26035
26036
26037
26048
26049
26050
26051
26052
26053
26054
26055
26056
26057
26068
26069
26070
26071
26072
26073
26074
26075
26076
26077
26088
26089
26090
26091
26092
26093
26094
26095
26096
26097
26108
26109
26110
26111
26112
26113
26114
26115
26116
26117
26128
26129
26130
26131
26132
26133
26134
26135
26136
26137
26148
26149
26150
26151
26152
26153
26154
26155
26156
26157
26368
26369
26370
26371
26372
26373
26374
26375
26376
26377
26388
26389
26390
26391
26392
26393
26394
26395
26396
26397
26408
26409
26410
26411
26412
26413
26414
26415
26416
26417
26428
26429
26430
26431
26432
26433
26434
26435
26436
26437
26448
26449
26450
26451
26452
26453
26454
26455
26456
26457
26468
26469
26470
26471
26472
26473
26474
26475
26476
26477
26488
26489
26490
26491
26492
26493
26494
26495
26496
26497
26508
26509
26510
26511
26512
26513
26514
26515
26516
26517
26528
26529
26530
26531
26532
26533
26534
26535
26536
26537
26548
26549
26550
26551
26552
26553
26554
26555
26556
26557
26768
26769
26770
26771
26772
26773
26774
26775
26776
26777
26788
26789
26790
26791
26792
26793
26794
26795
26796
26797
26808
26809
26810
26811
26812
26813
26814
26815
26816
26817
26828
26829
26830
26831
26832
26833
26834
26835
26836
26837
26848
26849
26850
26851
26852
26853
26854
26855
26856
26857
26868
26869
26870
26871
26872
26873
26874
26875
26876
26877
26888
26889
26890
26891
26892
26893
26894
26895
26896
26897
26908
26909
26910
26911
26912
26913
26914
26915
26916
26917
26928
26929
26930
26931
26932
26933
26934
26935
26936
26937
26948
26949
26950
26951
26952
26953
26954
26955
26956
26957
27168
27169
27170
27171
27172
27173
27174
27175
27176
27177
27188
27189
27190
27191
27192
27193
27194
27195
27196
27197
27208
27209
27210
27211
27212
27213
27214
27215
27216
27217
27228
27229
27230
27231
27232
27233
27234
27235
27236
27237
27248
27249
27250
27251
27252
27253
27254
27255
27256
27257
27268
27269
27270
27271
27272
27273
27274
27275
27276
27277
27288
27289
27290
27291
27292
27293
27294
27295
27296
27297
27308
27309
27310
27311
27312
27313
27314
27315
27316
27317
27328
27329
27330
27331
27332
27333
27334
27335
27336
27337
27348
27349
27350
27351
27352
27353
27354
27355
27356
27357
27568
27569
27570
27571
27572
27573
27574
27575
27576
27577
27588
27589
27590
27591
27592
27593
27594
27595
27596
27597
27608
27609
27610
27611
27612
27613
27614
27615
27616
27617
27628
27629
27630
27631
27632
27633
27634
27635
27636
27637
27648
27649
27650
27651
27652
27653
27654
27655
27656
27657
27668
27669
27670
27671
27672
27673
27674
27675
27676
27677
27688
27689
27690
27691
27692
27693
27694
27695
27696
27697
27708
27709
27710
27711
27712
27713
27714
27715
27716
27717
27728
27729
27730
27731
27732
27733
27734
27735
27736
27737
27748
27749
27750
27751
27752
27753
27754
27755
27756
27757
27968
27969
27970
27971
27972
27973
27974
27975
27976
27977
27988
27989
27990
27991
27992
27993
27994
27995
27996
27997
28008
28009
28010
28011
28012
28013
28014
28015
28016
28017
28028
28029
28030
28031
28032
28033
28034
28035
28036
28037
28048
28049
28050
28051
28052
28053
28054
28055
28056
28057
28068
28069
28070
28071
28072
28073
28074
28075
28076
28077
28088
28089
28090
28091
28092
28093
28094
28095
28096
28097
28108
28109
28110
28111
28112
28113
28114
28115
28116
28117
28128
28129
28130
28131
28132
28133
28134
28135
28136
28137
28148
28149
28150
28151
28152
28153
28154
28155
28156
28157
28368
28369
28370
28371
28372
28373
28374
28375
28376
28377
28388
28389
28390
28391
28392
28393
28394
28395
28396
28397
28408
28409
28410
28411
28412
28413
28414
28415
28416
28417
28428
28429
28430
28431
28432
28433
28434
28435
28436
28437
28448
28449
28450
28451
28452
28453
28454
28455
28456
28457
28468
28469
28470
28471
28472
28473
28474
28475
28476
28477
28488
28489
28490
28491
28492
28493
28494
28495
28496
28497
28508
28509
28510
28511
28512
28513
28514
28515
28516
28517
28528
28529
28530
28531
28532
28533
28534
28535
28536
28537
28548
28549
28550
28551
28552
28553
28554
28555
28556
28557
28768
28769
28770
28771
28772
28773
28774
28775
28776
28777
28788
28789
28790
28791
28792
28793
28794
28795
28796
28797
28808
28809
28810
28811
28812
28813
28814
28815
28816
28817
28828
28829
28830
28831
28832
28833
28834
28835
28836
28837
28848
28849
28850
28851
28852
28853
28854
28855
28856
28857
28868
28869
28870
28871
28872
28873
28874
28875
28876
28877
28888
28889
28890
28891
28892
28893
28894
28895
28896
28897
28908
28909
28910
28911
28912
28913
28914
28915
28916
28917
28928
28929
28930
28931
28932
28933
28934
28935
28936
28937
28948
28949
28950
28951
28952
28953
28954
28955
28956
28957
29168
29169
29170
29171
29172
29173
29174
29175
29176
29177
29188
29189
29190
29191
29192
29193
29194
29195
29196
29197
29208
29209
29210
29211
29212
29213
29214
29215
29216
29217
29228
29229
29230
29231
29232
29233
29234
29235
29236
29237
29248
29249
29250
29251
29252
29253
29254
29255
29256
29257
29268
29269
29270
29271
29272
29273
29274
29275
29276
29277
29288
29289
29290
29291
29292
29293
29294
29295
29296
29297
29308
29309
29310
29311
29312
29313
29314
29315
29316
29317
29328
29329
29330
29331
29332
29333
29334
29335
29336
29337
29348
29349
29350
29351
29352
29353
29354
29355
29356
29357
)


// ************************************************************************* //
