/*--------------------------------*- C++ -*----------------------------------*\
  =========                 |
  \\      /  F ield         | OpenFOAM: The Open Source CFD Toolbox
   \\    /   O peration     | Website:  https://openfoam.org
    \\  /    A nd           | Version:  7
     \\/     M anipulation  |
\*---------------------------------------------------------------------------*/
FoamFile
{
    version     2.0;
    format      ascii;
    class       labelList;
    location    "constant/polyMesh";
    object      faceProcAddressing;
}
// * * * * * * * * * * * * * * * * * * * * * * * * * * * * * * * * * * * * * //


4174
(
16893
16894
16895
16896
16930
16931
16932
16966
16967
16968
17002
17003
17004
17038
17039
17040
17074
17075
17076
17110
17111
17112
17146
17147
17148
17182
17183
17184
17219
17220
17613
17614
17615
17616
17650
17651
17652
17686
17687
17688
17722
17723
17724
17758
17759
17760
17794
17795
17796
17830
17831
17832
17866
17867
17868
17902
17903
17904
17939
17940
18333
18334
18335
18336
18370
18371
18372
18406
18407
18408
18442
18443
18444
18478
18479
18480
18514
18515
18516
18550
18551
18552
18586
18587
18588
18622
18623
18624
18659
18660
19053
19054
19055
19056
19090
19091
19092
19126
19127
19128
19162
19163
19164
19198
19199
19200
19234
19235
19236
19270
19271
19272
19306
19307
19308
19342
19343
19344
19379
19380
19773
19774
19775
19776
19810
19811
19812
19846
19847
19848
19882
19883
19884
19918
19919
19920
19954
19955
19956
19990
19991
19992
20026
20027
20028
20062
20063
20064
20099
20100
20493
20494
20495
20496
20530
20531
20532
20566
20567
20568
20602
20603
20604
20638
20639
20640
20674
20675
20676
20710
20711
20712
20746
20747
20748
20782
20783
20784
20819
20820
21213
21214
21215
21216
21250
21251
21252
21286
21287
21288
21322
21323
21324
21358
21359
21360
21394
21395
21396
21430
21431
21432
21466
21467
21468
21502
21503
21504
21539
21540
21933
21934
21935
21936
21970
21971
21972
22006
22007
22008
22042
22043
22044
22078
22079
22080
22114
22115
22116
22150
22151
22152
22186
22187
22188
22222
22223
22224
22259
22260
22653
22654
22655
22656
22690
22691
22692
22726
22727
22728
22762
22763
22764
22798
22799
22800
22834
22835
22836
22870
22871
22872
22906
22907
22908
22942
22943
22944
22979
22980
23362
23363
23364
23387
23388
23411
23412
23435
23436
23459
23460
23483
23484
23507
23508
23531
23532
23555
23556
23580
28847
28848
29267
29268
29687
29688
30107
30108
30527
30528
30947
30948
31367
31368
31787
31788
32207
32208
32484
55945
55946
55947
55948
55949
55950
55951
55952
55953
55954
55955
55956
55957
55958
55959
55960
55961
55962
55963
55964
55965
55966
55967
55968
55969
55970
55971
55973
55974
56665
56666
56667
56668
56669
56670
56671
56672
56673
56674
56675
56676
56677
56678
56679
56680
56681
56682
56683
56684
56685
56686
56687
56688
56689
56690
56691
56693
56694
57385
57386
57387
57388
57389
57390
57391
57392
57393
57394
57395
57396
57397
57398
57399
57400
57401
57402
57403
57404
57405
57406
57407
57408
57409
57410
57411
57413
57414
58105
58106
58107
58108
58109
58110
58111
58112
58113
58114
58115
58116
58117
58118
58119
58120
58121
58122
58123
58124
58125
58126
58127
58128
58129
58130
58131
58133
58134
58825
58826
58827
58828
58829
58830
58831
58832
58833
58834
58835
58836
58837
58838
58839
58840
58841
58842
58843
58844
58845
58846
58847
58848
58849
58850
58851
58853
58854
59545
59546
59547
59548
59549
59550
59551
59552
59553
59554
59555
59556
59557
59558
59559
59560
59561
59562
59563
59564
59565
59566
59567
59568
59569
59570
59571
59573
59574
60265
60266
60267
60268
60269
60270
60271
60272
60273
60274
60275
60276
60277
60278
60279
60280
60281
60282
60283
60284
60285
60286
60287
60288
60289
60290
60291
60293
60294
60985
60986
60987
60988
60989
60990
60991
60992
60993
60994
60995
60996
60997
60998
60999
61000
61001
61002
61003
61004
61005
61006
61007
61008
61009
61010
61011
61013
61014
61705
61706
61707
61708
61709
61710
61711
61712
61713
61714
61715
61716
61717
61718
61719
61720
61721
61722
61723
61724
61725
61726
61727
61728
61729
61730
61731
61733
61734
62205
62206
62207
62208
62209
62210
62211
62212
62213
62214
62215
62216
62217
62218
62219
62220
62221
62222
62224
74069
74070
74071
74073
74074
74126
74127
74128
74129
74130
74131
74133
74134
74183
74184
74185
74186
74187
74188
74189
74190
74191
74193
74194
74240
74241
74242
74243
74244
74245
74246
74247
74248
74249
74250
74251
74253
74254
74297
74298
74299
74300
74301
74302
74303
74304
74305
74306
74307
74308
74309
74310
74311
74313
74314
74354
74355
74356
74357
74358
74359
74360
74361
74362
74363
74364
74365
74366
74367
74368
74369
74370
74371
74373
74374
74414
74415
74416
74417
74418
74419
74420
74421
74422
74423
74424
74425
74426
74427
74428
74429
74430
74431
74433
74434
74471
74472
74473
74474
74475
74476
74477
74478
74479
74480
74481
74482
74483
74484
74485
74486
74487
74488
74489
74490
74491
74493
74494
74528
74529
74530
74531
74532
74533
74534
74535
74536
74537
74538
74539
74540
74541
74542
74543
74544
74545
74546
74547
74548
74549
74550
74551
74553
74554
74585
74587
74588
74590
74591
74593
74594
74596
74597
74599
74600
74602
74603
74605
74606
74608
74609
74611
74614
75225
75226
75227
75228
75229
75230
75231
75232
75233
75234
75235
75236
75237
75238
75239
75240
75241
75242
75243
75244
75245
75246
75247
75248
75249
75250
75251
75253
75254
75285
75286
75287
75288
75289
75290
75291
75292
75293
75294
75295
75296
75297
75298
75299
75300
75301
75302
75303
75304
75305
75306
75307
75308
75309
75310
75311
75313
75314
75345
75346
75347
75348
75349
75350
75351
75352
75353
75354
75355
75356
75357
75358
75359
75360
75361
75362
75363
75364
75365
75366
75367
75368
75369
75370
75371
75373
75374
75405
75406
75407
75408
75409
75410
75411
75412
75413
75414
75415
75416
75417
75418
75419
75420
75421
75422
75423
75424
75425
75426
75427
75428
75429
75430
75431
75433
75434
75465
75466
75467
75468
75469
75470
75471
75472
75473
75474
75475
75476
75477
75478
75479
75480
75481
75482
75483
75484
75485
75486
75487
75488
75489
75490
75491
75493
75494
75525
75526
75527
75528
75529
75530
75531
75532
75533
75534
75535
75536
75537
75538
75539
75540
75541
75542
75543
75544
75545
75546
75547
75548
75549
75550
75551
75553
75554
75585
75586
75587
75588
75589
75590
75591
75592
75593
75594
75595
75596
75597
75598
75599
75600
75601
75602
75603
75604
75605
75606
75607
75608
75609
75610
75611
75613
75614
75645
75646
75647
75648
75649
75650
75651
75652
75653
75654
75655
75656
75657
75658
75659
75660
75661
75662
75663
75664
75665
75666
75667
75668
75669
75670
75671
75673
75674
75705
75706
75707
75708
75709
75710
75711
75712
75713
75714
75715
75716
75717
75718
75719
75720
75721
75722
75723
75724
75725
75726
75727
75728
75729
75730
75731
75733
75734
75765
75767
75768
75770
75771
75773
75774
75776
75777
75779
75780
75782
75783
75785
75786
75788
75789
75791
75794
76405
76406
76407
76408
76409
76410
76411
76412
76413
76414
76415
76416
76417
76418
76419
76420
76421
76422
76423
76424
76425
76426
76427
76428
76429
76430
76431
76433
76434
76465
76466
76467
76468
76469
76470
76471
76472
76473
76474
76475
76476
76477
76478
76479
76480
76481
76482
76483
76484
76485
76486
76487
76488
76489
76490
76491
76493
76494
76525
76526
76527
76528
76529
76530
76531
76532
76533
76534
76535
76536
76537
76538
76539
76540
76541
76542
76543
76544
76545
76546
76547
76548
76549
76550
76551
76553
76554
76585
76586
76587
76588
76589
76590
76591
76592
76593
76594
76595
76596
76597
76598
76599
76600
76601
76602
76603
76604
76605
76606
76607
76608
76609
76610
76611
76613
76614
76645
76646
76647
76648
76649
76650
76651
76652
76653
76654
76655
76656
76657
76658
76659
76660
76661
76662
76663
76664
76665
76666
76667
76668
76669
76670
76671
76673
76674
76705
76706
76707
76708
76709
76710
76711
76712
76713
76714
76715
76716
76717
76718
76719
76720
76721
76722
76723
76724
76725
76726
76727
76728
76729
76730
76731
76733
76734
76765
76766
76767
76768
76769
76770
76771
76772
76773
76774
76775
76776
76777
76778
76779
76780
76781
76782
76783
76784
76785
76786
76787
76788
76789
76790
76791
76793
76794
76825
76826
76827
76828
76829
76830
76831
76832
76833
76834
76835
76836
76837
76838
76839
76840
76841
76842
76843
76844
76845
76846
76847
76848
76849
76850
76851
76853
76854
76885
76886
76887
76888
76889
76890
76891
76892
76893
76894
76895
76896
76897
76898
76899
76900
76901
76902
76903
76904
76905
76906
76907
76908
76909
76910
76911
76913
76914
76945
76947
76948
76950
76951
76953
76954
76956
76957
76959
76960
76962
76963
76965
76966
76968
76969
76971
76974
77585
77586
77587
77588
77589
77590
77591
77592
77593
77594
77595
77596
77597
77598
77599
77600
77601
77602
77603
77604
77605
77606
77607
77608
77609
77610
77611
77613
77614
77645
77646
77647
77648
77649
77650
77651
77652
77653
77654
77655
77656
77657
77658
77659
77660
77661
77662
77663
77664
77665
77666
77667
77668
77669
77670
77671
77673
77674
77705
77706
77707
77708
77709
77710
77711
77712
77713
77714
77715
77716
77717
77718
77719
77720
77721
77722
77723
77724
77725
77726
77727
77728
77729
77730
77731
77733
77734
77765
77766
77767
77768
77769
77770
77771
77772
77773
77774
77775
77776
77777
77778
77779
77780
77781
77782
77783
77784
77785
77786
77787
77788
77789
77790
77791
77793
77794
77825
77826
77827
77828
77829
77830
77831
77832
77833
77834
77835
77836
77837
77838
77839
77840
77841
77842
77843
77844
77845
77846
77847
77848
77849
77850
77851
77853
77854
77885
77886
77887
77888
77889
77890
77891
77892
77893
77894
77895
77896
77897
77898
77899
77900
77901
77902
77903
77904
77905
77906
77907
77908
77909
77910
77911
77913
77914
77945
77946
77947
77948
77949
77950
77951
77952
77953
77954
77955
77956
77957
77958
77959
77960
77961
77962
77963
77964
77965
77966
77967
77968
77969
77970
77971
77973
77974
78005
78006
78007
78008
78009
78010
78011
78012
78013
78014
78015
78016
78017
78018
78019
78020
78021
78022
78023
78024
78025
78026
78027
78028
78029
78030
78031
78033
78034
78065
78066
78067
78068
78069
78070
78071
78072
78073
78074
78075
78076
78077
78078
78079
78080
78081
78082
78083
78084
78085
78086
78087
78088
78089
78090
78091
78093
78094
78125
78127
78128
78130
78131
78133
78134
78136
78137
78139
78140
78142
78143
78145
78146
78148
78149
78151
78154
78765
78766
78767
78768
78769
78770
78771
78772
78773
78774
78775
78776
78777
78778
78779
78780
78781
78782
78783
78784
78785
78786
78787
78788
78789
78790
78791
78793
78794
78825
78826
78827
78828
78829
78830
78831
78832
78833
78834
78835
78836
78837
78838
78839
78840
78841
78842
78843
78844
78845
78846
78847
78848
78849
78850
78851
78853
78854
78885
78886
78887
78888
78889
78890
78891
78892
78893
78894
78895
78896
78897
78898
78899
78900
78901
78902
78903
78904
78905
78906
78907
78908
78909
78910
78911
78913
78914
78945
78946
78947
78948
78949
78950
78951
78952
78953
78954
78955
78956
78957
78958
78959
78960
78961
78962
78963
78964
78965
78966
78967
78968
78969
78970
78971
78973
78974
79005
79006
79007
79008
79009
79010
79011
79012
79013
79014
79015
79016
79017
79018
79019
79020
79021
79022
79023
79024
79025
79026
79027
79028
79029
79030
79031
79033
79034
79065
79066
79067
79068
79069
79070
79071
79072
79073
79074
79075
79076
79077
79078
79079
79080
79081
79082
79083
79084
79085
79086
79087
79088
79089
79090
79091
79093
79094
79125
79126
79127
79128
79129
79130
79131
79132
79133
79134
79135
79136
79137
79138
79139
79140
79141
79142
79143
79144
79145
79146
79147
79148
79149
79150
79151
79153
79154
79185
79186
79187
79188
79189
79190
79191
79192
79193
79194
79195
79196
79197
79198
79199
79200
79201
79202
79203
79204
79205
79206
79207
79208
79209
79210
79211
79213
79214
79245
79246
79247
79248
79249
79250
79251
79252
79253
79254
79255
79256
79257
79258
79259
79260
79261
79262
79263
79264
79265
79266
79267
79268
79269
79270
79271
79273
79274
79305
79307
79308
79310
79311
79313
79314
79316
79317
79319
79320
79322
79323
79325
79326
79328
79329
79331
79334
79945
79946
79947
79948
79949
79950
79951
79952
79953
79954
79955
79956
79957
79958
79959
79960
79961
79962
79963
79964
79965
79966
79967
79968
79969
79970
79971
79973
79974
80005
80006
80007
80008
80009
80010
80011
80012
80013
80014
80015
80016
80017
80018
80019
80020
80021
80022
80023
80024
80025
80026
80027
80028
80029
80030
80031
80033
80034
80065
80066
80067
80068
80069
80070
80071
80072
80073
80074
80075
80076
80077
80078
80079
80080
80081
80082
80083
80084
80085
80086
80087
80088
80089
80090
80091
80093
80094
80125
80126
80127
80128
80129
80130
80131
80132
80133
80134
80135
80136
80137
80138
80139
80140
80141
80142
80143
80144
80145
80146
80147
80148
80149
80150
80151
80153
80154
80185
80186
80187
80188
80189
80190
80191
80192
80193
80194
80195
80196
80197
80198
80199
80200
80201
80202
80203
80204
80205
80206
80207
80208
80209
80210
80211
80213
80214
80245
80246
80247
80248
80249
80250
80251
80252
80253
80254
80255
80256
80257
80258
80259
80260
80261
80262
80263
80264
80265
80266
80267
80268
80269
80270
80271
80273
80274
80305
80306
80307
80308
80309
80310
80311
80312
80313
80314
80315
80316
80317
80318
80319
80320
80321
80322
80323
80324
80325
80326
80327
80328
80329
80330
80331
80333
80334
80365
80366
80367
80368
80369
80370
80371
80372
80373
80374
80375
80376
80377
80378
80379
80380
80381
80382
80383
80384
80385
80386
80387
80388
80389
80390
80391
80393
80394
80425
80426
80427
80428
80429
80430
80431
80432
80433
80434
80435
80436
80437
80438
80439
80440
80441
80442
80443
80444
80445
80446
80447
80448
80449
80450
80451
80453
80454
80485
80487
80488
80490
80491
80493
80494
80496
80497
80499
80500
80502
80503
80505
80506
80508
80509
80511
80514
81125
81126
81127
81128
81129
81130
81131
81132
81133
81134
81135
81136
81137
81138
81139
81140
81141
81142
81143
81144
81145
81146
81147
81148
81149
81150
81151
81153
81154
81185
81186
81187
81188
81189
81190
81191
81192
81193
81194
81195
81196
81197
81198
81199
81200
81201
81202
81203
81204
81205
81206
81207
81208
81209
81210
81211
81213
81214
81245
81246
81247
81248
81249
81250
81251
81252
81253
81254
81255
81256
81257
81258
81259
81260
81261
81262
81263
81264
81265
81266
81267
81268
81269
81270
81271
81273
81274
81305
81306
81307
81308
81309
81310
81311
81312
81313
81314
81315
81316
81317
81318
81319
81320
81321
81322
81323
81324
81325
81326
81327
81328
81329
81330
81331
81333
81334
81365
81366
81367
81368
81369
81370
81371
81372
81373
81374
81375
81376
81377
81378
81379
81380
81381
81382
81383
81384
81385
81386
81387
81388
81389
81390
81391
81393
81394
81425
81426
81427
81428
81429
81430
81431
81432
81433
81434
81435
81436
81437
81438
81439
81440
81441
81442
81443
81444
81445
81446
81447
81448
81449
81450
81451
81453
81454
81485
81486
81487
81488
81489
81490
81491
81492
81493
81494
81495
81496
81497
81498
81499
81500
81501
81502
81503
81504
81505
81506
81507
81508
81509
81510
81511
81513
81514
81545
81546
81547
81548
81549
81550
81551
81552
81553
81554
81555
81556
81557
81558
81559
81560
81561
81562
81563
81564
81565
81566
81567
81568
81569
81570
81571
81573
81574
81605
81606
81607
81608
81609
81610
81611
81612
81613
81614
81615
81616
81617
81618
81619
81620
81621
81622
81623
81624
81625
81626
81627
81628
81629
81630
81631
81633
81634
81665
81667
81668
81670
81671
81673
81674
81676
81677
81679
81680
81682
81683
81685
81686
81688
81689
81691
81694
82305
82306
82307
82308
82309
82310
82311
82312
82313
82314
82315
82316
82317
82318
82319
82320
82321
82322
82323
82324
82325
82326
82327
82328
82329
82330
82331
82333
82334
82365
82366
82367
82368
82369
82370
82371
82372
82373
82374
82375
82376
82377
82378
82379
82380
82381
82382
82383
82384
82385
82386
82387
82388
82389
82390
82391
82393
82394
82425
82426
82427
82428
82429
82430
82431
82432
82433
82434
82435
82436
82437
82438
82439
82440
82441
82442
82443
82444
82445
82446
82447
82448
82449
82450
82451
82453
82454
82485
82486
82487
82488
82489
82490
82491
82492
82493
82494
82495
82496
82497
82498
82499
82500
82501
82502
82503
82504
82505
82506
82507
82508
82509
82510
82511
82513
82514
82545
82546
82547
82548
82549
82550
82551
82552
82553
82554
82555
82556
82557
82558
82559
82560
82561
82562
82563
82564
82565
82566
82567
82568
82569
82570
82571
82573
82574
82605
82606
82607
82608
82609
82610
82611
82612
82613
82614
82615
82616
82617
82618
82619
82620
82621
82622
82623
82624
82625
82626
82627
82628
82629
82630
82631
82633
82634
82665
82666
82667
82668
82669
82670
82671
82672
82673
82674
82675
82676
82677
82678
82679
82680
82681
82682
82683
82684
82685
82686
82687
82688
82689
82690
82691
82693
82694
82725
82726
82727
82728
82729
82730
82731
82732
82733
82734
82735
82736
82737
82738
82739
82740
82741
82742
82743
82744
82745
82746
82747
82748
82749
82750
82751
82753
82754
82785
82786
82787
82788
82789
82790
82791
82792
82793
82794
82795
82796
82797
82798
82799
82800
82801
82802
82803
82804
82805
82806
82807
82808
82809
82810
82811
82813
82814
82845
82847
82848
82850
82851
82853
82854
82856
82857
82859
82860
82862
82863
82865
82866
82868
82869
82871
82874
83485
83486
83487
83488
83489
83490
83491
83492
83493
83494
83495
83496
83497
83498
83499
83500
83501
83502
83503
83504
83505
83506
83507
83508
83509
83510
83511
83513
83514
83545
83546
83547
83548
83549
83550
83551
83552
83553
83554
83555
83556
83557
83558
83559
83560
83561
83562
83563
83564
83565
83566
83567
83568
83569
83570
83571
83573
83574
83605
83606
83607
83608
83609
83610
83611
83612
83613
83614
83615
83616
83617
83618
83619
83620
83621
83622
83623
83624
83625
83626
83627
83628
83629
83630
83631
83633
83634
83665
83666
83667
83668
83669
83670
83671
83672
83673
83674
83675
83676
83677
83678
83679
83680
83681
83682
83683
83684
83685
83686
83687
83688
83689
83690
83691
83693
83694
83725
83726
83727
83728
83729
83730
83731
83732
83733
83734
83735
83736
83737
83738
83739
83740
83741
83742
83743
83744
83745
83746
83747
83748
83749
83750
83751
83753
83754
83785
83786
83787
83788
83789
83790
83791
83792
83793
83794
83795
83796
83797
83798
83799
83800
83801
83802
83803
83804
83805
83806
83807
83808
83809
83810
83811
83813
83814
83845
83846
83847
83848
83849
83850
83851
83852
83853
83854
83855
83856
83857
83858
83859
83860
83861
83862
83863
83864
83865
83866
83867
83868
83869
83870
83871
83873
83874
83905
83906
83907
83908
83909
83910
83911
83912
83913
83914
83915
83916
83917
83918
83919
83920
83921
83922
83923
83924
83925
83926
83927
83928
83929
83930
83931
83933
83934
83965
83966
83967
83968
83969
83970
83971
83972
83973
83974
83975
83976
83977
83978
83979
83980
83981
83982
83983
83984
83985
83986
83987
83988
83989
83990
83991
83993
83994
84025
84027
84028
84030
84031
84033
84034
84036
84037
84039
84040
84042
84043
84045
84046
84048
84049
84051
84054
84665
84666
84667
84668
84669
84670
84671
84672
84673
84674
84675
84676
84677
84678
84679
84680
84681
84682
84683
84684
84685
84686
84687
84688
84689
84690
84691
84693
84694
84725
84726
84727
84728
84729
84730
84731
84732
84733
84734
84735
84736
84737
84738
84739
84740
84741
84742
84743
84744
84745
84746
84747
84748
84749
84750
84751
84753
84754
84785
84786
84787
84788
84789
84790
84791
84792
84793
84794
84795
84796
84797
84798
84799
84800
84801
84802
84803
84804
84805
84806
84807
84808
84809
84810
84811
84813
84814
84845
84846
84847
84848
84849
84850
84851
84852
84853
84854
84855
84856
84857
84858
84859
84860
84861
84862
84863
84864
84865
84866
84867
84868
84869
84870
84871
84873
84874
84905
84906
84907
84908
84909
84910
84911
84912
84913
84914
84915
84916
84917
84918
84919
84920
84921
84922
84923
84924
84925
84926
84927
84928
84929
84930
84931
84933
84934
84965
84966
84967
84968
84969
84970
84971
84972
84973
84974
84975
84976
84977
84978
84979
84980
84981
84982
84983
84984
84985
84986
84987
84988
84989
84990
84991
84993
84994
85025
85026
85027
85028
85029
85030
85031
85032
85033
85034
85035
85036
85037
85038
85039
85040
85041
85042
85043
85044
85045
85046
85047
85048
85049
85050
85051
85053
85054
85085
85086
85087
85088
85089
85090
85091
85092
85093
85094
85095
85096
85097
85098
85099
85100
85101
85102
85103
85104
85105
85106
85107
85108
85109
85110
85111
85113
85114
85145
85146
85147
85148
85149
85150
85151
85152
85153
85154
85155
85156
85157
85158
85159
85160
85161
85162
85163
85164
85165
85166
85167
85168
85169
85170
85171
85173
85174
85205
85207
85208
85210
85211
85213
85214
85216
85217
85219
85220
85222
85223
85225
85226
85228
85229
85231
85234
85845
85846
85847
85848
85849
85850
85851
85852
85853
85854
85855
85856
85857
85858
85859
85860
85861
85862
85864
85885
85886
85887
85888
85889
85890
85891
85892
85893
85894
85895
85896
85897
85898
85899
85900
85901
85902
85904
85925
85926
85927
85928
85929
85930
85931
85932
85933
85934
85935
85936
85937
85938
85939
85940
85941
85942
85944
85965
85966
85967
85968
85969
85970
85971
85972
85973
85974
85975
85976
85977
85978
85979
85980
85981
85982
85984
86005
86006
86007
86008
86009
86010
86011
86012
86013
86014
86015
86016
86017
86018
86019
86020
86021
86022
86024
86045
86046
86047
86048
86049
86050
86051
86052
86053
86054
86055
86056
86057
86058
86059
86060
86061
86062
86064
86085
86086
86087
86088
86089
86090
86091
86092
86093
86094
86095
86096
86097
86098
86099
86100
86101
86102
86104
86125
86126
86127
86128
86129
86130
86131
86132
86133
86134
86135
86136
86137
86138
86139
86140
86141
86142
86144
86165
86166
86167
86168
86169
86170
86171
86172
86173
86174
86175
86176
86177
86178
86179
86180
86181
86182
86184
86205
86207
86209
86211
86213
86215
86217
86219
86221
123960
123972
123984
123996
124008
124020
124032
124044
124056
124068
124080
124565
124566
124567
124568
124569
124570
124571
124572
124573
124574
124585
124586
124587
124588
124589
124590
124591
124592
124593
124594
124605
124606
124607
124608
124609
124610
124611
124612
124613
124614
124625
124626
124627
124628
124629
124630
124631
124632
124633
124634
124645
124646
124647
124648
124649
124650
124651
124652
124653
124654
124665
124666
124667
124668
124669
124670
124671
124672
124673
124674
124685
124686
124687
124688
124689
124690
124691
124692
124693
124694
124705
124706
124707
124708
124709
124710
124711
124712
124713
124714
124725
124726
124727
124728
124729
124730
124731
124732
124733
124734
124745
124746
124747
124748
124749
124750
124751
124752
124753
124754
124765
124766
124767
124768
124769
124770
124771
124772
124773
124774
-16174
-16211
-16247
-16283
-16319
-16355
-16391
-16427
-16463
-16499
-16500
-28427
-55226
-55229
-55232
-55235
-55238
-55241
-55244
-55247
-55250
-55251
-55253
-55254
-72891
-72894
-72948
-72951
-72954
-73005
-73008
-73011
-73014
-73062
-73065
-73068
-73071
-73074
-73119
-73122
-73125
-73128
-73131
-73134
-73176
-73179
-73182
-73185
-73188
-73191
-73194
-73236
-73239
-73242
-73245
-73248
-73251
-73254
-73293
-73296
-73299
-73302
-73305
-73308
-73311
-73314
-73350
-73353
-73356
-73359
-73362
-73365
-73368
-73371
-73374
-73407
-73410
-73413
-73416
-73419
-73422
-73425
-73428
-73431
-73434
-74047
-74050
-74053
-74056
-74059
-74062
-74065
-74066
-74067
-74068
-74107
-74110
-74113
-74116
-74119
-74122
-74123
-74124
-74125
-74167
-74170
-74173
-74176
-74179
-74180
-74181
-74182
-74227
-74230
-74233
-74236
-74237
-74238
-74239
-74287
-74290
-74293
-74294
-74295
-74296
-74347
-74350
-74351
-74353
-74407
-74410
-74411
-74412
-74413
-74467
-74468
-74469
-74470
-74525
-74526
-74527
74072
74132
74192
74252
74312
74372
74432
74492
74552
74612
74586
74589
74592
74595
74598
74601
74604
74607
74610
-28822
-29242
-29662
-30082
-30502
-30922
-31342
-31762
-32182
-32471
-55886
-55889
-55892
-55895
-55898
-55901
-55904
-55907
-55910
-55913
-56606
-56609
-56612
-56615
-56618
-56621
-56624
-56627
-56630
-56633
-57326
-57329
-57332
-57335
-57338
-57341
-57344
-57347
-57350
-57353
-58046
-58049
-58052
-58055
-58058
-58061
-58064
-58067
-58070
-58073
-58766
-58769
-58772
-58775
-58778
-58781
-58784
-58787
-58790
-58793
-59486
-59489
-59492
-59495
-59498
-59501
-59504
-59507
-59510
-59513
-60206
-60209
-60212
-60215
-60218
-60221
-60224
-60227
-60230
-60233
-60926
-60929
-60932
-60935
-60938
-60941
-60944
-60947
-60950
-60953
-61646
-61649
-61652
-61655
-61658
-61661
-61664
-61667
-61670
-61673
-62166
-62168
-62170
-62172
-62174
-62176
-62178
-62180
-62182
-62184
-16889
-16927
-16963
-16999
-17035
-17071
-17107
-17143
-17179
-17215
-17609
-17647
-17683
-17719
-17755
-17791
-17827
-17863
-17899
-17935
-18329
-18367
-18403
-18439
-18475
-18511
-18547
-18583
-18619
-18655
-19049
-19087
-19123
-19159
-19195
-19231
-19267
-19303
-19339
-19375
-19769
-19807
-19843
-19879
-19915
-19951
-19987
-20023
-20059
-20095
-20489
-20527
-20563
-20599
-20635
-20671
-20707
-20743
-20779
-20815
-21209
-21247
-21283
-21319
-21355
-21391
-21427
-21463
-21499
-21535
-21929
-21967
-22003
-22039
-22075
-22111
-22147
-22183
-22219
-22255
-22649
-22687
-22723
-22759
-22795
-22831
-22867
-22903
-22939
-22975
-23359
-23385
-23409
-23433
-23457
-23481
-23505
-23529
-23553
-23577
-28845
-29265
-29685
-30105
-30525
-30945
-31365
-31785
-32205
-32483
55972
56692
57412
58132
58852
59572
60292
61012
61732
62223
75252
75312
75372
75432
75492
75552
75612
75672
75732
75792
76432
76492
76552
76612
76672
76732
76792
76852
76912
76972
77612
77672
77732
77792
77852
77912
77972
78032
78092
78152
78792
78852
78912
78972
79032
79092
79152
79212
79272
79332
79972
80032
80092
80152
80212
80272
80332
80392
80452
80512
81152
81212
81272
81332
81392
81452
81512
81572
81632
81692
82332
82392
82452
82512
82572
82632
82692
82752
82812
82872
83512
83572
83632
83692
83752
83812
83872
83932
83992
84052
84692
84752
84812
84872
84932
84992
85052
85112
85172
85232
85863
85903
85943
85983
86023
86063
86103
86143
86183
86223
17218
17938
18658
19378
20098
20818
21538
22258
22978
23579
74613
75766
75769
75772
75775
75778
75781
75784
75787
75790
75793
76946
76949
76952
76955
76958
76961
76964
76967
76970
76973
78126
78129
78132
78135
78138
78141
78144
78147
78150
78153
79306
79309
79312
79315
79318
79321
79324
79327
79330
79333
80486
80489
80492
80495
80498
80501
80504
80507
80510
80513
81666
81669
81672
81675
81678
81681
81684
81687
81690
81693
82846
82849
82852
82855
82858
82861
82864
82867
82870
82873
84026
84029
84032
84035
84038
84041
84044
84047
84050
84053
85206
85209
85212
85215
85218
85221
85224
85227
85230
85233
86206
86208
86210
86212
86214
86216
86218
86220
86222
86224
)


// ************************************************************************* //
