/*--------------------------------*- C++ -*----------------------------------*\
  =========                 |
  \\      /  F ield         | OpenFOAM: The Open Source CFD Toolbox
   \\    /   O peration     | Website:  https://openfoam.org
    \\  /    A nd           | Version:  7
     \\/     M anipulation  |
\*---------------------------------------------------------------------------*/
FoamFile
{
    version     2.0;
    format      ascii;
    class       labelList;
    location    "constant/polyMesh";
    object      pointProcAddressing;
}
// * * * * * * * * * * * * * * * * * * * * * * * * * * * * * * * * * * * * * //


1666
(
6447
6460
6589
6590
6602
6603
6615
6616
6628
6629
6641
6642
6654
6655
6667
6668
6680
6681
6693
6694
6706
6707
6719
6720
6849
6850
6862
6863
6875
6876
6888
6889
6901
6902
6914
6915
6927
6928
6940
6941
6953
6954
6966
6967
6979
6980
7109
7110
7122
7123
7135
7136
7148
7149
7161
7162
7174
7175
7187
7188
7200
7201
7213
7214
7226
7227
7239
7240
7369
7370
7382
7383
7395
7396
7408
7409
7421
7422
7434
7435
7447
7448
7460
7461
7473
7474
7486
7487
7499
7500
7629
7630
7642
7643
7655
7656
7668
7669
7681
7682
7694
7695
7707
7708
7720
7721
7733
7734
7746
7747
7759
7760
7889
7890
7902
7903
7915
7916
7928
7929
7941
7942
7954
7955
7967
7968
7980
7981
7993
7994
8006
8007
8019
8020
8149
8150
8162
8163
8175
8176
8188
8189
8201
8202
8214
8215
8227
8228
8240
8241
8253
8254
8266
8267
8279
8280
8409
8410
8422
8423
8435
8436
8448
8449
8461
8462
8474
8475
8487
8488
8500
8501
8513
8514
8526
8527
8539
8540
8669
8670
8682
8683
8695
8696
8708
8709
8721
8722
8734
8735
8747
8748
8760
8761
8773
8774
8786
8787
8799
8800
8929
8930
8942
8943
8955
8956
8968
8969
8981
8982
8994
8995
9007
9008
9020
9021
9033
9034
9046
9047
9059
9060
9189
9190
9202
9203
9215
9216
9228
9229
9241
9242
9254
9255
9267
9268
9280
9281
9293
9294
9306
9307
9319
9320
11308
11309
11464
11465
11620
11621
11776
11777
11932
11933
12088
12089
12244
12245
12400
12401
12556
12557
12712
12713
12868
12869
21437
21438
21439
21670
21671
21672
21673
21674
21675
21676
21677
21678
21679
21690
21691
21692
21693
21694
21695
21696
21697
21698
21699
21930
21931
21932
21933
21934
21935
21936
21937
21938
21939
21950
21951
21952
21953
21954
21955
21956
21957
21958
21959
22190
22191
22192
22193
22194
22195
22196
22197
22198
22199
22210
22211
22212
22213
22214
22215
22216
22217
22218
22219
22450
22451
22452
22453
22454
22455
22456
22457
22458
22459
22470
22471
22472
22473
22474
22475
22476
22477
22478
22479
22710
22711
22712
22713
22714
22715
22716
22717
22718
22719
22730
22731
22732
22733
22734
22735
22736
22737
22738
22739
22970
22971
22972
22973
22974
22975
22976
22977
22978
22979
22990
22991
22992
22993
22994
22995
22996
22997
22998
22999
23230
23231
23232
23233
23234
23235
23236
23237
23238
23239
23250
23251
23252
23253
23254
23255
23256
23257
23258
23259
23490
23491
23492
23493
23494
23495
23496
23497
23498
23499
23510
23511
23512
23513
23514
23515
23516
23517
23518
23519
23750
23751
23752
23753
23754
23755
23756
23757
23758
23759
23770
23771
23772
23773
23774
23775
23776
23777
23778
23779
24010
24011
24012
24013
24014
24015
24016
24017
24018
24019
24030
24031
24032
24033
24034
24035
24036
24037
24038
24039
24270
24271
24272
24273
24274
24275
24276
24277
24278
24279
24290
24291
24292
24293
24294
24295
24296
24297
24298
24299
28116
28117
28118
28119
28135
28136
28137
28138
28139
28154
28155
28156
28157
28158
28159
28173
28174
28175
28176
28177
28178
28179
28192
28193
28194
28195
28196
28197
28198
28199
28212
28213
28214
28215
28216
28217
28218
28219
28231
28232
28233
28234
28235
28236
28237
28238
28239
28250
28251
28252
28253
28254
28255
28256
28257
28258
28259
28270
28271
28272
28273
28274
28275
28276
28277
28278
28279
28290
28291
28292
28293
28294
28295
28296
28297
28298
28299
28490
28491
28492
28493
28494
28495
28496
28497
28498
28499
28510
28511
28512
28513
28514
28515
28516
28517
28518
28519
28530
28531
28532
28533
28534
28535
28536
28537
28538
28539
28550
28551
28552
28553
28554
28555
28556
28557
28558
28559
28570
28571
28572
28573
28574
28575
28576
28577
28578
28579
28590
28591
28592
28593
28594
28595
28596
28597
28598
28599
28610
28611
28612
28613
28614
28615
28616
28617
28618
28619
28630
28631
28632
28633
28634
28635
28636
28637
28638
28639
28650
28651
28652
28653
28654
28655
28656
28657
28658
28659
28670
28671
28672
28673
28674
28675
28676
28677
28678
28679
28870
28871
28872
28873
28874
28875
28876
28877
28878
28879
28890
28891
28892
28893
28894
28895
28896
28897
28898
28899
28910
28911
28912
28913
28914
28915
28916
28917
28918
28919
28930
28931
28932
28933
28934
28935
28936
28937
28938
28939
28950
28951
28952
28953
28954
28955
28956
28957
28958
28959
28970
28971
28972
28973
28974
28975
28976
28977
28978
28979
28990
28991
28992
28993
28994
28995
28996
28997
28998
28999
29010
29011
29012
29013
29014
29015
29016
29017
29018
29019
29030
29031
29032
29033
29034
29035
29036
29037
29038
29039
29050
29051
29052
29053
29054
29055
29056
29057
29058
29059
29250
29251
29252
29253
29254
29255
29256
29257
29258
29259
29270
29271
29272
29273
29274
29275
29276
29277
29278
29279
29290
29291
29292
29293
29294
29295
29296
29297
29298
29299
29310
29311
29312
29313
29314
29315
29316
29317
29318
29319
29330
29331
29332
29333
29334
29335
29336
29337
29338
29339
29350
29351
29352
29353
29354
29355
29356
29357
29358
29359
29370
29371
29372
29373
29374
29375
29376
29377
29378
29379
29390
29391
29392
29393
29394
29395
29396
29397
29398
29399
29410
29411
29412
29413
29414
29415
29416
29417
29418
29419
29430
29431
29432
29433
29434
29435
29436
29437
29438
29439
29630
29631
29632
29633
29634
29635
29636
29637
29638
29639
29650
29651
29652
29653
29654
29655
29656
29657
29658
29659
29670
29671
29672
29673
29674
29675
29676
29677
29678
29679
29690
29691
29692
29693
29694
29695
29696
29697
29698
29699
29710
29711
29712
29713
29714
29715
29716
29717
29718
29719
29730
29731
29732
29733
29734
29735
29736
29737
29738
29739
29750
29751
29752
29753
29754
29755
29756
29757
29758
29759
29770
29771
29772
29773
29774
29775
29776
29777
29778
29779
29790
29791
29792
29793
29794
29795
29796
29797
29798
29799
29810
29811
29812
29813
29814
29815
29816
29817
29818
29819
30010
30011
30012
30013
30014
30015
30016
30017
30018
30019
30030
30031
30032
30033
30034
30035
30036
30037
30038
30039
30050
30051
30052
30053
30054
30055
30056
30057
30058
30059
30070
30071
30072
30073
30074
30075
30076
30077
30078
30079
30090
30091
30092
30093
30094
30095
30096
30097
30098
30099
30110
30111
30112
30113
30114
30115
30116
30117
30118
30119
30130
30131
30132
30133
30134
30135
30136
30137
30138
30139
30150
30151
30152
30153
30154
30155
30156
30157
30158
30159
30170
30171
30172
30173
30174
30175
30176
30177
30178
30179
30190
30191
30192
30193
30194
30195
30196
30197
30198
30199
30390
30391
30392
30393
30394
30395
30396
30397
30398
30399
30410
30411
30412
30413
30414
30415
30416
30417
30418
30419
30430
30431
30432
30433
30434
30435
30436
30437
30438
30439
30450
30451
30452
30453
30454
30455
30456
30457
30458
30459
30470
30471
30472
30473
30474
30475
30476
30477
30478
30479
30490
30491
30492
30493
30494
30495
30496
30497
30498
30499
30510
30511
30512
30513
30514
30515
30516
30517
30518
30519
30530
30531
30532
30533
30534
30535
30536
30537
30538
30539
30550
30551
30552
30553
30554
30555
30556
30557
30558
30559
30570
30571
30572
30573
30574
30575
30576
30577
30578
30579
30770
30771
30772
30773
30774
30775
30776
30777
30778
30779
30790
30791
30792
30793
30794
30795
30796
30797
30798
30799
30810
30811
30812
30813
30814
30815
30816
30817
30818
30819
30830
30831
30832
30833
30834
30835
30836
30837
30838
30839
30850
30851
30852
30853
30854
30855
30856
30857
30858
30859
30870
30871
30872
30873
30874
30875
30876
30877
30878
30879
30890
30891
30892
30893
30894
30895
30896
30897
30898
30899
30910
30911
30912
30913
30914
30915
30916
30917
30918
30919
30930
30931
30932
30933
30934
30935
30936
30937
30938
30939
30950
30951
30952
30953
30954
30955
30956
30957
30958
30959
31150
31151
31152
31153
31154
31155
31156
31157
31158
31159
31170
31171
31172
31173
31174
31175
31176
31177
31178
31179
31190
31191
31192
31193
31194
31195
31196
31197
31198
31199
31210
31211
31212
31213
31214
31215
31216
31217
31218
31219
31230
31231
31232
31233
31234
31235
31236
31237
31238
31239
31250
31251
31252
31253
31254
31255
31256
31257
31258
31259
31270
31271
31272
31273
31274
31275
31276
31277
31278
31279
31290
31291
31292
31293
31294
31295
31296
31297
31298
31299
31310
31311
31312
31313
31314
31315
31316
31317
31318
31319
31330
31331
31332
31333
31334
31335
31336
31337
31338
31339
31530
31531
31532
31533
31534
31535
31536
31537
31538
31539
31550
31551
31552
31553
31554
31555
31556
31557
31558
31559
31570
31571
31572
31573
31574
31575
31576
31577
31578
31579
31590
31591
31592
31593
31594
31595
31596
31597
31598
31599
31610
31611
31612
31613
31614
31615
31616
31617
31618
31619
31630
31631
31632
31633
31634
31635
31636
31637
31638
31639
31650
31651
31652
31653
31654
31655
31656
31657
31658
31659
31670
31671
31672
31673
31674
31675
31676
31677
31678
31679
31690
31691
31692
31693
31694
31695
31696
31697
31698
31699
31710
31711
31712
31713
31714
31715
31716
31717
31718
31719
31910
31911
31912
31913
31914
31915
31916
31917
31918
31919
31930
31931
31932
31933
31934
31935
31936
31937
31938
31939
31950
31951
31952
31953
31954
31955
31956
31957
31958
31959
31970
31971
31972
31973
31974
31975
31976
31977
31978
31979
31990
31991
31992
31993
31994
31995
31996
31997
31998
31999
32010
32011
32012
32013
32014
32015
32016
32017
32018
32019
32030
32031
32032
32033
32034
32035
32036
32037
32038
32039
32050
32051
32052
32053
32054
32055
32056
32057
32058
32059
32070
32071
32072
32073
32074
32075
32076
32077
32078
32079
32090
32091
32092
32093
32094
32095
32096
32097
32098
32099
32290
32291
32292
32293
32294
32295
32296
32297
32298
32299
32310
32311
32312
32313
32314
32315
32316
32317
32318
32319
32330
32331
32332
32333
32334
32335
32336
32337
32338
32339
32350
32351
32352
32353
32354
32355
32356
32357
32358
32359
32370
32371
32372
32373
32374
32375
32376
32377
32378
32379
32390
32391
32392
32393
32394
32395
32396
32397
32398
32399
32410
32411
32412
32413
32414
32415
32416
32417
32418
32419
32430
32431
32432
32433
32434
32435
32436
32437
32438
32439
32450
32451
32452
32453
32454
32455
32456
32457
32458
32459
32470
32471
32472
32473
32474
32475
32476
32477
32478
32479
)


// ************************************************************************* //
