/*--------------------------------*- C++ -*----------------------------------*\
  =========                 |
  \\      /  F ield         | OpenFOAM: The Open Source CFD Toolbox
   \\    /   O peration     | Website:  https://openfoam.org
    \\  /    A nd           | Version:  7
     \\/     M anipulation  |
\*---------------------------------------------------------------------------*/
FoamFile
{
    version     2.0;
    format      ascii;
    class       labelList;
    location    "constant/polyMesh";
    object      cellProcAddressing;
}
// * * * * * * * * * * * * * * * * * * * * * * * * * * * * * * * * * * * * * //


1271
(
18587
18606
18607
18625
18626
18627
18643
18644
18645
18646
18647
18662
18663
18664
18665
18666
18667
18681
18682
18683
18684
18685
18686
18687
18700
18701
18702
18703
18704
18705
18706
18707
18719
18720
18721
18722
18723
18724
18725
18726
18727
18738
18739
18740
18741
18742
18743
18744
18745
18746
18747
18778
18779
18780
18781
18782
18783
18784
18785
18786
18787
18798
18799
18800
18801
18802
18803
18804
18805
18806
18807
18818
18819
18820
18821
18822
18823
18824
18825
18826
18827
18838
18839
18840
18841
18842
18843
18844
18845
18846
18847
18858
18859
18860
18861
18862
18863
18864
18865
18866
18867
18878
18879
18880
18881
18882
18883
18884
18885
18886
18887
18898
18899
18900
18901
18902
18903
18904
18905
18906
18907
18918
18919
18920
18921
18922
18923
18924
18925
18926
18927
18938
18939
18940
18941
18942
18943
18944
18945
18946
18947
18958
18959
18960
18961
18962
18963
18964
18965
18966
18967
18978
18979
18980
18981
18982
18983
18984
18985
18986
18987
19018
19019
19020
19021
19022
19023
19024
19025
19026
19027
19038
19039
19040
19041
19042
19043
19044
19045
19046
19047
19058
19059
19060
19061
19062
19063
19064
19065
19066
19067
19078
19079
19080
19081
19082
19083
19084
19085
19086
19087
19098
19099
19100
19101
19102
19103
19104
19105
19106
19107
19118
19119
19120
19121
19122
19123
19124
19125
19126
19127
19138
19139
19140
19141
19142
19143
19144
19145
19146
19147
19158
19159
19160
19161
19162
19163
19164
19165
19166
19167
19178
19179
19180
19181
19182
19183
19184
19185
19186
19187
19198
19199
19200
19201
19202
19203
19204
19205
19206
19207
19218
19219
19220
19221
19222
19223
19224
19225
19226
19227
19258
19259
19260
19261
19262
19263
19264
19265
19266
19267
19278
19279
19280
19281
19282
19283
19284
19285
19286
19287
19298
19299
19300
19301
19302
19303
19304
19305
19306
19307
19318
19319
19320
19321
19322
19323
19324
19325
19326
19327
19338
19339
19340
19341
19342
19343
19344
19345
19346
19347
19358
19359
19360
19361
19362
19363
19364
19365
19366
19367
19378
19379
19380
19381
19382
19383
19384
19385
19386
19387
19398
19399
19400
19401
19402
19403
19404
19405
19406
19407
19418
19419
19420
19421
19422
19423
19424
19425
19426
19427
19438
19439
19440
19441
19442
19443
19444
19445
19446
19447
19458
19459
19460
19461
19462
19463
19464
19465
19466
19467
19498
19499
19500
19501
19502
19503
19504
19505
19506
19507
19518
19519
19520
19521
19522
19523
19524
19525
19526
19527
19538
19539
19540
19541
19542
19543
19544
19545
19546
19547
19558
19559
19560
19561
19562
19563
19564
19565
19566
19567
19578
19579
19580
19581
19582
19583
19584
19585
19586
19587
19598
19599
19600
19601
19602
19603
19604
19605
19606
19607
19618
19619
19620
19621
19622
19623
19624
19625
19626
19627
19638
19639
19640
19641
19642
19643
19644
19645
19646
19647
19658
19659
19660
19661
19662
19663
19664
19665
19666
19667
19678
19679
19680
19681
19682
19683
19684
19685
19686
19687
19698
19699
19700
19701
19702
19703
19704
19705
19706
19707
19738
19739
19740
19741
19742
19743
19744
19745
19746
19747
19758
19759
19760
19761
19762
19763
19764
19765
19766
19767
19778
19779
19780
19781
19782
19783
19784
19785
19786
19787
19798
19799
19800
19801
19802
19803
19804
19805
19806
19807
19818
19819
19820
19821
19822
19823
19824
19825
19826
19827
19838
19839
19840
19841
19842
19843
19844
19845
19846
19847
19858
19859
19860
19861
19862
19863
19864
19865
19866
19867
19878
19879
19880
19881
19882
19883
19884
19885
19886
19887
19898
19899
19900
19901
19902
19903
19904
19905
19906
19907
19918
19919
19920
19921
19922
19923
19924
19925
19926
19927
19938
19939
19940
19941
19942
19943
19944
19945
19946
19947
19978
19979
19980
19981
19982
19983
19984
19985
19986
19987
19998
19999
20000
20001
20002
20003
20004
20005
20006
20007
20018
20019
20020
20021
20022
20023
20024
20025
20026
20027
20038
20039
20040
20041
20042
20043
20044
20045
20046
20047
20058
20059
20060
20061
20062
20063
20064
20065
20066
20067
20078
20079
20080
20081
20082
20083
20084
20085
20086
20087
20098
20099
20100
20101
20102
20103
20104
20105
20106
20107
20118
20119
20120
20121
20122
20123
20124
20125
20126
20127
20138
20139
20140
20141
20142
20143
20144
20145
20146
20147
20158
20159
20160
20161
20162
20163
20164
20165
20166
20167
20178
20179
20180
20181
20182
20183
20184
20185
20186
20187
20218
20219
20220
20221
20222
20223
20224
20225
20226
20227
20238
20239
20240
20241
20242
20243
20244
20245
20246
20247
20258
20259
20260
20261
20262
20263
20264
20265
20266
20267
20278
20279
20280
20281
20282
20283
20284
20285
20286
20287
20298
20299
20300
20301
20302
20303
20304
20305
20306
20307
20318
20319
20320
20321
20322
20323
20324
20325
20326
20327
20338
20339
20340
20341
20342
20343
20344
20345
20346
20347
20358
20359
20360
20361
20362
20363
20364
20365
20366
20367
20378
20379
20380
20381
20382
20383
20384
20385
20386
20387
20398
20399
20400
20401
20402
20403
20404
20405
20406
20407
20418
20419
20420
20421
20422
20423
20424
20425
20426
20427
20458
20459
20460
20461
20462
20463
20464
20465
20466
20467
20478
20479
20480
20481
20482
20483
20484
20485
20486
20487
20498
20499
20500
20501
20502
20503
20504
20505
20506
20507
20518
20519
20520
20521
20522
20523
20524
20525
20526
20527
20538
20539
20540
20541
20542
20543
20544
20545
20546
20547
20558
20559
20560
20561
20562
20563
20564
20565
20566
20567
20578
20579
20580
20581
20582
20583
20584
20585
20586
20587
20598
20599
20600
20601
20602
20603
20604
20605
20606
20607
20618
20619
20620
20621
20622
20623
20624
20625
20626
20627
20638
20639
20640
20641
20642
20643
20644
20645
20646
20647
20658
20659
20660
20661
20662
20663
20664
20665
20666
20667
20698
20699
20700
20701
20702
20703
20704
20705
20706
20707
20718
20719
20720
20721
20722
20723
20724
20725
20726
20727
20738
20739
20740
20741
20742
20743
20744
20745
20746
20747
20758
20759
20760
20761
20762
20763
20764
20765
20766
20767
20778
20779
20780
20781
20782
20783
20784
20785
20786
20787
20798
20799
20800
20801
20802
20803
20804
20805
20806
20807
20818
20819
20820
20821
20822
20823
20824
20825
20826
20827
20838
20839
20840
20841
20842
20843
20844
20845
20846
20847
20858
20859
20860
20861
20862
20863
20864
20865
20866
20867
20878
20879
20880
20881
20882
20883
20884
20885
20886
20887
20898
20899
20900
20901
20902
20903
20904
20905
20906
20907
20938
20939
20940
20941
20942
20943
20944
20945
20946
20947
20958
20959
20960
20961
20962
20963
20964
20965
20966
20967
20978
20979
20980
20981
20982
20983
20984
20985
20986
20987
20998
20999
21000
21001
21002
21003
21004
21005
21006
21007
21018
21019
21020
21021
21022
21023
21024
21025
21026
21027
21038
21039
21040
21041
21042
21043
21044
21045
21046
21047
21058
21059
21060
21061
21062
21063
21064
21065
21066
21067
21078
21079
21080
21081
21082
21083
21084
21085
21086
21087
21098
21099
21100
21101
21102
21103
21104
21105
21106
21107
21118
21119
21120
21121
21122
21123
21124
21125
21126
21127
21138
21139
21140
21141
21142
21143
21144
21145
21146
21147
39084
39096
39108
39120
39132
39144
39156
39168
39180
39192
39216
39228
39240
39252
39264
39276
39288
39300
39312
39324
39336
39360
39372
39384
39396
39408
39420
39432
39444
39456
39468
39480
39504
39516
39528
39540
39552
39564
39576
39588
39600
39612
39624
39648
39660
39672
39684
39696
39708
39720
39732
39744
39756
39768
39792
39804
39816
39828
39840
39852
39864
39876
39888
39900
39912
39936
39948
39960
39972
39984
39996
40008
40020
40032
40044
40056
40080
40092
40104
40116
40128
40140
40152
40164
40176
40188
40200
40224
40236
40248
40260
40272
40284
40296
40308
40320
40332
40344
40368
40380
40392
40404
40416
40428
40440
40452
40464
40476
40488
40512
40524
40536
40548
40560
40572
40584
40596
40608
40620
40632
)


// ************************************************************************* //
