/*--------------------------------*- C++ -*----------------------------------*\
  =========                 |
  \\      /  F ield         | OpenFOAM: The Open Source CFD Toolbox
   \\    /   O peration     | Website:  https://openfoam.org
    \\  /    A nd           | Version:  7
     \\/     M anipulation  |
\*---------------------------------------------------------------------------*/
FoamFile
{
    version     2.0;
    format      ascii;
    class       labelList;
    location    "constant/polyMesh";
    object      pointProcAddressing;
}
// * * * * * * * * * * * * * * * * * * * * * * * * * * * * * * * * * * * * * //


1667
(
21229
21248
21249
21267
21268
21269
21286
21287
21288
21289
21304
21305
21306
21307
21308
21309
21323
21324
21325
21326
21327
21328
21329
21342
21343
21344
21345
21346
21347
21348
21349
21361
21362
21363
21364
21365
21366
21367
21368
21369
21380
21381
21382
21383
21384
21385
21386
21387
21388
21389
21399
21400
21401
21402
21403
21404
21405
21406
21407
21408
21409
21419
21420
21421
21422
21423
21424
21425
21426
21427
21428
21429
21459
21460
21461
21462
21463
21464
21465
21466
21467
21468
21469
21479
21480
21481
21482
21483
21484
21485
21486
21487
21488
21489
21499
21500
21501
21502
21503
21504
21505
21506
21507
21508
21509
21519
21520
21521
21522
21523
21524
21525
21526
21527
21528
21529
21539
21540
21541
21542
21543
21544
21545
21546
21547
21548
21549
21559
21560
21561
21562
21563
21564
21565
21566
21567
21568
21569
21579
21580
21581
21582
21583
21584
21585
21586
21587
21588
21589
21599
21600
21601
21602
21603
21604
21605
21606
21607
21608
21609
21619
21620
21621
21622
21623
21624
21625
21626
21627
21628
21629
21639
21640
21641
21642
21643
21644
21645
21646
21647
21648
21649
21659
21660
21661
21662
21663
21664
21665
21666
21667
21668
21669
21679
21680
21681
21682
21683
21684
21685
21686
21687
21688
21689
21719
21720
21721
21722
21723
21724
21725
21726
21727
21728
21729
21739
21740
21741
21742
21743
21744
21745
21746
21747
21748
21749
21759
21760
21761
21762
21763
21764
21765
21766
21767
21768
21769
21779
21780
21781
21782
21783
21784
21785
21786
21787
21788
21789
21799
21800
21801
21802
21803
21804
21805
21806
21807
21808
21809
21819
21820
21821
21822
21823
21824
21825
21826
21827
21828
21829
21839
21840
21841
21842
21843
21844
21845
21846
21847
21848
21849
21859
21860
21861
21862
21863
21864
21865
21866
21867
21868
21869
21879
21880
21881
21882
21883
21884
21885
21886
21887
21888
21889
21899
21900
21901
21902
21903
21904
21905
21906
21907
21908
21909
21919
21920
21921
21922
21923
21924
21925
21926
21927
21928
21929
21939
21940
21941
21942
21943
21944
21945
21946
21947
21948
21949
21979
21980
21981
21982
21983
21984
21985
21986
21987
21988
21989
21999
22000
22001
22002
22003
22004
22005
22006
22007
22008
22009
22019
22020
22021
22022
22023
22024
22025
22026
22027
22028
22029
22039
22040
22041
22042
22043
22044
22045
22046
22047
22048
22049
22059
22060
22061
22062
22063
22064
22065
22066
22067
22068
22069
22079
22080
22081
22082
22083
22084
22085
22086
22087
22088
22089
22099
22100
22101
22102
22103
22104
22105
22106
22107
22108
22109
22119
22120
22121
22122
22123
22124
22125
22126
22127
22128
22129
22139
22140
22141
22142
22143
22144
22145
22146
22147
22148
22149
22159
22160
22161
22162
22163
22164
22165
22166
22167
22168
22169
22179
22180
22181
22182
22183
22184
22185
22186
22187
22188
22189
22199
22200
22201
22202
22203
22204
22205
22206
22207
22208
22209
22239
22240
22241
22242
22243
22244
22245
22246
22247
22248
22249
22259
22260
22261
22262
22263
22264
22265
22266
22267
22268
22269
22279
22280
22281
22282
22283
22284
22285
22286
22287
22288
22289
22299
22300
22301
22302
22303
22304
22305
22306
22307
22308
22309
22319
22320
22321
22322
22323
22324
22325
22326
22327
22328
22329
22339
22340
22341
22342
22343
22344
22345
22346
22347
22348
22349
22359
22360
22361
22362
22363
22364
22365
22366
22367
22368
22369
22379
22380
22381
22382
22383
22384
22385
22386
22387
22388
22389
22399
22400
22401
22402
22403
22404
22405
22406
22407
22408
22409
22419
22420
22421
22422
22423
22424
22425
22426
22427
22428
22429
22439
22440
22441
22442
22443
22444
22445
22446
22447
22448
22449
22459
22460
22461
22462
22463
22464
22465
22466
22467
22468
22469
22499
22500
22501
22502
22503
22504
22505
22506
22507
22508
22509
22519
22520
22521
22522
22523
22524
22525
22526
22527
22528
22529
22539
22540
22541
22542
22543
22544
22545
22546
22547
22548
22549
22559
22560
22561
22562
22563
22564
22565
22566
22567
22568
22569
22579
22580
22581
22582
22583
22584
22585
22586
22587
22588
22589
22599
22600
22601
22602
22603
22604
22605
22606
22607
22608
22609
22619
22620
22621
22622
22623
22624
22625
22626
22627
22628
22629
22639
22640
22641
22642
22643
22644
22645
22646
22647
22648
22649
22659
22660
22661
22662
22663
22664
22665
22666
22667
22668
22669
22679
22680
22681
22682
22683
22684
22685
22686
22687
22688
22689
22699
22700
22701
22702
22703
22704
22705
22706
22707
22708
22709
22719
22720
22721
22722
22723
22724
22725
22726
22727
22728
22729
22759
22760
22761
22762
22763
22764
22765
22766
22767
22768
22769
22779
22780
22781
22782
22783
22784
22785
22786
22787
22788
22789
22799
22800
22801
22802
22803
22804
22805
22806
22807
22808
22809
22819
22820
22821
22822
22823
22824
22825
22826
22827
22828
22829
22839
22840
22841
22842
22843
22844
22845
22846
22847
22848
22849
22859
22860
22861
22862
22863
22864
22865
22866
22867
22868
22869
22879
22880
22881
22882
22883
22884
22885
22886
22887
22888
22889
22899
22900
22901
22902
22903
22904
22905
22906
22907
22908
22909
22919
22920
22921
22922
22923
22924
22925
22926
22927
22928
22929
22939
22940
22941
22942
22943
22944
22945
22946
22947
22948
22949
22959
22960
22961
22962
22963
22964
22965
22966
22967
22968
22969
22979
22980
22981
22982
22983
22984
22985
22986
22987
22988
22989
23019
23020
23021
23022
23023
23024
23025
23026
23027
23028
23029
23039
23040
23041
23042
23043
23044
23045
23046
23047
23048
23049
23059
23060
23061
23062
23063
23064
23065
23066
23067
23068
23069
23079
23080
23081
23082
23083
23084
23085
23086
23087
23088
23089
23099
23100
23101
23102
23103
23104
23105
23106
23107
23108
23109
23119
23120
23121
23122
23123
23124
23125
23126
23127
23128
23129
23139
23140
23141
23142
23143
23144
23145
23146
23147
23148
23149
23159
23160
23161
23162
23163
23164
23165
23166
23167
23168
23169
23179
23180
23181
23182
23183
23184
23185
23186
23187
23188
23189
23199
23200
23201
23202
23203
23204
23205
23206
23207
23208
23209
23219
23220
23221
23222
23223
23224
23225
23226
23227
23228
23229
23239
23240
23241
23242
23243
23244
23245
23246
23247
23248
23249
23279
23280
23281
23282
23283
23284
23285
23286
23287
23288
23289
23299
23300
23301
23302
23303
23304
23305
23306
23307
23308
23309
23319
23320
23321
23322
23323
23324
23325
23326
23327
23328
23329
23339
23340
23341
23342
23343
23344
23345
23346
23347
23348
23349
23359
23360
23361
23362
23363
23364
23365
23366
23367
23368
23369
23379
23380
23381
23382
23383
23384
23385
23386
23387
23388
23389
23399
23400
23401
23402
23403
23404
23405
23406
23407
23408
23409
23419
23420
23421
23422
23423
23424
23425
23426
23427
23428
23429
23439
23440
23441
23442
23443
23444
23445
23446
23447
23448
23449
23459
23460
23461
23462
23463
23464
23465
23466
23467
23468
23469
23479
23480
23481
23482
23483
23484
23485
23486
23487
23488
23489
23499
23500
23501
23502
23503
23504
23505
23506
23507
23508
23509
23539
23540
23541
23542
23543
23544
23545
23546
23547
23548
23549
23559
23560
23561
23562
23563
23564
23565
23566
23567
23568
23569
23579
23580
23581
23582
23583
23584
23585
23586
23587
23588
23589
23599
23600
23601
23602
23603
23604
23605
23606
23607
23608
23609
23619
23620
23621
23622
23623
23624
23625
23626
23627
23628
23629
23639
23640
23641
23642
23643
23644
23645
23646
23647
23648
23649
23659
23660
23661
23662
23663
23664
23665
23666
23667
23668
23669
23679
23680
23681
23682
23683
23684
23685
23686
23687
23688
23689
23699
23700
23701
23702
23703
23704
23705
23706
23707
23708
23709
23719
23720
23721
23722
23723
23724
23725
23726
23727
23728
23729
23739
23740
23741
23742
23743
23744
23745
23746
23747
23748
23749
23759
23760
23761
23762
23763
23764
23765
23766
23767
23768
23769
23799
23800
23801
23802
23803
23804
23805
23806
23807
23808
23809
23819
23820
23821
23822
23823
23824
23825
23826
23827
23828
23829
23839
23840
23841
23842
23843
23844
23845
23846
23847
23848
23849
23859
23860
23861
23862
23863
23864
23865
23866
23867
23868
23869
23879
23880
23881
23882
23883
23884
23885
23886
23887
23888
23889
23899
23900
23901
23902
23903
23904
23905
23906
23907
23908
23909
23919
23920
23921
23922
23923
23924
23925
23926
23927
23928
23929
23939
23940
23941
23942
23943
23944
23945
23946
23947
23948
23949
23959
23960
23961
23962
23963
23964
23965
23966
23967
23968
23969
23979
23980
23981
23982
23983
23984
23985
23986
23987
23988
23989
23999
24000
24001
24002
24003
24004
24005
24006
24007
24008
24009
24019
24020
24021
24022
24023
24024
24025
24026
24027
24028
24029
24059
24060
24061
24062
24063
24064
24065
24066
24067
24068
24069
24079
24080
24081
24082
24083
24084
24085
24086
24087
24088
24089
24099
24100
24101
24102
24103
24104
24105
24106
24107
24108
24109
24119
24120
24121
24122
24123
24124
24125
24126
24127
24128
24129
24139
24140
24141
24142
24143
24144
24145
24146
24147
24148
24149
24159
24160
24161
24162
24163
24164
24165
24166
24167
24168
24169
24179
24180
24181
24182
24183
24184
24185
24186
24187
24188
24189
24199
24200
24201
24202
24203
24204
24205
24206
24207
24208
24209
24219
24220
24221
24222
24223
24224
24225
24226
24227
24228
24229
24239
24240
24241
24242
24243
24244
24245
24246
24247
24248
24249
24259
24260
24261
24262
24263
24264
24265
24266
24267
24268
24269
24279
24280
24281
24282
24283
24284
24285
24286
24287
24288
24289
42834
42846
42858
42870
42882
42894
42906
42918
42930
42942
42954
42966
42978
42990
43002
43014
43026
43038
43050
43062
43074
43086
43098
43110
43122
43134
43146
43158
43170
43182
43194
43206
43218
43230
43242
43254
43266
43278
43290
43302
43314
43326
43338
43350
43362
43374
43386
43398
43410
43422
43434
43446
43458
43470
43482
43494
43506
43518
43530
43542
43554
43566
43578
43590
43602
43614
43626
43638
43650
43662
43674
43686
43698
43710
43722
43734
43746
43758
43770
43782
43794
43806
43818
43830
43842
43854
43866
43878
43890
43902
43914
43926
43938
43950
43962
43974
43986
43998
44010
44022
44034
44046
44058
44070
44082
44094
44106
44118
44130
44142
44154
44166
44178
44190
44202
44214
44226
44238
44250
44262
44274
44286
44298
44310
44322
44334
44346
44358
44370
44382
44394
44406
44418
44430
44442
44454
44466
44478
44490
44502
44514
44526
44538
)


// ************************************************************************* //
