/*--------------------------------*- C++ -*----------------------------------*\
  =========                 |
  \\      /  F ield         | OpenFOAM: The Open Source CFD Toolbox
   \\    /   O peration     | Website:  https://openfoam.org
    \\  /    A nd           | Version:  7
     \\/     M anipulation  |
\*---------------------------------------------------------------------------*/
FoamFile
{
    version     2.0;
    format      ascii;
    class       labelList;
    location    "constant/polyMesh";
    object      cellProcAddressing;
}
// * * * * * * * * * * * * * * * * * * * * * * * * * * * * * * * * * * * * * //


1271
(
9635
9659
9671
9683
9695
9707
9719
9731
9743
9755
9767
9779
9803
9815
9827
9839
9851
9863
9875
9887
9899
9911
9923
9947
9959
9971
9983
9995
10007
10019
10031
10043
10055
10067
10091
10103
10115
10127
10139
10151
10163
10175
10187
10199
10211
10235
10247
10259
10271
10283
10295
10307
10319
10331
10343
10355
10379
10391
10403
10415
10427
10439
10451
10463
10475
10487
10499
10523
10535
10547
10559
10571
10583
10595
10607
10619
10631
10643
10667
10679
10691
10703
10715
10727
10739
10751
10763
10775
10787
10811
10823
10835
10847
10859
10871
10883
10895
10907
10919
10931
10955
10967
10979
10991
11003
11015
11027
11039
11051
11063
11075
18557
18576
18577
18595
18596
18597
18614
18615
18616
18617
18632
18633
18634
18635
18636
18637
18651
18652
18653
18654
18655
18656
18657
18670
18671
18672
18673
18674
18675
18676
18677
18689
18690
18691
18692
18693
18694
18695
18696
18697
18708
18709
18710
18711
18712
18713
18714
18715
18716
18717
18728
18729
18730
18731
18732
18733
18734
18735
18736
18737
18768
18769
18770
18771
18772
18773
18774
18775
18776
18777
18788
18789
18790
18791
18792
18793
18794
18795
18796
18797
18808
18809
18810
18811
18812
18813
18814
18815
18816
18817
18828
18829
18830
18831
18832
18833
18834
18835
18836
18837
18848
18849
18850
18851
18852
18853
18854
18855
18856
18857
18868
18869
18870
18871
18872
18873
18874
18875
18876
18877
18888
18889
18890
18891
18892
18893
18894
18895
18896
18897
18908
18909
18910
18911
18912
18913
18914
18915
18916
18917
18928
18929
18930
18931
18932
18933
18934
18935
18936
18937
18948
18949
18950
18951
18952
18953
18954
18955
18956
18957
18968
18969
18970
18971
18972
18973
18974
18975
18976
18977
19008
19009
19010
19011
19012
19013
19014
19015
19016
19017
19028
19029
19030
19031
19032
19033
19034
19035
19036
19037
19048
19049
19050
19051
19052
19053
19054
19055
19056
19057
19068
19069
19070
19071
19072
19073
19074
19075
19076
19077
19088
19089
19090
19091
19092
19093
19094
19095
19096
19097
19108
19109
19110
19111
19112
19113
19114
19115
19116
19117
19128
19129
19130
19131
19132
19133
19134
19135
19136
19137
19148
19149
19150
19151
19152
19153
19154
19155
19156
19157
19168
19169
19170
19171
19172
19173
19174
19175
19176
19177
19188
19189
19190
19191
19192
19193
19194
19195
19196
19197
19208
19209
19210
19211
19212
19213
19214
19215
19216
19217
19248
19249
19250
19251
19252
19253
19254
19255
19256
19257
19268
19269
19270
19271
19272
19273
19274
19275
19276
19277
19288
19289
19290
19291
19292
19293
19294
19295
19296
19297
19308
19309
19310
19311
19312
19313
19314
19315
19316
19317
19328
19329
19330
19331
19332
19333
19334
19335
19336
19337
19348
19349
19350
19351
19352
19353
19354
19355
19356
19357
19368
19369
19370
19371
19372
19373
19374
19375
19376
19377
19388
19389
19390
19391
19392
19393
19394
19395
19396
19397
19408
19409
19410
19411
19412
19413
19414
19415
19416
19417
19428
19429
19430
19431
19432
19433
19434
19435
19436
19437
19448
19449
19450
19451
19452
19453
19454
19455
19456
19457
19488
19489
19490
19491
19492
19493
19494
19495
19496
19497
19508
19509
19510
19511
19512
19513
19514
19515
19516
19517
19528
19529
19530
19531
19532
19533
19534
19535
19536
19537
19548
19549
19550
19551
19552
19553
19554
19555
19556
19557
19568
19569
19570
19571
19572
19573
19574
19575
19576
19577
19588
19589
19590
19591
19592
19593
19594
19595
19596
19597
19608
19609
19610
19611
19612
19613
19614
19615
19616
19617
19628
19629
19630
19631
19632
19633
19634
19635
19636
19637
19648
19649
19650
19651
19652
19653
19654
19655
19656
19657
19668
19669
19670
19671
19672
19673
19674
19675
19676
19677
19688
19689
19690
19691
19692
19693
19694
19695
19696
19697
19728
19729
19730
19731
19732
19733
19734
19735
19736
19737
19748
19749
19750
19751
19752
19753
19754
19755
19756
19757
19768
19769
19770
19771
19772
19773
19774
19775
19776
19777
19788
19789
19790
19791
19792
19793
19794
19795
19796
19797
19808
19809
19810
19811
19812
19813
19814
19815
19816
19817
19828
19829
19830
19831
19832
19833
19834
19835
19836
19837
19848
19849
19850
19851
19852
19853
19854
19855
19856
19857
19868
19869
19870
19871
19872
19873
19874
19875
19876
19877
19888
19889
19890
19891
19892
19893
19894
19895
19896
19897
19908
19909
19910
19911
19912
19913
19914
19915
19916
19917
19928
19929
19930
19931
19932
19933
19934
19935
19936
19937
19968
19969
19970
19971
19972
19973
19974
19975
19976
19977
19988
19989
19990
19991
19992
19993
19994
19995
19996
19997
20008
20009
20010
20011
20012
20013
20014
20015
20016
20017
20028
20029
20030
20031
20032
20033
20034
20035
20036
20037
20048
20049
20050
20051
20052
20053
20054
20055
20056
20057
20068
20069
20070
20071
20072
20073
20074
20075
20076
20077
20088
20089
20090
20091
20092
20093
20094
20095
20096
20097
20108
20109
20110
20111
20112
20113
20114
20115
20116
20117
20128
20129
20130
20131
20132
20133
20134
20135
20136
20137
20148
20149
20150
20151
20152
20153
20154
20155
20156
20157
20168
20169
20170
20171
20172
20173
20174
20175
20176
20177
20208
20209
20210
20211
20212
20213
20214
20215
20216
20217
20228
20229
20230
20231
20232
20233
20234
20235
20236
20237
20248
20249
20250
20251
20252
20253
20254
20255
20256
20257
20268
20269
20270
20271
20272
20273
20274
20275
20276
20277
20288
20289
20290
20291
20292
20293
20294
20295
20296
20297
20308
20309
20310
20311
20312
20313
20314
20315
20316
20317
20328
20329
20330
20331
20332
20333
20334
20335
20336
20337
20348
20349
20350
20351
20352
20353
20354
20355
20356
20357
20368
20369
20370
20371
20372
20373
20374
20375
20376
20377
20388
20389
20390
20391
20392
20393
20394
20395
20396
20397
20408
20409
20410
20411
20412
20413
20414
20415
20416
20417
20448
20449
20450
20451
20452
20453
20454
20455
20456
20457
20468
20469
20470
20471
20472
20473
20474
20475
20476
20477
20488
20489
20490
20491
20492
20493
20494
20495
20496
20497
20508
20509
20510
20511
20512
20513
20514
20515
20516
20517
20528
20529
20530
20531
20532
20533
20534
20535
20536
20537
20548
20549
20550
20551
20552
20553
20554
20555
20556
20557
20568
20569
20570
20571
20572
20573
20574
20575
20576
20577
20588
20589
20590
20591
20592
20593
20594
20595
20596
20597
20608
20609
20610
20611
20612
20613
20614
20615
20616
20617
20628
20629
20630
20631
20632
20633
20634
20635
20636
20637
20648
20649
20650
20651
20652
20653
20654
20655
20656
20657
20688
20689
20690
20691
20692
20693
20694
20695
20696
20697
20708
20709
20710
20711
20712
20713
20714
20715
20716
20717
20728
20729
20730
20731
20732
20733
20734
20735
20736
20737
20748
20749
20750
20751
20752
20753
20754
20755
20756
20757
20768
20769
20770
20771
20772
20773
20774
20775
20776
20777
20788
20789
20790
20791
20792
20793
20794
20795
20796
20797
20808
20809
20810
20811
20812
20813
20814
20815
20816
20817
20828
20829
20830
20831
20832
20833
20834
20835
20836
20837
20848
20849
20850
20851
20852
20853
20854
20855
20856
20857
20868
20869
20870
20871
20872
20873
20874
20875
20876
20877
20888
20889
20890
20891
20892
20893
20894
20895
20896
20897
20928
20929
20930
20931
20932
20933
20934
20935
20936
20937
20948
20949
20950
20951
20952
20953
20954
20955
20956
20957
20968
20969
20970
20971
20972
20973
20974
20975
20976
20977
20988
20989
20990
20991
20992
20993
20994
20995
20996
20997
21008
21009
21010
21011
21012
21013
21014
21015
21016
21017
21028
21029
21030
21031
21032
21033
21034
21035
21036
21037
21048
21049
21050
21051
21052
21053
21054
21055
21056
21057
21068
21069
21070
21071
21072
21073
21074
21075
21076
21077
21088
21089
21090
21091
21092
21093
21094
21095
21096
21097
21108
21109
21110
21111
21112
21113
21114
21115
21116
21117
21128
21129
21130
21131
21132
21133
21134
21135
21136
21137
)


// ************************************************************************* //
