/*--------------------------------*- C++ -*----------------------------------*\
  =========                 |
  \\      /  F ield         | OpenFOAM: The Open Source CFD Toolbox
   \\    /   O peration     | Website:  https://openfoam.org
    \\  /    A nd           | Version:  7
     \\/     M anipulation  |
\*---------------------------------------------------------------------------*/
FoamFile
{
    version     2.0;
    format      ascii;
    class       labelList;
    location    "constant/polyMesh";
    object      faceProcAddressing;
}
// * * * * * * * * * * * * * * * * * * * * * * * * * * * * * * * * * * * * * //


4175
(
28403
28404
28462
28463
28464
28498
28499
28500
28534
28535
28536
28570
28571
28572
28606
28607
28608
28642
28643
28644
28678
28679
28680
28714
28715
28716
28750
28751
28752
28786
28787
28788
28823
28824
28882
28883
28884
28918
28919
28920
28954
28955
28956
28990
28991
28992
29026
29027
29028
29062
29063
29064
29098
29099
29100
29134
29135
29136
29170
29171
29172
29206
29207
29208
29243
29244
29302
29303
29304
29338
29339
29340
29374
29375
29376
29410
29411
29412
29446
29447
29448
29482
29483
29484
29518
29519
29520
29554
29555
29556
29590
29591
29592
29626
29627
29628
29663
29664
29722
29723
29724
29758
29759
29760
29794
29795
29796
29830
29831
29832
29866
29867
29868
29902
29903
29904
29938
29939
29940
29974
29975
29976
30010
30011
30012
30046
30047
30048
30083
30084
30142
30143
30144
30178
30179
30180
30214
30215
30216
30250
30251
30252
30286
30287
30288
30322
30323
30324
30358
30359
30360
30394
30395
30396
30430
30431
30432
30466
30467
30468
30503
30504
30562
30563
30564
30598
30599
30600
30634
30635
30636
30670
30671
30672
30706
30707
30708
30742
30743
30744
30778
30779
30780
30814
30815
30816
30850
30851
30852
30886
30887
30888
30923
30924
30982
30983
30984
31018
31019
31020
31054
31055
31056
31090
31091
31092
31126
31127
31128
31162
31163
31164
31198
31199
31200
31234
31235
31236
31270
31271
31272
31306
31307
31308
31343
31344
31402
31403
31404
31438
31439
31440
31474
31475
31476
31510
31511
31512
31546
31547
31548
31582
31583
31584
31618
31619
31620
31654
31655
31656
31690
31691
31692
31726
31727
31728
31763
31764
31822
31823
31824
31858
31859
31860
31894
31895
31896
31930
31931
31932
31966
31967
31968
32002
32003
32004
32038
32039
32040
32074
32075
32076
32110
32111
32112
32146
32147
32148
32183
32184
32231
32232
32255
32256
32279
32280
32303
32304
32327
32328
32351
32352
32375
32376
32399
32400
32423
32424
32447
32448
32472
54653
54654
54709
54710
54711
54713
54714
54766
54767
54768
54769
54770
54771
54773
54774
54823
54824
54825
54826
54827
54828
54829
54830
54831
54833
54834
54877
54878
54879
54880
54881
54882
54883
54884
54885
54886
54887
54888
54889
54890
54891
54893
54894
54934
54935
54936
54937
54938
54939
54940
54941
54942
54943
54944
54945
54946
54947
54948
54949
54950
54951
54953
54954
54991
54992
54993
54994
54995
54996
54997
54998
54999
55000
55001
55002
55003
55004
55005
55006
55007
55008
55009
55010
55011
55013
55014
55048
55049
55050
55051
55052
55053
55054
55055
55056
55057
55058
55059
55060
55061
55062
55063
55064
55065
55066
55067
55068
55069
55070
55071
55073
55074
55105
55106
55107
55108
55109
55110
55111
55112
55113
55114
55115
55116
55117
55118
55119
55120
55121
55122
55123
55124
55125
55126
55127
55128
55129
55130
55131
55133
55134
55165
55167
55168
55170
55171
55173
55174
55176
55177
55179
55180
55182
55183
55185
55186
55188
55189
55191
55194
55285
55286
55287
55288
55289
55290
55291
55292
55293
55294
55295
55296
55297
55298
55299
55300
55301
55302
55303
55304
55305
55306
55307
55308
55309
55310
55311
55313
55314
55345
55346
55347
55348
55349
55350
55351
55352
55353
55354
55355
55356
55357
55358
55359
55360
55361
55362
55363
55364
55365
55366
55367
55368
55369
55370
55371
55373
55374
55405
55406
55407
55408
55409
55410
55411
55412
55413
55414
55415
55416
55417
55418
55419
55420
55421
55422
55423
55424
55425
55426
55427
55428
55429
55430
55431
55433
55434
55465
55466
55467
55468
55469
55470
55471
55472
55473
55474
55475
55476
55477
55478
55479
55480
55481
55482
55483
55484
55485
55486
55487
55488
55489
55490
55491
55493
55494
55525
55526
55527
55528
55529
55530
55531
55532
55533
55534
55535
55536
55537
55538
55539
55540
55541
55542
55543
55544
55545
55546
55547
55548
55549
55550
55551
55553
55554
55585
55586
55587
55588
55589
55590
55591
55592
55593
55594
55595
55596
55597
55598
55599
55600
55601
55602
55603
55604
55605
55606
55607
55608
55609
55610
55611
55613
55614
55645
55646
55647
55648
55649
55650
55651
55652
55653
55654
55655
55656
55657
55658
55659
55660
55661
55662
55663
55664
55665
55666
55667
55668
55669
55670
55671
55673
55674
55705
55706
55707
55708
55709
55710
55711
55712
55713
55714
55715
55716
55717
55718
55719
55720
55721
55722
55723
55724
55725
55726
55727
55728
55729
55730
55731
55733
55734
55765
55766
55767
55768
55769
55770
55771
55772
55773
55774
55775
55776
55777
55778
55779
55780
55781
55782
55783
55784
55785
55786
55787
55788
55789
55790
55791
55793
55794
55825
55826
55827
55828
55829
55830
55831
55832
55833
55834
55835
55836
55837
55838
55839
55840
55841
55842
55843
55844
55845
55846
55847
55848
55849
55850
55851
55853
55854
55885
55887
55888
55890
55891
55893
55894
55896
55897
55899
55900
55902
55903
55905
55906
55908
55909
55911
55914
56005
56006
56007
56008
56009
56010
56011
56012
56013
56014
56015
56016
56017
56018
56019
56020
56021
56022
56023
56024
56025
56026
56027
56028
56029
56030
56031
56033
56034
56065
56066
56067
56068
56069
56070
56071
56072
56073
56074
56075
56076
56077
56078
56079
56080
56081
56082
56083
56084
56085
56086
56087
56088
56089
56090
56091
56093
56094
56125
56126
56127
56128
56129
56130
56131
56132
56133
56134
56135
56136
56137
56138
56139
56140
56141
56142
56143
56144
56145
56146
56147
56148
56149
56150
56151
56153
56154
56185
56186
56187
56188
56189
56190
56191
56192
56193
56194
56195
56196
56197
56198
56199
56200
56201
56202
56203
56204
56205
56206
56207
56208
56209
56210
56211
56213
56214
56245
56246
56247
56248
56249
56250
56251
56252
56253
56254
56255
56256
56257
56258
56259
56260
56261
56262
56263
56264
56265
56266
56267
56268
56269
56270
56271
56273
56274
56305
56306
56307
56308
56309
56310
56311
56312
56313
56314
56315
56316
56317
56318
56319
56320
56321
56322
56323
56324
56325
56326
56327
56328
56329
56330
56331
56333
56334
56365
56366
56367
56368
56369
56370
56371
56372
56373
56374
56375
56376
56377
56378
56379
56380
56381
56382
56383
56384
56385
56386
56387
56388
56389
56390
56391
56393
56394
56425
56426
56427
56428
56429
56430
56431
56432
56433
56434
56435
56436
56437
56438
56439
56440
56441
56442
56443
56444
56445
56446
56447
56448
56449
56450
56451
56453
56454
56485
56486
56487
56488
56489
56490
56491
56492
56493
56494
56495
56496
56497
56498
56499
56500
56501
56502
56503
56504
56505
56506
56507
56508
56509
56510
56511
56513
56514
56545
56546
56547
56548
56549
56550
56551
56552
56553
56554
56555
56556
56557
56558
56559
56560
56561
56562
56563
56564
56565
56566
56567
56568
56569
56570
56571
56573
56574
56605
56607
56608
56610
56611
56613
56614
56616
56617
56619
56620
56622
56623
56625
56626
56628
56629
56631
56634
56725
56726
56727
56728
56729
56730
56731
56732
56733
56734
56735
56736
56737
56738
56739
56740
56741
56742
56743
56744
56745
56746
56747
56748
56749
56750
56751
56753
56754
56785
56786
56787
56788
56789
56790
56791
56792
56793
56794
56795
56796
56797
56798
56799
56800
56801
56802
56803
56804
56805
56806
56807
56808
56809
56810
56811
56813
56814
56845
56846
56847
56848
56849
56850
56851
56852
56853
56854
56855
56856
56857
56858
56859
56860
56861
56862
56863
56864
56865
56866
56867
56868
56869
56870
56871
56873
56874
56905
56906
56907
56908
56909
56910
56911
56912
56913
56914
56915
56916
56917
56918
56919
56920
56921
56922
56923
56924
56925
56926
56927
56928
56929
56930
56931
56933
56934
56965
56966
56967
56968
56969
56970
56971
56972
56973
56974
56975
56976
56977
56978
56979
56980
56981
56982
56983
56984
56985
56986
56987
56988
56989
56990
56991
56993
56994
57025
57026
57027
57028
57029
57030
57031
57032
57033
57034
57035
57036
57037
57038
57039
57040
57041
57042
57043
57044
57045
57046
57047
57048
57049
57050
57051
57053
57054
57085
57086
57087
57088
57089
57090
57091
57092
57093
57094
57095
57096
57097
57098
57099
57100
57101
57102
57103
57104
57105
57106
57107
57108
57109
57110
57111
57113
57114
57145
57146
57147
57148
57149
57150
57151
57152
57153
57154
57155
57156
57157
57158
57159
57160
57161
57162
57163
57164
57165
57166
57167
57168
57169
57170
57171
57173
57174
57205
57206
57207
57208
57209
57210
57211
57212
57213
57214
57215
57216
57217
57218
57219
57220
57221
57222
57223
57224
57225
57226
57227
57228
57229
57230
57231
57233
57234
57265
57266
57267
57268
57269
57270
57271
57272
57273
57274
57275
57276
57277
57278
57279
57280
57281
57282
57283
57284
57285
57286
57287
57288
57289
57290
57291
57293
57294
57325
57327
57328
57330
57331
57333
57334
57336
57337
57339
57340
57342
57343
57345
57346
57348
57349
57351
57354
57445
57446
57447
57448
57449
57450
57451
57452
57453
57454
57455
57456
57457
57458
57459
57460
57461
57462
57463
57464
57465
57466
57467
57468
57469
57470
57471
57473
57474
57505
57506
57507
57508
57509
57510
57511
57512
57513
57514
57515
57516
57517
57518
57519
57520
57521
57522
57523
57524
57525
57526
57527
57528
57529
57530
57531
57533
57534
57565
57566
57567
57568
57569
57570
57571
57572
57573
57574
57575
57576
57577
57578
57579
57580
57581
57582
57583
57584
57585
57586
57587
57588
57589
57590
57591
57593
57594
57625
57626
57627
57628
57629
57630
57631
57632
57633
57634
57635
57636
57637
57638
57639
57640
57641
57642
57643
57644
57645
57646
57647
57648
57649
57650
57651
57653
57654
57685
57686
57687
57688
57689
57690
57691
57692
57693
57694
57695
57696
57697
57698
57699
57700
57701
57702
57703
57704
57705
57706
57707
57708
57709
57710
57711
57713
57714
57745
57746
57747
57748
57749
57750
57751
57752
57753
57754
57755
57756
57757
57758
57759
57760
57761
57762
57763
57764
57765
57766
57767
57768
57769
57770
57771
57773
57774
57805
57806
57807
57808
57809
57810
57811
57812
57813
57814
57815
57816
57817
57818
57819
57820
57821
57822
57823
57824
57825
57826
57827
57828
57829
57830
57831
57833
57834
57865
57866
57867
57868
57869
57870
57871
57872
57873
57874
57875
57876
57877
57878
57879
57880
57881
57882
57883
57884
57885
57886
57887
57888
57889
57890
57891
57893
57894
57925
57926
57927
57928
57929
57930
57931
57932
57933
57934
57935
57936
57937
57938
57939
57940
57941
57942
57943
57944
57945
57946
57947
57948
57949
57950
57951
57953
57954
57985
57986
57987
57988
57989
57990
57991
57992
57993
57994
57995
57996
57997
57998
57999
58000
58001
58002
58003
58004
58005
58006
58007
58008
58009
58010
58011
58013
58014
58045
58047
58048
58050
58051
58053
58054
58056
58057
58059
58060
58062
58063
58065
58066
58068
58069
58071
58074
58165
58166
58167
58168
58169
58170
58171
58172
58173
58174
58175
58176
58177
58178
58179
58180
58181
58182
58183
58184
58185
58186
58187
58188
58189
58190
58191
58193
58194
58225
58226
58227
58228
58229
58230
58231
58232
58233
58234
58235
58236
58237
58238
58239
58240
58241
58242
58243
58244
58245
58246
58247
58248
58249
58250
58251
58253
58254
58285
58286
58287
58288
58289
58290
58291
58292
58293
58294
58295
58296
58297
58298
58299
58300
58301
58302
58303
58304
58305
58306
58307
58308
58309
58310
58311
58313
58314
58345
58346
58347
58348
58349
58350
58351
58352
58353
58354
58355
58356
58357
58358
58359
58360
58361
58362
58363
58364
58365
58366
58367
58368
58369
58370
58371
58373
58374
58405
58406
58407
58408
58409
58410
58411
58412
58413
58414
58415
58416
58417
58418
58419
58420
58421
58422
58423
58424
58425
58426
58427
58428
58429
58430
58431
58433
58434
58465
58466
58467
58468
58469
58470
58471
58472
58473
58474
58475
58476
58477
58478
58479
58480
58481
58482
58483
58484
58485
58486
58487
58488
58489
58490
58491
58493
58494
58525
58526
58527
58528
58529
58530
58531
58532
58533
58534
58535
58536
58537
58538
58539
58540
58541
58542
58543
58544
58545
58546
58547
58548
58549
58550
58551
58553
58554
58585
58586
58587
58588
58589
58590
58591
58592
58593
58594
58595
58596
58597
58598
58599
58600
58601
58602
58603
58604
58605
58606
58607
58608
58609
58610
58611
58613
58614
58645
58646
58647
58648
58649
58650
58651
58652
58653
58654
58655
58656
58657
58658
58659
58660
58661
58662
58663
58664
58665
58666
58667
58668
58669
58670
58671
58673
58674
58705
58706
58707
58708
58709
58710
58711
58712
58713
58714
58715
58716
58717
58718
58719
58720
58721
58722
58723
58724
58725
58726
58727
58728
58729
58730
58731
58733
58734
58765
58767
58768
58770
58771
58773
58774
58776
58777
58779
58780
58782
58783
58785
58786
58788
58789
58791
58794
58885
58886
58887
58888
58889
58890
58891
58892
58893
58894
58895
58896
58897
58898
58899
58900
58901
58902
58903
58904
58905
58906
58907
58908
58909
58910
58911
58913
58914
58945
58946
58947
58948
58949
58950
58951
58952
58953
58954
58955
58956
58957
58958
58959
58960
58961
58962
58963
58964
58965
58966
58967
58968
58969
58970
58971
58973
58974
59005
59006
59007
59008
59009
59010
59011
59012
59013
59014
59015
59016
59017
59018
59019
59020
59021
59022
59023
59024
59025
59026
59027
59028
59029
59030
59031
59033
59034
59065
59066
59067
59068
59069
59070
59071
59072
59073
59074
59075
59076
59077
59078
59079
59080
59081
59082
59083
59084
59085
59086
59087
59088
59089
59090
59091
59093
59094
59125
59126
59127
59128
59129
59130
59131
59132
59133
59134
59135
59136
59137
59138
59139
59140
59141
59142
59143
59144
59145
59146
59147
59148
59149
59150
59151
59153
59154
59185
59186
59187
59188
59189
59190
59191
59192
59193
59194
59195
59196
59197
59198
59199
59200
59201
59202
59203
59204
59205
59206
59207
59208
59209
59210
59211
59213
59214
59245
59246
59247
59248
59249
59250
59251
59252
59253
59254
59255
59256
59257
59258
59259
59260
59261
59262
59263
59264
59265
59266
59267
59268
59269
59270
59271
59273
59274
59305
59306
59307
59308
59309
59310
59311
59312
59313
59314
59315
59316
59317
59318
59319
59320
59321
59322
59323
59324
59325
59326
59327
59328
59329
59330
59331
59333
59334
59365
59366
59367
59368
59369
59370
59371
59372
59373
59374
59375
59376
59377
59378
59379
59380
59381
59382
59383
59384
59385
59386
59387
59388
59389
59390
59391
59393
59394
59425
59426
59427
59428
59429
59430
59431
59432
59433
59434
59435
59436
59437
59438
59439
59440
59441
59442
59443
59444
59445
59446
59447
59448
59449
59450
59451
59453
59454
59485
59487
59488
59490
59491
59493
59494
59496
59497
59499
59500
59502
59503
59505
59506
59508
59509
59511
59514
59605
59606
59607
59608
59609
59610
59611
59612
59613
59614
59615
59616
59617
59618
59619
59620
59621
59622
59623
59624
59625
59626
59627
59628
59629
59630
59631
59633
59634
59665
59666
59667
59668
59669
59670
59671
59672
59673
59674
59675
59676
59677
59678
59679
59680
59681
59682
59683
59684
59685
59686
59687
59688
59689
59690
59691
59693
59694
59725
59726
59727
59728
59729
59730
59731
59732
59733
59734
59735
59736
59737
59738
59739
59740
59741
59742
59743
59744
59745
59746
59747
59748
59749
59750
59751
59753
59754
59785
59786
59787
59788
59789
59790
59791
59792
59793
59794
59795
59796
59797
59798
59799
59800
59801
59802
59803
59804
59805
59806
59807
59808
59809
59810
59811
59813
59814
59845
59846
59847
59848
59849
59850
59851
59852
59853
59854
59855
59856
59857
59858
59859
59860
59861
59862
59863
59864
59865
59866
59867
59868
59869
59870
59871
59873
59874
59905
59906
59907
59908
59909
59910
59911
59912
59913
59914
59915
59916
59917
59918
59919
59920
59921
59922
59923
59924
59925
59926
59927
59928
59929
59930
59931
59933
59934
59965
59966
59967
59968
59969
59970
59971
59972
59973
59974
59975
59976
59977
59978
59979
59980
59981
59982
59983
59984
59985
59986
59987
59988
59989
59990
59991
59993
59994
60025
60026
60027
60028
60029
60030
60031
60032
60033
60034
60035
60036
60037
60038
60039
60040
60041
60042
60043
60044
60045
60046
60047
60048
60049
60050
60051
60053
60054
60085
60086
60087
60088
60089
60090
60091
60092
60093
60094
60095
60096
60097
60098
60099
60100
60101
60102
60103
60104
60105
60106
60107
60108
60109
60110
60111
60113
60114
60145
60146
60147
60148
60149
60150
60151
60152
60153
60154
60155
60156
60157
60158
60159
60160
60161
60162
60163
60164
60165
60166
60167
60168
60169
60170
60171
60173
60174
60205
60207
60208
60210
60211
60213
60214
60216
60217
60219
60220
60222
60223
60225
60226
60228
60229
60231
60234
60325
60326
60327
60328
60329
60330
60331
60332
60333
60334
60335
60336
60337
60338
60339
60340
60341
60342
60343
60344
60345
60346
60347
60348
60349
60350
60351
60353
60354
60385
60386
60387
60388
60389
60390
60391
60392
60393
60394
60395
60396
60397
60398
60399
60400
60401
60402
60403
60404
60405
60406
60407
60408
60409
60410
60411
60413
60414
60445
60446
60447
60448
60449
60450
60451
60452
60453
60454
60455
60456
60457
60458
60459
60460
60461
60462
60463
60464
60465
60466
60467
60468
60469
60470
60471
60473
60474
60505
60506
60507
60508
60509
60510
60511
60512
60513
60514
60515
60516
60517
60518
60519
60520
60521
60522
60523
60524
60525
60526
60527
60528
60529
60530
60531
60533
60534
60565
60566
60567
60568
60569
60570
60571
60572
60573
60574
60575
60576
60577
60578
60579
60580
60581
60582
60583
60584
60585
60586
60587
60588
60589
60590
60591
60593
60594
60625
60626
60627
60628
60629
60630
60631
60632
60633
60634
60635
60636
60637
60638
60639
60640
60641
60642
60643
60644
60645
60646
60647
60648
60649
60650
60651
60653
60654
60685
60686
60687
60688
60689
60690
60691
60692
60693
60694
60695
60696
60697
60698
60699
60700
60701
60702
60703
60704
60705
60706
60707
60708
60709
60710
60711
60713
60714
60745
60746
60747
60748
60749
60750
60751
60752
60753
60754
60755
60756
60757
60758
60759
60760
60761
60762
60763
60764
60765
60766
60767
60768
60769
60770
60771
60773
60774
60805
60806
60807
60808
60809
60810
60811
60812
60813
60814
60815
60816
60817
60818
60819
60820
60821
60822
60823
60824
60825
60826
60827
60828
60829
60830
60831
60833
60834
60865
60866
60867
60868
60869
60870
60871
60872
60873
60874
60875
60876
60877
60878
60879
60880
60881
60882
60883
60884
60885
60886
60887
60888
60889
60890
60891
60893
60894
60925
60927
60928
60930
60931
60933
60934
60936
60937
60939
60940
60942
60943
60945
60946
60948
60949
60951
60954
61045
61046
61047
61048
61049
61050
61051
61052
61053
61054
61055
61056
61057
61058
61059
61060
61061
61062
61063
61064
61065
61066
61067
61068
61069
61070
61071
61073
61074
61105
61106
61107
61108
61109
61110
61111
61112
61113
61114
61115
61116
61117
61118
61119
61120
61121
61122
61123
61124
61125
61126
61127
61128
61129
61130
61131
61133
61134
61165
61166
61167
61168
61169
61170
61171
61172
61173
61174
61175
61176
61177
61178
61179
61180
61181
61182
61183
61184
61185
61186
61187
61188
61189
61190
61191
61193
61194
61225
61226
61227
61228
61229
61230
61231
61232
61233
61234
61235
61236
61237
61238
61239
61240
61241
61242
61243
61244
61245
61246
61247
61248
61249
61250
61251
61253
61254
61285
61286
61287
61288
61289
61290
61291
61292
61293
61294
61295
61296
61297
61298
61299
61300
61301
61302
61303
61304
61305
61306
61307
61308
61309
61310
61311
61313
61314
61345
61346
61347
61348
61349
61350
61351
61352
61353
61354
61355
61356
61357
61358
61359
61360
61361
61362
61363
61364
61365
61366
61367
61368
61369
61370
61371
61373
61374
61405
61406
61407
61408
61409
61410
61411
61412
61413
61414
61415
61416
61417
61418
61419
61420
61421
61422
61423
61424
61425
61426
61427
61428
61429
61430
61431
61433
61434
61465
61466
61467
61468
61469
61470
61471
61472
61473
61474
61475
61476
61477
61478
61479
61480
61481
61482
61483
61484
61485
61486
61487
61488
61489
61490
61491
61493
61494
61525
61526
61527
61528
61529
61530
61531
61532
61533
61534
61535
61536
61537
61538
61539
61540
61541
61542
61543
61544
61545
61546
61547
61548
61549
61550
61551
61553
61554
61585
61586
61587
61588
61589
61590
61591
61592
61593
61594
61595
61596
61597
61598
61599
61600
61601
61602
61603
61604
61605
61606
61607
61608
61609
61610
61611
61613
61614
61645
61647
61648
61650
61651
61653
61654
61656
61657
61659
61660
61662
61663
61665
61666
61668
61669
61671
61674
61765
61766
61767
61768
61769
61770
61771
61772
61773
61774
61775
61776
61777
61778
61779
61780
61781
61782
61784
61805
61806
61807
61808
61809
61810
61811
61812
61813
61814
61815
61816
61817
61818
61819
61820
61821
61822
61824
61845
61846
61847
61848
61849
61850
61851
61852
61853
61854
61855
61856
61857
61858
61859
61860
61861
61862
61864
61885
61886
61887
61888
61889
61890
61891
61892
61893
61894
61895
61896
61897
61898
61899
61900
61901
61902
61904
61925
61926
61927
61928
61929
61930
61931
61932
61933
61934
61935
61936
61937
61938
61939
61940
61941
61942
61944
61965
61966
61967
61968
61969
61970
61971
61972
61973
61974
61975
61976
61977
61978
61979
61980
61981
61982
61984
62005
62006
62007
62008
62009
62010
62011
62012
62013
62014
62015
62016
62017
62018
62019
62020
62021
62022
62024
62045
62046
62047
62048
62049
62050
62051
62052
62053
62054
62055
62056
62057
62058
62059
62060
62061
62062
62064
62085
62086
62087
62088
62089
62090
62091
62092
62093
62094
62095
62096
62097
62098
62099
62100
62101
62102
62104
62125
62126
62127
62128
62129
62130
62131
62132
62133
62134
62135
62136
62137
62138
62139
62140
62141
62142
62144
62165
62167
62169
62171
62173
62175
62177
62179
62181
118427
118428
118429
118430
118431
118432
118433
118434
118435
118436
118448
118449
118450
118451
118452
118453
118454
118455
118456
118457
118469
118470
118471
118472
118473
118474
118475
118476
118477
118478
118490
118491
118492
118493
118494
118495
118496
118497
118498
118499
118511
118512
118513
118514
118515
118516
118517
118518
118519
118520
118532
118533
118534
118535
118536
118537
118538
118539
118540
118541
118553
118554
118555
118556
118557
118558
118559
118560
118561
118562
118574
118575
118576
118577
118578
118579
118580
118581
118582
118583
118595
118596
118597
118598
118599
118600
118601
118602
118603
118604
118616
118617
118618
118619
118620
118621
118622
118623
118624
118625
118637
118638
118639
118640
118641
118642
118643
118644
118645
118646
123949
123950
123951
123952
123953
123954
123955
123956
123957
123958
123959
123961
123962
123963
123964
123965
123966
123967
123968
123969
123970
123971
123973
123974
123975
123976
123977
123978
123979
123980
123981
123982
123983
123985
123986
123987
123988
123989
123990
123991
123992
123993
123994
123995
123997
123998
123999
124000
124001
124002
124003
124004
124005
124006
124007
124009
124010
124011
124012
124013
124014
124015
124016
124017
124018
124019
124021
124022
124023
124024
124025
124026
124027
124028
124029
124030
124031
124033
124034
124035
124036
124037
124038
124039
124040
124041
124042
124043
124045
124046
124047
124048
124049
124050
124051
124052
124053
124054
124055
124057
124058
124059
124060
124061
124062
124063
124064
124065
124066
124067
124069
124070
124071
124072
124073
124074
124075
124076
124077
124078
124079
-27983
-28043
-28079
-28115
-28151
-28187
-28223
-28259
-28295
-28331
-28366
-28367
-28368
-53934
-53991
-53994
-54048
-54051
-54054
-54105
-54108
-54111
-54114
-54159
-54162
-54165
-54168
-54171
-54174
-54216
-54219
-54222
-54225
-54228
-54231
-54234
-54273
-54276
-54279
-54282
-54285
-54288
-54291
-54294
-54330
-54333
-54336
-54339
-54342
-54345
-54348
-54351
-54354
-54387
-54390
-54393
-54396
-54399
-54402
-54405
-54408
-54411
-54414
-54447
-54450
-54453
-54456
-54459
-54462
-54465
-54468
-54471
-54474
-54567
-54570
-54573
-54576
-54579
-54582
-54585
-54588
-54591
-54593
-54594
-54627
-54630
-54633
-54636
-54639
-54642
-54645
-54648
-54649
-54650
-54651
-54687
-54690
-54693
-54696
-54699
-54702
-54705
-54706
-54707
-54708
-54747
-54750
-54753
-54756
-54759
-54762
-54763
-54764
-54765
-54807
-54810
-54813
-54816
-54818
-54819
-54820
-54821
-54822
-54867
-54870
-54873
-54874
-54875
-54876
-54927
-54930
-54931
-54932
-54933
-54987
-54988
-54989
-54990
-55045
-55046
-55047
54652
54712
54772
54832
54892
54952
55012
55072
55132
28402
55166
55169
55172
55175
55178
55181
55184
55187
55190
55193
-28399
-28459
-28495
-28531
-28567
-28603
-28639
-28675
-28711
-28747
-28783
-28819
-28879
-28915
-28951
-28987
-29023
-29059
-29095
-29131
-29167
-29203
-29239
-29299
-29335
-29371
-29407
-29443
-29479
-29515
-29551
-29587
-29623
-29659
-29719
-29755
-29791
-29827
-29863
-29899
-29935
-29971
-30007
-30043
-30079
-30139
-30175
-30211
-30247
-30283
-30319
-30355
-30391
-30427
-30463
-30499
-30559
-30595
-30631
-30667
-30703
-30739
-30775
-30811
-30847
-30883
-30919
-30979
-31015
-31051
-31087
-31123
-31159
-31195
-31231
-31267
-31303
-31339
-31399
-31435
-31471
-31507
-31543
-31579
-31615
-31651
-31687
-31723
-31759
-31819
-31855
-31891
-31927
-31963
-31999
-32035
-32071
-32107
-32143
-32179
-32229
-32253
-32277
-32301
-32325
-32349
-32373
-32397
-32421
-32445
-32469
55192
55312
55372
55432
55492
55552
55612
55672
55732
55792
55852
55912
56032
56092
56152
56212
56272
56332
56392
56452
56512
56572
56632
56752
56812
56872
56932
56992
57052
57112
57172
57232
57292
57352
57472
57532
57592
57652
57712
57772
57832
57892
57952
58012
58072
58192
58252
58312
58372
58432
58492
58552
58612
58672
58732
58792
58912
58972
59032
59092
59152
59212
59272
59332
59392
59452
59512
59632
59692
59752
59812
59872
59932
59992
60052
60112
60172
60232
60352
60412
60472
60532
60592
60652
60712
60772
60832
60892
60952
61072
61132
61192
61252
61312
61372
61432
61492
61552
61612
61672
61783
61823
61863
61903
61943
61983
62023
62063
62103
62143
62183
28822
29242
29662
30082
30502
30922
31342
31762
32182
32471
55886
55889
55892
55895
55898
55901
55904
55907
55910
55913
56606
56609
56612
56615
56618
56621
56624
56627
56630
56633
57326
57329
57332
57335
57338
57341
57344
57347
57350
57353
58046
58049
58052
58055
58058
58061
58064
58067
58070
58073
58766
58769
58772
58775
58778
58781
58784
58787
58790
58793
59486
59489
59492
59495
59498
59501
59504
59507
59510
59513
60206
60209
60212
60215
60218
60221
60224
60227
60230
60233
60926
60929
60932
60935
60938
60941
60944
60947
60950
60953
61646
61649
61652
61655
61658
61661
61664
61667
61670
61673
62166
62168
62170
62172
62174
62176
62178
62180
62182
62184
)


// ************************************************************************* //
