/*--------------------------------*- C++ -*----------------------------------*\
  =========                 |
  \\      /  F ield         | OpenFOAM: The Open Source CFD Toolbox
   \\    /   O peration     | Website:  https://openfoam.org
    \\  /    A nd           | Version:  7
     \\/     M anipulation  |
\*---------------------------------------------------------------------------*/
FoamFile
{
    version     2.0;
    format      ascii;
    class       labelList;
    location    "constant/polyMesh";
    object      pointProcAddressing;
}
// * * * * * * * * * * * * * * * * * * * * * * * * * * * * * * * * * * * * * //


1667
(
11127
11139
11140
11152
11153
11165
11166
11178
11179
11191
11192
11204
11205
11217
11218
11230
11231
11243
11244
11256
11257
11269
11270
11282
11283
11295
11296
11308
11309
11321
11322
11334
11335
11347
11348
11360
11361
11373
11374
11386
11387
11399
11400
11412
11413
11425
11426
11438
11439
11451
11452
11464
11465
11477
11478
11490
11491
11503
11504
11516
11517
11529
11530
11542
11543
11555
11556
11568
11569
11581
11582
11594
11595
11607
11608
11620
11621
11633
11634
11646
11647
11659
11660
11672
11673
11685
11686
11698
11699
11711
11712
11724
11725
11737
11738
11750
11751
11763
11764
11776
11777
11789
11790
11802
11803
11815
11816
11828
11829
11841
11842
11854
11855
11867
11868
11880
11881
11893
11894
11906
11907
11919
11920
11932
11933
11945
11946
11958
11959
11971
11972
11984
11985
11997
11998
12010
12011
12023
12024
12036
12037
12049
12050
12062
12063
12075
12076
12088
12089
12101
12102
12114
12115
12127
12128
12140
12141
12153
12154
12166
12167
12179
12180
12192
12193
12205
12206
12218
12219
12231
12232
12244
12245
12257
12258
12270
12271
12283
12284
12296
12297
12309
12310
12322
12323
12335
12336
12348
12349
12361
12362
12374
12375
12387
12388
12400
12401
12413
12414
12426
12427
12439
12440
12452
12453
12465
12466
12478
12479
12491
12492
12504
12505
12517
12518
12530
12531
12543
12544
12556
12557
12569
12570
12582
12583
12595
12596
12608
12609
12621
12622
12634
12635
12647
12648
12660
12661
12673
12674
12686
12687
12699
12700
12712
12713
12725
12726
12738
12739
12751
12752
12764
12765
12777
12778
12790
12791
12803
12804
12816
12817
12829
12830
12842
12843
12855
12856
12868
12869
21218
21219
21237
21238
21239
21256
21257
21258
21259
21275
21276
21277
21278
21279
21293
21294
21295
21296
21297
21298
21299
21312
21313
21314
21315
21316
21317
21318
21319
21331
21332
21333
21334
21335
21336
21337
21338
21339
21350
21351
21352
21353
21354
21355
21356
21357
21358
21359
21370
21371
21372
21373
21374
21375
21376
21377
21378
21379
21390
21391
21392
21393
21394
21395
21396
21397
21398
21399
21410
21411
21412
21413
21414
21415
21416
21417
21418
21419
21450
21451
21452
21453
21454
21455
21456
21457
21458
21459
21470
21471
21472
21473
21474
21475
21476
21477
21478
21479
21490
21491
21492
21493
21494
21495
21496
21497
21498
21499
21510
21511
21512
21513
21514
21515
21516
21517
21518
21519
21530
21531
21532
21533
21534
21535
21536
21537
21538
21539
21550
21551
21552
21553
21554
21555
21556
21557
21558
21559
21570
21571
21572
21573
21574
21575
21576
21577
21578
21579
21590
21591
21592
21593
21594
21595
21596
21597
21598
21599
21610
21611
21612
21613
21614
21615
21616
21617
21618
21619
21630
21631
21632
21633
21634
21635
21636
21637
21638
21639
21650
21651
21652
21653
21654
21655
21656
21657
21658
21659
21670
21671
21672
21673
21674
21675
21676
21677
21678
21679
21710
21711
21712
21713
21714
21715
21716
21717
21718
21719
21730
21731
21732
21733
21734
21735
21736
21737
21738
21739
21750
21751
21752
21753
21754
21755
21756
21757
21758
21759
21770
21771
21772
21773
21774
21775
21776
21777
21778
21779
21790
21791
21792
21793
21794
21795
21796
21797
21798
21799
21810
21811
21812
21813
21814
21815
21816
21817
21818
21819
21830
21831
21832
21833
21834
21835
21836
21837
21838
21839
21850
21851
21852
21853
21854
21855
21856
21857
21858
21859
21870
21871
21872
21873
21874
21875
21876
21877
21878
21879
21890
21891
21892
21893
21894
21895
21896
21897
21898
21899
21910
21911
21912
21913
21914
21915
21916
21917
21918
21919
21930
21931
21932
21933
21934
21935
21936
21937
21938
21939
21970
21971
21972
21973
21974
21975
21976
21977
21978
21979
21990
21991
21992
21993
21994
21995
21996
21997
21998
21999
22010
22011
22012
22013
22014
22015
22016
22017
22018
22019
22030
22031
22032
22033
22034
22035
22036
22037
22038
22039
22050
22051
22052
22053
22054
22055
22056
22057
22058
22059
22070
22071
22072
22073
22074
22075
22076
22077
22078
22079
22090
22091
22092
22093
22094
22095
22096
22097
22098
22099
22110
22111
22112
22113
22114
22115
22116
22117
22118
22119
22130
22131
22132
22133
22134
22135
22136
22137
22138
22139
22150
22151
22152
22153
22154
22155
22156
22157
22158
22159
22170
22171
22172
22173
22174
22175
22176
22177
22178
22179
22190
22191
22192
22193
22194
22195
22196
22197
22198
22199
22230
22231
22232
22233
22234
22235
22236
22237
22238
22239
22250
22251
22252
22253
22254
22255
22256
22257
22258
22259
22270
22271
22272
22273
22274
22275
22276
22277
22278
22279
22290
22291
22292
22293
22294
22295
22296
22297
22298
22299
22310
22311
22312
22313
22314
22315
22316
22317
22318
22319
22330
22331
22332
22333
22334
22335
22336
22337
22338
22339
22350
22351
22352
22353
22354
22355
22356
22357
22358
22359
22370
22371
22372
22373
22374
22375
22376
22377
22378
22379
22390
22391
22392
22393
22394
22395
22396
22397
22398
22399
22410
22411
22412
22413
22414
22415
22416
22417
22418
22419
22430
22431
22432
22433
22434
22435
22436
22437
22438
22439
22450
22451
22452
22453
22454
22455
22456
22457
22458
22459
22490
22491
22492
22493
22494
22495
22496
22497
22498
22499
22510
22511
22512
22513
22514
22515
22516
22517
22518
22519
22530
22531
22532
22533
22534
22535
22536
22537
22538
22539
22550
22551
22552
22553
22554
22555
22556
22557
22558
22559
22570
22571
22572
22573
22574
22575
22576
22577
22578
22579
22590
22591
22592
22593
22594
22595
22596
22597
22598
22599
22610
22611
22612
22613
22614
22615
22616
22617
22618
22619
22630
22631
22632
22633
22634
22635
22636
22637
22638
22639
22650
22651
22652
22653
22654
22655
22656
22657
22658
22659
22670
22671
22672
22673
22674
22675
22676
22677
22678
22679
22690
22691
22692
22693
22694
22695
22696
22697
22698
22699
22710
22711
22712
22713
22714
22715
22716
22717
22718
22719
22750
22751
22752
22753
22754
22755
22756
22757
22758
22759
22770
22771
22772
22773
22774
22775
22776
22777
22778
22779
22790
22791
22792
22793
22794
22795
22796
22797
22798
22799
22810
22811
22812
22813
22814
22815
22816
22817
22818
22819
22830
22831
22832
22833
22834
22835
22836
22837
22838
22839
22850
22851
22852
22853
22854
22855
22856
22857
22858
22859
22870
22871
22872
22873
22874
22875
22876
22877
22878
22879
22890
22891
22892
22893
22894
22895
22896
22897
22898
22899
22910
22911
22912
22913
22914
22915
22916
22917
22918
22919
22930
22931
22932
22933
22934
22935
22936
22937
22938
22939
22950
22951
22952
22953
22954
22955
22956
22957
22958
22959
22970
22971
22972
22973
22974
22975
22976
22977
22978
22979
23010
23011
23012
23013
23014
23015
23016
23017
23018
23019
23030
23031
23032
23033
23034
23035
23036
23037
23038
23039
23050
23051
23052
23053
23054
23055
23056
23057
23058
23059
23070
23071
23072
23073
23074
23075
23076
23077
23078
23079
23090
23091
23092
23093
23094
23095
23096
23097
23098
23099
23110
23111
23112
23113
23114
23115
23116
23117
23118
23119
23130
23131
23132
23133
23134
23135
23136
23137
23138
23139
23150
23151
23152
23153
23154
23155
23156
23157
23158
23159
23170
23171
23172
23173
23174
23175
23176
23177
23178
23179
23190
23191
23192
23193
23194
23195
23196
23197
23198
23199
23210
23211
23212
23213
23214
23215
23216
23217
23218
23219
23230
23231
23232
23233
23234
23235
23236
23237
23238
23239
23270
23271
23272
23273
23274
23275
23276
23277
23278
23279
23290
23291
23292
23293
23294
23295
23296
23297
23298
23299
23310
23311
23312
23313
23314
23315
23316
23317
23318
23319
23330
23331
23332
23333
23334
23335
23336
23337
23338
23339
23350
23351
23352
23353
23354
23355
23356
23357
23358
23359
23370
23371
23372
23373
23374
23375
23376
23377
23378
23379
23390
23391
23392
23393
23394
23395
23396
23397
23398
23399
23410
23411
23412
23413
23414
23415
23416
23417
23418
23419
23430
23431
23432
23433
23434
23435
23436
23437
23438
23439
23450
23451
23452
23453
23454
23455
23456
23457
23458
23459
23470
23471
23472
23473
23474
23475
23476
23477
23478
23479
23490
23491
23492
23493
23494
23495
23496
23497
23498
23499
23530
23531
23532
23533
23534
23535
23536
23537
23538
23539
23550
23551
23552
23553
23554
23555
23556
23557
23558
23559
23570
23571
23572
23573
23574
23575
23576
23577
23578
23579
23590
23591
23592
23593
23594
23595
23596
23597
23598
23599
23610
23611
23612
23613
23614
23615
23616
23617
23618
23619
23630
23631
23632
23633
23634
23635
23636
23637
23638
23639
23650
23651
23652
23653
23654
23655
23656
23657
23658
23659
23670
23671
23672
23673
23674
23675
23676
23677
23678
23679
23690
23691
23692
23693
23694
23695
23696
23697
23698
23699
23710
23711
23712
23713
23714
23715
23716
23717
23718
23719
23730
23731
23732
23733
23734
23735
23736
23737
23738
23739
23750
23751
23752
23753
23754
23755
23756
23757
23758
23759
23790
23791
23792
23793
23794
23795
23796
23797
23798
23799
23810
23811
23812
23813
23814
23815
23816
23817
23818
23819
23830
23831
23832
23833
23834
23835
23836
23837
23838
23839
23850
23851
23852
23853
23854
23855
23856
23857
23858
23859
23870
23871
23872
23873
23874
23875
23876
23877
23878
23879
23890
23891
23892
23893
23894
23895
23896
23897
23898
23899
23910
23911
23912
23913
23914
23915
23916
23917
23918
23919
23930
23931
23932
23933
23934
23935
23936
23937
23938
23939
23950
23951
23952
23953
23954
23955
23956
23957
23958
23959
23970
23971
23972
23973
23974
23975
23976
23977
23978
23979
23990
23991
23992
23993
23994
23995
23996
23997
23998
23999
24010
24011
24012
24013
24014
24015
24016
24017
24018
24019
24050
24051
24052
24053
24054
24055
24056
24057
24058
24059
24070
24071
24072
24073
24074
24075
24076
24077
24078
24079
24090
24091
24092
24093
24094
24095
24096
24097
24098
24099
24110
24111
24112
24113
24114
24115
24116
24117
24118
24119
24130
24131
24132
24133
24134
24135
24136
24137
24138
24139
24150
24151
24152
24153
24154
24155
24156
24157
24158
24159
24170
24171
24172
24173
24174
24175
24176
24177
24178
24179
24190
24191
24192
24193
24194
24195
24196
24197
24198
24199
24210
24211
24212
24213
24214
24215
24216
24217
24218
24219
24230
24231
24232
24233
24234
24235
24236
24237
24238
24239
24250
24251
24252
24253
24254
24255
24256
24257
24258
24259
24270
24271
24272
24273
24274
24275
24276
24277
24278
24279
)


// ************************************************************************* //
