/*--------------------------------*- C++ -*----------------------------------*\
  =========                 |
  \\      /  F ield         | OpenFOAM: The Open Source CFD Toolbox
   \\    /   O peration     | Website:  https://openfoam.org
    \\  /    A nd           | Version:  7
     \\/     M anipulation  |
\*---------------------------------------------------------------------------*/
FoamFile
{
    version     2.0;
    format      ascii;
    class       labelList;
    location    "constant/polyMesh";
    object      cellProcAddressing;
}
// * * * * * * * * * * * * * * * * * * * * * * * * * * * * * * * * * * * * * //


1270
(
3035
3047
3059
3071
3083
3095
3107
3119
3131
3143
3275
3287
3299
3311
3323
3335
3347
3359
3371
3383
3515
3527
3539
3551
3563
3575
3587
3599
3611
3623
3755
3767
3779
3791
3803
3815
3827
3839
3851
3863
3995
4007
4019
4031
4043
4055
4067
4079
4091
4103
4235
4247
4259
4271
4283
4295
4307
4319
4331
4343
4475
4487
4499
4511
4523
4535
4547
4559
4571
4583
4715
4727
4739
4751
4763
4775
4787
4799
4811
4823
4955
4967
4979
4991
5003
5015
5027
5039
5051
5063
5195
5207
5219
5231
5243
5255
5267
5279
5291
5303
5435
5447
5459
5471
5483
5495
5507
5519
5531
5543
8207
8351
8495
8639
8783
8927
9071
9215
9359
9503
9647
16348
16349
16350
16351
16352
16353
16354
16355
16356
16357
16588
16589
16590
16591
16592
16593
16594
16595
16596
16597
16828
16829
16830
16831
16832
16833
16834
16835
16836
16837
17068
17069
17070
17071
17072
17073
17074
17075
17076
17077
17308
17309
17310
17311
17312
17313
17314
17315
17316
17317
17548
17549
17550
17551
17552
17553
17554
17555
17556
17557
17788
17789
17790
17791
17792
17793
17794
17795
17796
17797
18028
18029
18030
18031
18032
18033
18034
18035
18036
18037
18268
18269
18270
18271
18272
18273
18274
18275
18276
18277
18508
18509
18510
18511
18512
18513
18514
18515
18516
18517
18748
18749
18750
18751
18752
18753
18754
18755
18756
18757
21168
21169
21170
21171
21172
21173
21174
21175
21176
21177
21188
21189
21190
21191
21192
21193
21194
21195
21196
21197
21208
21209
21210
21211
21212
21213
21214
21215
21216
21217
21228
21229
21230
21231
21232
21233
21234
21235
21236
21237
21248
21249
21250
21251
21252
21253
21254
21255
21256
21257
21268
21269
21270
21271
21272
21273
21274
21275
21276
21277
21288
21289
21290
21291
21292
21293
21294
21295
21296
21297
21308
21309
21310
21311
21312
21313
21314
21315
21316
21317
21328
21329
21330
21331
21332
21333
21334
21335
21336
21337
21348
21349
21350
21351
21352
21353
21354
21355
21356
21357
21568
21569
21570
21571
21572
21573
21574
21575
21576
21577
21588
21589
21590
21591
21592
21593
21594
21595
21596
21597
21608
21609
21610
21611
21612
21613
21614
21615
21616
21617
21628
21629
21630
21631
21632
21633
21634
21635
21636
21637
21648
21649
21650
21651
21652
21653
21654
21655
21656
21657
21668
21669
21670
21671
21672
21673
21674
21675
21676
21677
21688
21689
21690
21691
21692
21693
21694
21695
21696
21697
21708
21709
21710
21711
21712
21713
21714
21715
21716
21717
21728
21729
21730
21731
21732
21733
21734
21735
21736
21737
21748
21749
21750
21751
21752
21753
21754
21755
21756
21757
21968
21969
21970
21971
21972
21973
21974
21975
21976
21977
21988
21989
21990
21991
21992
21993
21994
21995
21996
21997
22008
22009
22010
22011
22012
22013
22014
22015
22016
22017
22028
22029
22030
22031
22032
22033
22034
22035
22036
22037
22048
22049
22050
22051
22052
22053
22054
22055
22056
22057
22068
22069
22070
22071
22072
22073
22074
22075
22076
22077
22088
22089
22090
22091
22092
22093
22094
22095
22096
22097
22108
22109
22110
22111
22112
22113
22114
22115
22116
22117
22128
22129
22130
22131
22132
22133
22134
22135
22136
22137
22148
22149
22150
22151
22152
22153
22154
22155
22156
22157
22368
22369
22370
22371
22372
22373
22374
22375
22376
22377
22388
22389
22390
22391
22392
22393
22394
22395
22396
22397
22408
22409
22410
22411
22412
22413
22414
22415
22416
22417
22428
22429
22430
22431
22432
22433
22434
22435
22436
22437
22448
22449
22450
22451
22452
22453
22454
22455
22456
22457
22468
22469
22470
22471
22472
22473
22474
22475
22476
22477
22488
22489
22490
22491
22492
22493
22494
22495
22496
22497
22508
22509
22510
22511
22512
22513
22514
22515
22516
22517
22528
22529
22530
22531
22532
22533
22534
22535
22536
22537
22548
22549
22550
22551
22552
22553
22554
22555
22556
22557
22768
22769
22770
22771
22772
22773
22774
22775
22776
22777
22788
22789
22790
22791
22792
22793
22794
22795
22796
22797
22808
22809
22810
22811
22812
22813
22814
22815
22816
22817
22828
22829
22830
22831
22832
22833
22834
22835
22836
22837
22848
22849
22850
22851
22852
22853
22854
22855
22856
22857
22868
22869
22870
22871
22872
22873
22874
22875
22876
22877
22888
22889
22890
22891
22892
22893
22894
22895
22896
22897
22908
22909
22910
22911
22912
22913
22914
22915
22916
22917
22928
22929
22930
22931
22932
22933
22934
22935
22936
22937
22948
22949
22950
22951
22952
22953
22954
22955
22956
22957
23168
23169
23170
23171
23172
23173
23174
23175
23176
23177
23188
23189
23190
23191
23192
23193
23194
23195
23196
23197
23208
23209
23210
23211
23212
23213
23214
23215
23216
23217
23228
23229
23230
23231
23232
23233
23234
23235
23236
23237
23248
23249
23250
23251
23252
23253
23254
23255
23256
23257
23268
23269
23270
23271
23272
23273
23274
23275
23276
23277
23288
23289
23290
23291
23292
23293
23294
23295
23296
23297
23308
23309
23310
23311
23312
23313
23314
23315
23316
23317
23328
23329
23330
23331
23332
23333
23334
23335
23336
23337
23348
23349
23350
23351
23352
23353
23354
23355
23356
23357
23568
23569
23570
23571
23572
23573
23574
23575
23576
23577
23588
23589
23590
23591
23592
23593
23594
23595
23596
23597
23608
23609
23610
23611
23612
23613
23614
23615
23616
23617
23628
23629
23630
23631
23632
23633
23634
23635
23636
23637
23648
23649
23650
23651
23652
23653
23654
23655
23656
23657
23668
23669
23670
23671
23672
23673
23674
23675
23676
23677
23688
23689
23690
23691
23692
23693
23694
23695
23696
23697
23708
23709
23710
23711
23712
23713
23714
23715
23716
23717
23728
23729
23730
23731
23732
23733
23734
23735
23736
23737
23748
23749
23750
23751
23752
23753
23754
23755
23756
23757
23968
23969
23970
23971
23972
23973
23974
23975
23976
23977
23988
23989
23990
23991
23992
23993
23994
23995
23996
23997
24008
24009
24010
24011
24012
24013
24014
24015
24016
24017
24028
24029
24030
24031
24032
24033
24034
24035
24036
24037
24048
24049
24050
24051
24052
24053
24054
24055
24056
24057
24068
24069
24070
24071
24072
24073
24074
24075
24076
24077
24088
24089
24090
24091
24092
24093
24094
24095
24096
24097
24108
24109
24110
24111
24112
24113
24114
24115
24116
24117
24128
24129
24130
24131
24132
24133
24134
24135
24136
24137
24148
24149
24150
24151
24152
24153
24154
24155
24156
24157
24368
24369
24370
24371
24372
24373
24374
24375
24376
24377
24388
24389
24390
24391
24392
24393
24394
24395
24396
24397
24408
24409
24410
24411
24412
24413
24414
24415
24416
24417
24428
24429
24430
24431
24432
24433
24434
24435
24436
24437
24448
24449
24450
24451
24452
24453
24454
24455
24456
24457
24468
24469
24470
24471
24472
24473
24474
24475
24476
24477
24488
24489
24490
24491
24492
24493
24494
24495
24496
24497
24508
24509
24510
24511
24512
24513
24514
24515
24516
24517
24528
24529
24530
24531
24532
24533
24534
24535
24536
24537
24548
24549
24550
24551
24552
24553
24554
24555
24556
24557
24768
24769
24770
24771
24772
24773
24774
24775
24776
24777
24788
24789
24790
24791
24792
24793
24794
24795
24796
24797
24808
24809
24810
24811
24812
24813
24814
24815
24816
24817
24828
24829
24830
24831
24832
24833
24834
24835
24836
24837
24848
24849
24850
24851
24852
24853
24854
24855
24856
24857
24868
24869
24870
24871
24872
24873
24874
24875
24876
24877
24888
24889
24890
24891
24892
24893
24894
24895
24896
24897
24908
24909
24910
24911
24912
24913
24914
24915
24916
24917
24928
24929
24930
24931
24932
24933
24934
24935
24936
24937
24948
24949
24950
24951
24952
24953
24954
24955
24956
24957
25168
25169
25170
25171
25172
25173
25174
25175
25188
25189
25190
25191
25192
25193
25194
25208
25209
25210
25211
25212
25213
25228
25229
25230
25231
25232
25248
25249
25250
25251
25268
25269
25270
25288
25289
25290
25308
25309
25328
)


// ************************************************************************* //
