/*--------------------------------*- C++ -*----------------------------------*\
  =========                 |
  \\      /  F ield         | OpenFOAM: The Open Source CFD Toolbox
   \\    /   O peration     | Website:  https://openfoam.org
    \\  /    A nd           | Version:  7
     \\/     M anipulation  |
\*---------------------------------------------------------------------------*/
FoamFile
{
    version     2.0;
    format      ascii;
    class       labelList;
    location    "constant/polyMesh";
    object      faceProcAddressing;
}
// * * * * * * * * * * * * * * * * * * * * * * * * * * * * * * * * * * * * * //


4173
(
8973
8974
8975
8976
9010
9011
9012
9046
9047
9048
9082
9083
9084
9118
9119
9120
9154
9155
9156
9190
9191
9192
9226
9227
9228
9262
9263
9264
9299
9300
9693
9694
9695
9696
9730
9731
9732
9766
9767
9768
9802
9803
9804
9838
9839
9840
9874
9875
9876
9910
9911
9912
9946
9947
9948
9982
9983
9984
10019
10020
10413
10414
10415
10416
10450
10451
10452
10486
10487
10488
10522
10523
10524
10558
10559
10560
10594
10595
10596
10630
10631
10632
10666
10667
10668
10702
10703
10704
10739
10740
11133
11134
11135
11136
11170
11171
11172
11206
11207
11208
11242
11243
11244
11278
11279
11280
11314
11315
11316
11350
11351
11352
11386
11387
11388
11422
11423
11424
11459
11460
11853
11854
11855
11856
11890
11891
11892
11926
11927
11928
11962
11963
11964
11998
11999
12000
12034
12035
12036
12070
12071
12072
12106
12107
12108
12142
12143
12144
12179
12180
12573
12574
12575
12576
12610
12611
12612
12646
12647
12648
12682
12683
12684
12718
12719
12720
12754
12755
12756
12790
12791
12792
12826
12827
12828
12862
12863
12864
12899
12900
13293
13294
13295
13296
13330
13331
13332
13366
13367
13368
13402
13403
13404
13438
13439
13440
13474
13475
13476
13510
13511
13512
13546
13547
13548
13582
13583
13584
13619
13620
14013
14014
14015
14016
14050
14051
14052
14086
14087
14088
14122
14123
14124
14158
14159
14160
14194
14195
14196
14230
14231
14232
14266
14267
14268
14302
14303
14304
14339
14340
14733
14734
14735
14736
14770
14771
14772
14806
14807
14808
14842
14843
14844
14878
14879
14880
14914
14915
14916
14950
14951
14952
14986
14987
14988
15022
15023
15024
15059
15060
15453
15454
15455
15456
15490
15491
15492
15526
15527
15528
15562
15563
15564
15598
15599
15600
15634
15635
15636
15670
15671
15672
15706
15707
15708
15742
15743
15744
15779
15780
16173
16175
16176
16210
16212
16246
16248
16282
16284
16318
16320
16354
16356
16390
16392
16426
16428
16462
16464
24227
24228
24647
24648
25067
25068
25487
25488
25907
25908
26327
26328
26747
26748
27167
27168
27587
27588
28007
28008
28428
48025
48026
48027
48028
48029
48030
48031
48032
48033
48034
48035
48036
48037
48038
48039
48040
48041
48042
48043
48044
48045
48046
48047
48048
48049
48050
48051
48053
48054
48745
48746
48747
48748
48749
48750
48751
48752
48753
48754
48755
48756
48757
48758
48759
48760
48761
48762
48763
48764
48765
48766
48767
48768
48769
48770
48771
48773
48774
49465
49466
49467
49468
49469
49470
49471
49472
49473
49474
49475
49476
49477
49478
49479
49480
49481
49482
49483
49484
49485
49486
49487
49488
49489
49490
49491
49493
49494
50185
50186
50187
50188
50189
50190
50191
50192
50193
50194
50195
50196
50197
50198
50199
50200
50201
50202
50203
50204
50205
50206
50207
50208
50209
50210
50211
50213
50214
50905
50906
50907
50908
50909
50910
50911
50912
50913
50914
50915
50916
50917
50918
50919
50920
50921
50922
50923
50924
50925
50926
50927
50928
50929
50930
50931
50933
50934
51625
51626
51627
51628
51629
51630
51631
51632
51633
51634
51635
51636
51637
51638
51639
51640
51641
51642
51643
51644
51645
51646
51647
51648
51649
51650
51651
51653
51654
52345
52346
52347
52348
52349
52350
52351
52352
52353
52354
52355
52356
52357
52358
52359
52360
52361
52362
52363
52364
52365
52366
52367
52368
52369
52370
52371
52373
52374
53065
53066
53067
53068
53069
53070
53071
53072
53073
53074
53075
53076
53077
53078
53079
53080
53081
53082
53083
53084
53085
53086
53087
53088
53089
53090
53091
53093
53094
53785
53786
53787
53788
53789
53790
53791
53792
53793
53794
53795
53796
53797
53798
53799
53800
53801
53802
53803
53804
53805
53806
53807
53808
53809
53810
53811
53813
53814
54505
54506
54507
54508
54509
54510
54511
54512
54513
54514
54515
54516
54517
54518
54519
54520
54521
54522
54523
54524
54525
54526
54527
54528
54529
54530
54531
54533
54534
55225
55227
55228
55230
55231
55233
55234
55236
55237
55239
55240
55242
55243
55245
55246
55248
55249
62245
62246
62247
62248
62249
62250
62251
62252
62253
62254
62255
62256
62257
62258
62259
62260
62261
62262
62263
62264
62265
62266
62267
62268
62269
62270
62271
62273
62274
62305
62306
62307
62308
62309
62310
62311
62312
62313
62314
62315
62316
62317
62318
62319
62320
62321
62322
62323
62324
62325
62326
62327
62328
62329
62330
62331
62333
62334
62365
62366
62367
62368
62369
62370
62371
62372
62373
62374
62375
62376
62377
62378
62379
62380
62381
62382
62383
62384
62385
62386
62387
62388
62389
62390
62391
62393
62394
62425
62426
62427
62428
62429
62430
62431
62432
62433
62434
62435
62436
62437
62438
62439
62440
62441
62442
62443
62444
62445
62446
62447
62448
62449
62450
62451
62453
62454
62485
62486
62487
62488
62489
62490
62491
62492
62493
62494
62495
62496
62497
62498
62499
62500
62501
62502
62503
62504
62505
62506
62507
62508
62509
62510
62511
62513
62514
62545
62546
62547
62548
62549
62550
62551
62552
62553
62554
62555
62556
62557
62558
62559
62560
62561
62562
62563
62564
62565
62566
62567
62568
62569
62570
62571
62573
62574
62605
62606
62607
62608
62609
62610
62611
62612
62613
62614
62615
62616
62617
62618
62619
62620
62621
62622
62623
62624
62625
62626
62627
62628
62629
62630
62631
62633
62634
62665
62666
62667
62668
62669
62670
62671
62672
62673
62674
62675
62676
62677
62678
62679
62680
62681
62682
62683
62684
62685
62686
62687
62688
62689
62690
62691
62693
62694
62725
62726
62727
62728
62729
62730
62731
62732
62733
62734
62735
62736
62737
62738
62739
62740
62741
62742
62743
62744
62745
62746
62747
62748
62749
62750
62751
62753
62754
62785
62787
62788
62790
62791
62793
62794
62796
62797
62799
62800
62802
62803
62805
62806
62808
62809
62811
62814
63425
63426
63427
63428
63429
63430
63431
63432
63433
63434
63435
63436
63437
63438
63439
63440
63441
63442
63443
63444
63445
63446
63447
63448
63449
63450
63451
63453
63454
63485
63486
63487
63488
63489
63490
63491
63492
63493
63494
63495
63496
63497
63498
63499
63500
63501
63502
63503
63504
63505
63506
63507
63508
63509
63510
63511
63513
63514
63545
63546
63547
63548
63549
63550
63551
63552
63553
63554
63555
63556
63557
63558
63559
63560
63561
63562
63563
63564
63565
63566
63567
63568
63569
63570
63571
63573
63574
63605
63606
63607
63608
63609
63610
63611
63612
63613
63614
63615
63616
63617
63618
63619
63620
63621
63622
63623
63624
63625
63626
63627
63628
63629
63630
63631
63633
63634
63665
63666
63667
63668
63669
63670
63671
63672
63673
63674
63675
63676
63677
63678
63679
63680
63681
63682
63683
63684
63685
63686
63687
63688
63689
63690
63691
63693
63694
63725
63726
63727
63728
63729
63730
63731
63732
63733
63734
63735
63736
63737
63738
63739
63740
63741
63742
63743
63744
63745
63746
63747
63748
63749
63750
63751
63753
63754
63785
63786
63787
63788
63789
63790
63791
63792
63793
63794
63795
63796
63797
63798
63799
63800
63801
63802
63803
63804
63805
63806
63807
63808
63809
63810
63811
63813
63814
63845
63846
63847
63848
63849
63850
63851
63852
63853
63854
63855
63856
63857
63858
63859
63860
63861
63862
63863
63864
63865
63866
63867
63868
63869
63870
63871
63873
63874
63905
63906
63907
63908
63909
63910
63911
63912
63913
63914
63915
63916
63917
63918
63919
63920
63921
63922
63923
63924
63925
63926
63927
63928
63929
63930
63931
63933
63934
63965
63967
63968
63970
63971
63973
63974
63976
63977
63979
63980
63982
63983
63985
63986
63988
63989
63991
63994
64605
64606
64607
64608
64609
64610
64611
64612
64613
64614
64615
64616
64617
64618
64619
64620
64621
64622
64623
64624
64625
64626
64627
64628
64629
64630
64631
64633
64634
64665
64666
64667
64668
64669
64670
64671
64672
64673
64674
64675
64676
64677
64678
64679
64680
64681
64682
64683
64684
64685
64686
64687
64688
64689
64690
64691
64693
64694
64725
64726
64727
64728
64729
64730
64731
64732
64733
64734
64735
64736
64737
64738
64739
64740
64741
64742
64743
64744
64745
64746
64747
64748
64749
64750
64751
64753
64754
64785
64786
64787
64788
64789
64790
64791
64792
64793
64794
64795
64796
64797
64798
64799
64800
64801
64802
64803
64804
64805
64806
64807
64808
64809
64810
64811
64813
64814
64845
64846
64847
64848
64849
64850
64851
64852
64853
64854
64855
64856
64857
64858
64859
64860
64861
64862
64863
64864
64865
64866
64867
64868
64869
64870
64871
64873
64874
64905
64906
64907
64908
64909
64910
64911
64912
64913
64914
64915
64916
64917
64918
64919
64920
64921
64922
64923
64924
64925
64926
64927
64928
64929
64930
64931
64933
64934
64965
64966
64967
64968
64969
64970
64971
64972
64973
64974
64975
64976
64977
64978
64979
64980
64981
64982
64983
64984
64985
64986
64987
64988
64989
64990
64991
64993
64994
65025
65026
65027
65028
65029
65030
65031
65032
65033
65034
65035
65036
65037
65038
65039
65040
65041
65042
65043
65044
65045
65046
65047
65048
65049
65050
65051
65053
65054
65085
65086
65087
65088
65089
65090
65091
65092
65093
65094
65095
65096
65097
65098
65099
65100
65101
65102
65103
65104
65105
65106
65107
65108
65109
65110
65111
65113
65114
65145
65147
65148
65150
65151
65153
65154
65156
65157
65159
65160
65162
65163
65165
65166
65168
65169
65171
65174
65785
65786
65787
65788
65789
65790
65791
65792
65793
65794
65795
65796
65797
65798
65799
65800
65801
65802
65803
65804
65805
65806
65807
65808
65809
65810
65811
65813
65814
65845
65846
65847
65848
65849
65850
65851
65852
65853
65854
65855
65856
65857
65858
65859
65860
65861
65862
65863
65864
65865
65866
65867
65868
65869
65870
65871
65873
65874
65905
65906
65907
65908
65909
65910
65911
65912
65913
65914
65915
65916
65917
65918
65919
65920
65921
65922
65923
65924
65925
65926
65927
65928
65929
65930
65931
65933
65934
65965
65966
65967
65968
65969
65970
65971
65972
65973
65974
65975
65976
65977
65978
65979
65980
65981
65982
65983
65984
65985
65986
65987
65988
65989
65990
65991
65993
65994
66025
66026
66027
66028
66029
66030
66031
66032
66033
66034
66035
66036
66037
66038
66039
66040
66041
66042
66043
66044
66045
66046
66047
66048
66049
66050
66051
66053
66054
66085
66086
66087
66088
66089
66090
66091
66092
66093
66094
66095
66096
66097
66098
66099
66100
66101
66102
66103
66104
66105
66106
66107
66108
66109
66110
66111
66113
66114
66145
66146
66147
66148
66149
66150
66151
66152
66153
66154
66155
66156
66157
66158
66159
66160
66161
66162
66163
66164
66165
66166
66167
66168
66169
66170
66171
66173
66174
66205
66206
66207
66208
66209
66210
66211
66212
66213
66214
66215
66216
66217
66218
66219
66220
66221
66222
66223
66224
66225
66226
66227
66228
66229
66230
66231
66233
66234
66265
66266
66267
66268
66269
66270
66271
66272
66273
66274
66275
66276
66277
66278
66279
66280
66281
66282
66283
66284
66285
66286
66287
66288
66289
66290
66291
66293
66294
66325
66327
66328
66330
66331
66333
66334
66336
66337
66339
66340
66342
66343
66345
66346
66348
66349
66351
66354
66965
66966
66967
66968
66969
66970
66971
66972
66973
66974
66975
66976
66977
66978
66979
66980
66981
66982
66983
66984
66985
66986
66987
66988
66989
66990
66991
66993
66994
67025
67026
67027
67028
67029
67030
67031
67032
67033
67034
67035
67036
67037
67038
67039
67040
67041
67042
67043
67044
67045
67046
67047
67048
67049
67050
67051
67053
67054
67085
67086
67087
67088
67089
67090
67091
67092
67093
67094
67095
67096
67097
67098
67099
67100
67101
67102
67103
67104
67105
67106
67107
67108
67109
67110
67111
67113
67114
67145
67146
67147
67148
67149
67150
67151
67152
67153
67154
67155
67156
67157
67158
67159
67160
67161
67162
67163
67164
67165
67166
67167
67168
67169
67170
67171
67173
67174
67205
67206
67207
67208
67209
67210
67211
67212
67213
67214
67215
67216
67217
67218
67219
67220
67221
67222
67223
67224
67225
67226
67227
67228
67229
67230
67231
67233
67234
67265
67266
67267
67268
67269
67270
67271
67272
67273
67274
67275
67276
67277
67278
67279
67280
67281
67282
67283
67284
67285
67286
67287
67288
67289
67290
67291
67293
67294
67325
67326
67327
67328
67329
67330
67331
67332
67333
67334
67335
67336
67337
67338
67339
67340
67341
67342
67343
67344
67345
67346
67347
67348
67349
67350
67351
67353
67354
67385
67386
67387
67388
67389
67390
67391
67392
67393
67394
67395
67396
67397
67398
67399
67400
67401
67402
67403
67404
67405
67406
67407
67408
67409
67410
67411
67413
67414
67445
67446
67447
67448
67449
67450
67451
67452
67453
67454
67455
67456
67457
67458
67459
67460
67461
67462
67463
67464
67465
67466
67467
67468
67469
67470
67471
67473
67474
67505
67507
67508
67510
67511
67513
67514
67516
67517
67519
67520
67522
67523
67525
67526
67528
67529
67531
67534
68145
68146
68147
68148
68149
68150
68151
68152
68153
68154
68155
68156
68157
68158
68159
68160
68161
68162
68163
68164
68165
68166
68167
68168
68169
68170
68171
68173
68174
68205
68206
68207
68208
68209
68210
68211
68212
68213
68214
68215
68216
68217
68218
68219
68220
68221
68222
68223
68224
68225
68226
68227
68228
68229
68230
68231
68233
68234
68265
68266
68267
68268
68269
68270
68271
68272
68273
68274
68275
68276
68277
68278
68279
68280
68281
68282
68283
68284
68285
68286
68287
68288
68289
68290
68291
68293
68294
68325
68326
68327
68328
68329
68330
68331
68332
68333
68334
68335
68336
68337
68338
68339
68340
68341
68342
68343
68344
68345
68346
68347
68348
68349
68350
68351
68353
68354
68385
68386
68387
68388
68389
68390
68391
68392
68393
68394
68395
68396
68397
68398
68399
68400
68401
68402
68403
68404
68405
68406
68407
68408
68409
68410
68411
68413
68414
68445
68446
68447
68448
68449
68450
68451
68452
68453
68454
68455
68456
68457
68458
68459
68460
68461
68462
68463
68464
68465
68466
68467
68468
68469
68470
68471
68473
68474
68505
68506
68507
68508
68509
68510
68511
68512
68513
68514
68515
68516
68517
68518
68519
68520
68521
68522
68523
68524
68525
68526
68527
68528
68529
68530
68531
68533
68534
68565
68566
68567
68568
68569
68570
68571
68572
68573
68574
68575
68576
68577
68578
68579
68580
68581
68582
68583
68584
68585
68586
68587
68588
68589
68590
68591
68593
68594
68625
68626
68627
68628
68629
68630
68631
68632
68633
68634
68635
68636
68637
68638
68639
68640
68641
68642
68643
68644
68645
68646
68647
68648
68649
68650
68651
68653
68654
68685
68687
68688
68690
68691
68693
68694
68696
68697
68699
68700
68702
68703
68705
68706
68708
68709
68711
68714
69325
69326
69327
69328
69329
69330
69331
69332
69333
69334
69335
69336
69337
69338
69339
69340
69341
69342
69343
69344
69345
69346
69347
69348
69349
69350
69351
69353
69354
69385
69386
69387
69388
69389
69390
69391
69392
69393
69394
69395
69396
69397
69398
69399
69400
69401
69402
69403
69404
69405
69406
69407
69408
69409
69410
69411
69413
69414
69445
69446
69447
69448
69449
69450
69451
69452
69453
69454
69455
69456
69457
69458
69459
69460
69461
69462
69463
69464
69465
69466
69467
69468
69469
69470
69471
69473
69474
69505
69506
69507
69508
69509
69510
69511
69512
69513
69514
69515
69516
69517
69518
69519
69520
69521
69522
69523
69524
69525
69526
69527
69528
69529
69530
69531
69533
69534
69565
69566
69567
69568
69569
69570
69571
69572
69573
69574
69575
69576
69577
69578
69579
69580
69581
69582
69583
69584
69585
69586
69587
69588
69589
69590
69591
69593
69594
69625
69626
69627
69628
69629
69630
69631
69632
69633
69634
69635
69636
69637
69638
69639
69640
69641
69642
69643
69644
69645
69646
69647
69648
69649
69650
69651
69653
69654
69685
69686
69687
69688
69689
69690
69691
69692
69693
69694
69695
69696
69697
69698
69699
69700
69701
69702
69703
69704
69705
69706
69707
69708
69709
69710
69711
69713
69714
69745
69746
69747
69748
69749
69750
69751
69752
69753
69754
69755
69756
69757
69758
69759
69760
69761
69762
69763
69764
69765
69766
69767
69768
69769
69770
69771
69773
69774
69805
69806
69807
69808
69809
69810
69811
69812
69813
69814
69815
69816
69817
69818
69819
69820
69821
69822
69823
69824
69825
69826
69827
69828
69829
69830
69831
69833
69834
69865
69867
69868
69870
69871
69873
69874
69876
69877
69879
69880
69882
69883
69885
69886
69888
69889
69891
69894
70505
70506
70507
70508
70509
70510
70511
70512
70513
70514
70515
70516
70517
70518
70519
70520
70521
70522
70523
70524
70525
70526
70527
70528
70529
70530
70531
70533
70534
70565
70566
70567
70568
70569
70570
70571
70572
70573
70574
70575
70576
70577
70578
70579
70580
70581
70582
70583
70584
70585
70586
70587
70588
70589
70590
70591
70593
70594
70625
70626
70627
70628
70629
70630
70631
70632
70633
70634
70635
70636
70637
70638
70639
70640
70641
70642
70643
70644
70645
70646
70647
70648
70649
70650
70651
70653
70654
70685
70686
70687
70688
70689
70690
70691
70692
70693
70694
70695
70696
70697
70698
70699
70700
70701
70702
70703
70704
70705
70706
70707
70708
70709
70710
70711
70713
70714
70745
70746
70747
70748
70749
70750
70751
70752
70753
70754
70755
70756
70757
70758
70759
70760
70761
70762
70763
70764
70765
70766
70767
70768
70769
70770
70771
70773
70774
70805
70806
70807
70808
70809
70810
70811
70812
70813
70814
70815
70816
70817
70818
70819
70820
70821
70822
70823
70824
70825
70826
70827
70828
70829
70830
70831
70833
70834
70865
70866
70867
70868
70869
70870
70871
70872
70873
70874
70875
70876
70877
70878
70879
70880
70881
70882
70883
70884
70885
70886
70887
70888
70889
70890
70891
70893
70894
70925
70926
70927
70928
70929
70930
70931
70932
70933
70934
70935
70936
70937
70938
70939
70940
70941
70942
70943
70944
70945
70946
70947
70948
70949
70950
70951
70953
70954
70985
70986
70987
70988
70989
70990
70991
70992
70993
70994
70995
70996
70997
70998
70999
71000
71001
71002
71003
71004
71005
71006
71007
71008
71009
71010
71011
71013
71014
71045
71047
71048
71050
71051
71053
71054
71056
71057
71059
71060
71062
71063
71065
71066
71068
71069
71071
71074
71685
71686
71687
71688
71689
71690
71691
71692
71693
71694
71695
71696
71697
71698
71699
71700
71701
71702
71703
71704
71705
71706
71707
71708
71709
71710
71711
71713
71714
71745
71746
71747
71748
71749
71750
71751
71752
71753
71754
71755
71756
71757
71758
71759
71760
71761
71762
71763
71764
71765
71766
71767
71768
71769
71770
71771
71773
71774
71805
71806
71807
71808
71809
71810
71811
71812
71813
71814
71815
71816
71817
71818
71819
71820
71821
71822
71823
71824
71825
71826
71827
71828
71829
71830
71831
71833
71834
71865
71866
71867
71868
71869
71870
71871
71872
71873
71874
71875
71876
71877
71878
71879
71880
71881
71882
71883
71884
71885
71886
71887
71888
71889
71890
71891
71893
71894
71925
71926
71927
71928
71929
71930
71931
71932
71933
71934
71935
71936
71937
71938
71939
71940
71941
71942
71943
71944
71945
71946
71947
71948
71949
71950
71951
71953
71954
71985
71986
71987
71988
71989
71990
71991
71992
71993
71994
71995
71996
71997
71998
71999
72000
72001
72002
72003
72004
72005
72006
72007
72008
72009
72010
72011
72013
72014
72045
72046
72047
72048
72049
72050
72051
72052
72053
72054
72055
72056
72057
72058
72059
72060
72061
72062
72063
72064
72065
72066
72067
72068
72069
72070
72071
72073
72074
72105
72106
72107
72108
72109
72110
72111
72112
72113
72114
72115
72116
72117
72118
72119
72120
72121
72122
72123
72124
72125
72126
72127
72128
72129
72130
72131
72133
72134
72165
72166
72167
72168
72169
72170
72171
72172
72173
72174
72175
72176
72177
72178
72179
72180
72181
72182
72183
72184
72185
72186
72187
72188
72189
72190
72191
72193
72194
72225
72227
72228
72230
72231
72233
72234
72236
72237
72239
72240
72242
72243
72245
72246
72248
72249
72251
72254
72865
72866
72867
72868
72869
72870
72871
72872
72873
72874
72875
72876
72877
72878
72879
72880
72881
72882
72883
72884
72885
72886
72887
72888
72889
72890
72893
72925
72926
72927
72928
72929
72930
72931
72932
72933
72934
72935
72936
72937
72938
72939
72940
72941
72942
72943
72944
72945
72946
72947
72949
72950
72953
72985
72986
72987
72988
72989
72990
72991
72992
72993
72994
72995
72996
72997
72998
72999
73000
73001
73002
73003
73004
73006
73007
73009
73010
73013
73045
73046
73047
73048
73049
73050
73051
73052
73053
73054
73055
73056
73057
73058
73059
73060
73061
73063
73064
73066
73067
73069
73070
73073
73105
73106
73107
73108
73109
73110
73111
73112
73113
73114
73115
73116
73117
73118
73120
73121
73123
73124
73126
73127
73129
73130
73133
73165
73166
73167
73168
73169
73170
73171
73172
73173
73174
73175
73177
73178
73180
73181
73183
73184
73186
73187
73189
73190
73193
73225
73226
73227
73228
73229
73230
73231
73232
73233
73234
73235
73237
73238
73240
73241
73243
73244
73246
73247
73249
73250
73253
73285
73286
73287
73288
73289
73290
73291
73292
73294
73295
73297
73298
73300
73301
73303
73304
73306
73307
73309
73310
73313
73345
73346
73347
73348
73349
73351
73352
73354
73355
73357
73358
73360
73361
73363
73364
73366
73367
73369
73370
73373
73405
73408
73411
73414
73417
73420
73423
73426
73429
74045
74046
74048
74049
74051
74052
74054
74055
74057
74058
74060
74061
74063
74064
74105
74106
74108
74109
74111
74112
74114
74115
74117
74118
74120
74121
74165
74166
74168
74169
74171
74172
74174
74175
74177
74178
74225
74226
74228
74229
74231
74232
74234
74235
74285
74286
74288
74289
74291
74292
74345
74346
74348
74349
74352
74405
74406
74408
74409
74465
74466
122024
122036
122048
122060
122072
122084
122096
122108
122120
122132
122144
122629
122630
122631
122632
122633
122634
122635
122636
122637
122638
122649
122650
122651
122652
122653
122654
122655
122656
122657
122658
122669
122670
122671
122672
122673
122674
122675
122676
122677
122678
122689
122690
122691
122692
122693
122694
122695
122696
122697
122698
122709
122710
122711
122712
122713
122714
122715
122716
122717
122718
122729
122730
122731
122732
122733
122734
122735
122736
122737
122738
122749
122750
122751
122752
122753
122754
122755
122756
122757
122758
122769
122770
122771
122772
122773
122774
122775
122776
122777
122778
122789
122790
122791
122792
122793
122794
122795
122796
122797
122798
122809
122810
122811
122812
122813
122814
122815
122816
122817
122818
122829
122830
122831
122832
122833
122834
122835
122836
122837
122838
-24202
-24622
-25042
-25462
-25882
-26302
-26722
-27142
-27562
-27982
-47966
-47969
-47972
-47975
-47978
-47981
-47984
-47987
-47990
-47993
-48686
-48689
-48692
-48695
-48698
-48701
-48704
-48707
-48710
-48713
-49406
-49409
-49412
-49415
-49418
-49421
-49424
-49427
-49430
-49433
-50126
-50129
-50132
-50135
-50138
-50141
-50144
-50147
-50150
-50153
-50846
-50849
-50852
-50855
-50858
-50861
-50864
-50867
-50870
-50873
-51566
-51569
-51572
-51575
-51578
-51581
-51584
-51587
-51590
-51593
-52286
-52289
-52292
-52295
-52298
-52301
-52304
-52307
-52310
-52313
-53006
-53009
-53012
-53015
-53018
-53021
-53024
-53027
-53030
-53033
-53726
-53729
-53732
-53735
-53738
-53741
-53744
-53747
-53750
-53753
-54446
-54449
-54452
-54455
-54458
-54461
-54464
-54467
-54470
-54473
-8969
-9007
-9043
-9079
-9115
-9151
-9187
-9223
-9259
-9295
-9689
-9727
-9763
-9799
-9835
-9871
-9907
-9943
-9979
-10015
-10409
-10447
-10483
-10519
-10555
-10591
-10627
-10663
-10699
-10735
-11129
-11167
-11203
-11239
-11275
-11311
-11347
-11383
-11419
-11455
-11849
-11887
-11923
-11959
-11995
-12031
-12067
-12103
-12139
-12175
-12569
-12607
-12643
-12679
-12715
-12751
-12787
-12823
-12859
-12895
-13289
-13327
-13363
-13399
-13435
-13471
-13507
-13543
-13579
-13615
-14009
-14047
-14083
-14119
-14155
-14191
-14227
-14263
-14299
-14335
-14729
-14767
-14803
-14839
-14875
-14911
-14947
-14983
-15019
-15055
-15449
-15487
-15523
-15559
-15595
-15631
-15667
-15703
-15739
-15775
-24225
-24645
-25065
-25485
-25905
-26325
-26745
-27165
-27585
-28005
48052
48772
49492
50212
50932
51652
52372
53092
53812
54532
55252
62272
62332
62392
62452
62512
62572
62632
62692
62752
62812
63452
63512
63572
63632
63692
63752
63812
63872
63932
63992
64632
64692
64752
64812
64872
64932
64992
65052
65112
65172
65812
65872
65932
65992
66052
66112
66172
66232
66292
66352
66992
67052
67112
67172
67232
67292
67352
67412
67472
67532
68172
68232
68292
68352
68412
68472
68532
68592
68652
68712
69352
69412
69472
69532
69592
69652
69712
69772
69832
69892
70532
70592
70652
70712
70772
70832
70892
70952
71012
71072
71712
71772
71832
71892
71952
72012
72072
72132
72192
72252
72892
72952
73012
73072
73132
73192
73252
73312
73372
73432
9298
10018
10738
11458
12178
12898
13618
14338
15058
15778
16498
62786
62789
62792
62795
62798
62801
62804
62807
62810
62813
63966
63969
63972
63975
63978
63981
63984
63987
63990
63993
65146
65149
65152
65155
65158
65161
65164
65167
65170
65173
66326
66329
66332
66335
66338
66341
66344
66347
66350
66353
67506
67509
67512
67515
67518
67521
67524
67527
67530
67533
68686
68689
68692
68695
68698
68701
68704
68707
68710
68713
69866
69869
69872
69875
69878
69881
69884
69887
69890
69893
71046
71049
71052
71055
71058
71061
71064
71067
71070
71073
72226
72229
72232
72235
72238
72241
72244
72247
72250
72253
73406
73409
73412
73415
73418
73421
73424
73427
73430
73433
-28402
-55166
-55169
-55172
-55175
-55178
-55181
-55184
-55187
-55190
-55193
-16169
-16207
-16243
-16279
-16315
-16351
-16387
-16423
-16459
-16495
-28425
16174
16211
16247
16283
16319
16355
16391
16427
16463
16499
16500
28427
55226
55229
55232
55235
55238
55241
55244
55247
55250
55251
55253
55254
72891
72894
72948
72951
72954
73005
73008
73011
73014
73062
73065
73068
73071
73074
73119
73122
73125
73128
73131
73134
73176
73179
73182
73185
73188
73191
73194
73236
73239
73242
73245
73248
73251
73254
73293
73296
73299
73302
73305
73308
73311
73314
73350
73353
73356
73359
73362
73365
73368
73371
73374
73407
73410
73413
73416
73419
73422
73425
73428
73431
73434
74047
74050
74053
74056
74059
74062
74065
74066
74067
74068
74107
74110
74113
74116
74119
74122
74123
74124
74125
74167
74170
74173
74176
74179
74180
74181
74182
74227
74230
74233
74236
74237
74238
74239
74287
74290
74293
74294
74295
74296
74347
74350
74351
74353
74407
74410
74411
74412
74413
74467
74468
74469
74470
74525
74526
74527
)


// ************************************************************************* //
