/*--------------------------------*- C++ -*----------------------------------*\
  =========                 |
  \\      /  F ield         | OpenFOAM: The Open Source CFD Toolbox
   \\    /   O peration     | Website:  https://openfoam.org
    \\  /    A nd           | Version:  7
     \\/     M anipulation  |
\*---------------------------------------------------------------------------*/
FoamFile
{
    version     2.0;
    format      ascii;
    class       labelList;
    location    "constant/polyMesh";
    object      pointProcAddressing;
}
// * * * * * * * * * * * * * * * * * * * * * * * * * * * * * * * * * * * * * //


1667
(
3729
3730
3742
3743
3755
3756
3768
3769
3781
3782
3794
3795
3807
3808
3820
3821
3833
3834
3846
3847
3859
3860
3989
3990
4002
4003
4015
4016
4028
4029
4041
4042
4054
4055
4067
4068
4080
4081
4093
4094
4106
4107
4119
4120
4249
4250
4262
4263
4275
4276
4288
4289
4301
4302
4314
4315
4327
4328
4340
4341
4353
4354
4366
4367
4379
4380
4509
4510
4522
4523
4535
4536
4548
4549
4561
4562
4574
4575
4587
4588
4600
4601
4613
4614
4626
4627
4639
4640
4769
4770
4782
4783
4795
4796
4808
4809
4821
4822
4834
4835
4847
4848
4860
4861
4873
4874
4886
4887
4899
4900
5029
5030
5042
5043
5055
5056
5068
5069
5081
5082
5094
5095
5107
5108
5120
5121
5133
5134
5146
5147
5159
5160
5289
5290
5302
5303
5315
5316
5328
5329
5341
5342
5354
5355
5367
5368
5380
5381
5393
5394
5406
5407
5419
5420
5549
5550
5562
5563
5575
5576
5588
5589
5601
5602
5614
5615
5627
5628
5640
5641
5653
5654
5666
5667
5679
5680
5809
5810
5822
5823
5835
5836
5848
5849
5861
5862
5874
5875
5887
5888
5900
5901
5913
5914
5926
5927
5939
5940
6069
6070
6082
6083
6095
6096
6108
6109
6121
6122
6134
6135
6147
6148
6160
6161
6173
6174
6186
6187
6199
6200
6329
6330
6342
6343
6355
6356
6368
6369
6381
6382
6394
6395
6407
6408
6420
6421
6433
6434
6446
6447
6459
6460
6589
6590
6602
6603
6615
6616
6628
6629
6641
6642
6654
6655
6667
6668
6680
6681
6693
6694
6706
6707
6719
6720
9592
9593
9748
9749
9904
9905
10060
10061
10216
10217
10372
10373
10528
10529
10684
10685
10840
10841
10996
10997
11152
11153
11308
11309
18810
18811
18812
18813
18814
18815
18816
18817
18818
18819
18830
18831
18832
18833
18834
18835
18836
18837
18838
18839
19070
19071
19072
19073
19074
19075
19076
19077
19078
19079
19090
19091
19092
19093
19094
19095
19096
19097
19098
19099
19330
19331
19332
19333
19334
19335
19336
19337
19338
19339
19350
19351
19352
19353
19354
19355
19356
19357
19358
19359
19590
19591
19592
19593
19594
19595
19596
19597
19598
19599
19610
19611
19612
19613
19614
19615
19616
19617
19618
19619
19850
19851
19852
19853
19854
19855
19856
19857
19858
19859
19870
19871
19872
19873
19874
19875
19876
19877
19878
19879
20110
20111
20112
20113
20114
20115
20116
20117
20118
20119
20130
20131
20132
20133
20134
20135
20136
20137
20138
20139
20370
20371
20372
20373
20374
20375
20376
20377
20378
20379
20390
20391
20392
20393
20394
20395
20396
20397
20398
20399
20630
20631
20632
20633
20634
20635
20636
20637
20638
20639
20650
20651
20652
20653
20654
20655
20656
20657
20658
20659
20890
20891
20892
20893
20894
20895
20896
20897
20898
20899
20910
20911
20912
20913
20914
20915
20916
20917
20918
20919
21150
21151
21152
21153
21154
21155
21156
21157
21158
21159
21170
21171
21172
21173
21174
21175
21176
21177
21178
21179
21410
21411
21412
21413
21414
21415
21416
21417
21418
21419
21430
21431
21432
21433
21434
21435
21436
21437
21438
21439
21670
21671
21672
21673
21674
21675
21676
21677
21678
21679
21690
21691
21692
21693
21694
21695
21696
21697
21698
21699
24310
24311
24312
24313
24314
24315
24316
24317
24318
24319
24330
24331
24332
24333
24334
24335
24336
24337
24338
24339
24350
24351
24352
24353
24354
24355
24356
24357
24358
24359
24370
24371
24372
24373
24374
24375
24376
24377
24378
24379
24390
24391
24392
24393
24394
24395
24396
24397
24398
24399
24410
24411
24412
24413
24414
24415
24416
24417
24418
24419
24430
24431
24432
24433
24434
24435
24436
24437
24438
24439
24450
24451
24452
24453
24454
24455
24456
24457
24458
24459
24470
24471
24472
24473
24474
24475
24476
24477
24478
24479
24490
24491
24492
24493
24494
24495
24496
24497
24498
24499
24690
24691
24692
24693
24694
24695
24696
24697
24698
24699
24710
24711
24712
24713
24714
24715
24716
24717
24718
24719
24730
24731
24732
24733
24734
24735
24736
24737
24738
24739
24750
24751
24752
24753
24754
24755
24756
24757
24758
24759
24770
24771
24772
24773
24774
24775
24776
24777
24778
24779
24790
24791
24792
24793
24794
24795
24796
24797
24798
24799
24810
24811
24812
24813
24814
24815
24816
24817
24818
24819
24830
24831
24832
24833
24834
24835
24836
24837
24838
24839
24850
24851
24852
24853
24854
24855
24856
24857
24858
24859
24870
24871
24872
24873
24874
24875
24876
24877
24878
24879
25070
25071
25072
25073
25074
25075
25076
25077
25078
25079
25090
25091
25092
25093
25094
25095
25096
25097
25098
25099
25110
25111
25112
25113
25114
25115
25116
25117
25118
25119
25130
25131
25132
25133
25134
25135
25136
25137
25138
25139
25150
25151
25152
25153
25154
25155
25156
25157
25158
25159
25170
25171
25172
25173
25174
25175
25176
25177
25178
25179
25190
25191
25192
25193
25194
25195
25196
25197
25198
25199
25210
25211
25212
25213
25214
25215
25216
25217
25218
25219
25230
25231
25232
25233
25234
25235
25236
25237
25238
25239
25250
25251
25252
25253
25254
25255
25256
25257
25258
25259
25450
25451
25452
25453
25454
25455
25456
25457
25458
25459
25470
25471
25472
25473
25474
25475
25476
25477
25478
25479
25490
25491
25492
25493
25494
25495
25496
25497
25498
25499
25510
25511
25512
25513
25514
25515
25516
25517
25518
25519
25530
25531
25532
25533
25534
25535
25536
25537
25538
25539
25550
25551
25552
25553
25554
25555
25556
25557
25558
25559
25570
25571
25572
25573
25574
25575
25576
25577
25578
25579
25590
25591
25592
25593
25594
25595
25596
25597
25598
25599
25610
25611
25612
25613
25614
25615
25616
25617
25618
25619
25630
25631
25632
25633
25634
25635
25636
25637
25638
25639
25830
25831
25832
25833
25834
25835
25836
25837
25838
25839
25850
25851
25852
25853
25854
25855
25856
25857
25858
25859
25870
25871
25872
25873
25874
25875
25876
25877
25878
25879
25890
25891
25892
25893
25894
25895
25896
25897
25898
25899
25910
25911
25912
25913
25914
25915
25916
25917
25918
25919
25930
25931
25932
25933
25934
25935
25936
25937
25938
25939
25950
25951
25952
25953
25954
25955
25956
25957
25958
25959
25970
25971
25972
25973
25974
25975
25976
25977
25978
25979
25990
25991
25992
25993
25994
25995
25996
25997
25998
25999
26010
26011
26012
26013
26014
26015
26016
26017
26018
26019
26210
26211
26212
26213
26214
26215
26216
26217
26218
26219
26230
26231
26232
26233
26234
26235
26236
26237
26238
26239
26250
26251
26252
26253
26254
26255
26256
26257
26258
26259
26270
26271
26272
26273
26274
26275
26276
26277
26278
26279
26290
26291
26292
26293
26294
26295
26296
26297
26298
26299
26310
26311
26312
26313
26314
26315
26316
26317
26318
26319
26330
26331
26332
26333
26334
26335
26336
26337
26338
26339
26350
26351
26352
26353
26354
26355
26356
26357
26358
26359
26370
26371
26372
26373
26374
26375
26376
26377
26378
26379
26390
26391
26392
26393
26394
26395
26396
26397
26398
26399
26590
26591
26592
26593
26594
26595
26596
26597
26598
26599
26610
26611
26612
26613
26614
26615
26616
26617
26618
26619
26630
26631
26632
26633
26634
26635
26636
26637
26638
26639
26650
26651
26652
26653
26654
26655
26656
26657
26658
26659
26670
26671
26672
26673
26674
26675
26676
26677
26678
26679
26690
26691
26692
26693
26694
26695
26696
26697
26698
26699
26710
26711
26712
26713
26714
26715
26716
26717
26718
26719
26730
26731
26732
26733
26734
26735
26736
26737
26738
26739
26750
26751
26752
26753
26754
26755
26756
26757
26758
26759
26770
26771
26772
26773
26774
26775
26776
26777
26778
26779
26970
26971
26972
26973
26974
26975
26976
26977
26978
26979
26990
26991
26992
26993
26994
26995
26996
26997
26998
26999
27010
27011
27012
27013
27014
27015
27016
27017
27018
27019
27030
27031
27032
27033
27034
27035
27036
27037
27038
27039
27050
27051
27052
27053
27054
27055
27056
27057
27058
27059
27070
27071
27072
27073
27074
27075
27076
27077
27078
27079
27090
27091
27092
27093
27094
27095
27096
27097
27098
27099
27110
27111
27112
27113
27114
27115
27116
27117
27118
27119
27130
27131
27132
27133
27134
27135
27136
27137
27138
27139
27150
27151
27152
27153
27154
27155
27156
27157
27158
27159
27350
27351
27352
27353
27354
27355
27356
27357
27358
27359
27370
27371
27372
27373
27374
27375
27376
27377
27378
27379
27390
27391
27392
27393
27394
27395
27396
27397
27398
27399
27410
27411
27412
27413
27414
27415
27416
27417
27418
27419
27430
27431
27432
27433
27434
27435
27436
27437
27438
27439
27450
27451
27452
27453
27454
27455
27456
27457
27458
27459
27470
27471
27472
27473
27474
27475
27476
27477
27478
27479
27490
27491
27492
27493
27494
27495
27496
27497
27498
27499
27510
27511
27512
27513
27514
27515
27516
27517
27518
27519
27530
27531
27532
27533
27534
27535
27536
27537
27538
27539
27730
27731
27732
27733
27734
27735
27736
27737
27738
27739
27750
27751
27752
27753
27754
27755
27756
27757
27758
27759
27770
27771
27772
27773
27774
27775
27776
27777
27778
27779
27790
27791
27792
27793
27794
27795
27796
27797
27798
27799
27810
27811
27812
27813
27814
27815
27816
27817
27818
27819
27830
27831
27832
27833
27834
27835
27836
27837
27838
27839
27850
27851
27852
27853
27854
27855
27856
27857
27858
27859
27870
27871
27872
27873
27874
27875
27876
27877
27878
27879
27890
27891
27892
27893
27894
27895
27896
27897
27898
27899
27910
27911
27912
27913
27914
27915
27916
27917
27918
27919
28110
28111
28112
28113
28114
28115
28116
28117
28118
28119
28130
28131
28132
28133
28134
28135
28136
28137
28138
28139
28150
28151
28152
28153
28154
28155
28156
28157
28158
28159
28170
28171
28172
28173
28174
28175
28176
28177
28178
28179
28190
28191
28192
28193
28194
28195
28196
28197
28198
28199
28210
28211
28212
28213
28214
28215
28216
28217
28218
28219
28230
28231
28232
28233
28234
28235
28236
28237
28238
28239
28250
28251
28252
28253
28254
28255
28256
28257
28258
28259
28270
28271
28272
28273
28274
28275
28276
28277
28278
28279
28290
28291
28292
28293
28294
28295
28296
28297
28298
28299
28490
28491
28492
28493
28494
28495
28496
28497
28510
28511
28512
28513
28514
28515
28516
28530
28531
28532
28533
28534
28535
28550
28551
28552
28553
28554
28570
28571
28572
28573
28590
28591
28592
28610
28611
28612
28630
28631
28650
)


// ************************************************************************* //
