/*--------------------------------*- C++ -*----------------------------------*\
  =========                 |
  \\      /  F ield         | OpenFOAM: The Open Source CFD Toolbox
   \\    /   O peration     | Website:  https://openfoam.org
    \\  /    A nd           | Version:  7
     \\/     M anipulation  |
\*---------------------------------------------------------------------------*/
FoamFile
{
    version     2.0;
    format      ascii;
    class       labelList;
    location    "constant/polyMesh";
    object      cellProcAddressing;
}
// * * * * * * * * * * * * * * * * * * * * * * * * * * * * * * * * * * * * * //


1271
(
31031
31042
31043
31053
31054
31055
31064
31065
31066
31067
31075
31076
31077
31078
31079
31086
31087
31088
31089
31090
31091
31098
31099
31100
31101
31102
31103
31109
31110
31111
31112
31113
31114
31115
31120
31121
31122
31123
31124
31125
31126
31127
31131
31132
31133
31134
31135
31136
31137
31138
31139
31142
31143
31144
31145
31146
31147
31148
31149
31150
31151
31165
31166
31167
31168
31169
31170
31171
31172
31173
31174
31175
31177
31178
31179
31180
31181
31182
31183
31184
31185
31186
31187
31189
31190
31191
31192
31193
31194
31195
31196
31197
31198
31199
31201
31202
31203
31204
31205
31206
31207
31208
31209
31210
31211
31213
31214
31215
31216
31217
31218
31219
31220
31221
31222
31223
31225
31226
31227
31228
31229
31230
31231
31232
31233
31234
31235
31237
31238
31239
31240
31241
31242
31243
31244
31245
31246
31247
31249
31250
31251
31252
31253
31254
31255
31256
31257
31258
31259
31261
31262
31263
31264
31265
31266
31267
31268
31269
31270
31271
31273
31274
31275
31276
31277
31278
31279
31280
31281
31282
31283
31285
31286
31287
31288
31289
31290
31291
31292
31293
31294
31295
31309
31310
31311
31312
31313
31314
31315
31316
31317
31318
31319
31321
31322
31323
31324
31325
31326
31327
31328
31329
31330
31331
31333
31334
31335
31336
31337
31338
31339
31340
31341
31342
31343
31345
31346
31347
31348
31349
31350
31351
31352
31353
31354
31355
31357
31358
31359
31360
31361
31362
31363
31364
31365
31366
31367
31369
31370
31371
31372
31373
31374
31375
31376
31377
31378
31379
31381
31382
31383
31384
31385
31386
31387
31388
31389
31390
31391
31393
31394
31395
31396
31397
31398
31399
31400
31401
31402
31403
31405
31406
31407
31408
31409
31410
31411
31412
31413
31414
31415
31417
31418
31419
31420
31421
31422
31423
31424
31425
31426
31427
31429
31430
31431
31432
31433
31434
31435
31436
31437
31438
31439
31453
31454
31455
31456
31457
31458
31459
31460
31461
31462
31463
31465
31466
31467
31468
31469
31470
31471
31472
31473
31474
31475
31477
31478
31479
31480
31481
31482
31483
31484
31485
31486
31487
31489
31490
31491
31492
31493
31494
31495
31496
31497
31498
31499
31501
31502
31503
31504
31505
31506
31507
31508
31509
31510
31511
31513
31514
31515
31516
31517
31518
31519
31520
31521
31522
31523
31525
31526
31527
31528
31529
31530
31531
31532
31533
31534
31535
31537
31538
31539
31540
31541
31542
31543
31544
31545
31546
31547
31549
31550
31551
31552
31553
31554
31555
31556
31557
31558
31559
31561
31562
31563
31564
31565
31566
31567
31568
31569
31570
31571
31573
31574
31575
31576
31577
31578
31579
31580
31581
31582
31583
31597
31598
31599
31600
31601
31602
31603
31604
31605
31606
31607
31609
31610
31611
31612
31613
31614
31615
31616
31617
31618
31619
31621
31622
31623
31624
31625
31626
31627
31628
31629
31630
31631
31633
31634
31635
31636
31637
31638
31639
31640
31641
31642
31643
31645
31646
31647
31648
31649
31650
31651
31652
31653
31654
31655
31657
31658
31659
31660
31661
31662
31663
31664
31665
31666
31667
31669
31670
31671
31672
31673
31674
31675
31676
31677
31678
31679
31681
31682
31683
31684
31685
31686
31687
31688
31689
31690
31691
31693
31694
31695
31696
31697
31698
31699
31700
31701
31702
31703
31705
31706
31707
31708
31709
31710
31711
31712
31713
31714
31715
31717
31718
31719
31720
31721
31722
31723
31724
31725
31726
31727
31741
31742
31743
31744
31745
31746
31747
31748
31749
31750
31751
31753
31754
31755
31756
31757
31758
31759
31760
31761
31762
31763
31765
31766
31767
31768
31769
31770
31771
31772
31773
31774
31775
31777
31778
31779
31780
31781
31782
31783
31784
31785
31786
31787
31789
31790
31791
31792
31793
31794
31795
31796
31797
31798
31799
31801
31802
31803
31804
31805
31806
31807
31808
31809
31810
31811
31813
31814
31815
31816
31817
31818
31819
31820
31821
31822
31823
31825
31826
31827
31828
31829
31830
31831
31832
31833
31834
31835
31837
31838
31839
31840
31841
31842
31843
31844
31845
31846
31847
31849
31850
31851
31852
31853
31854
31855
31856
31857
31858
31859
31861
31862
31863
31864
31865
31866
31867
31868
31869
31870
31871
31885
31886
31887
31888
31889
31890
31891
31892
31893
31894
31895
31897
31898
31899
31900
31901
31902
31903
31904
31905
31906
31907
31909
31910
31911
31912
31913
31914
31915
31916
31917
31918
31919
31921
31922
31923
31924
31925
31926
31927
31928
31929
31930
31931
31933
31934
31935
31936
31937
31938
31939
31940
31941
31942
31943
31945
31946
31947
31948
31949
31950
31951
31952
31953
31954
31955
31957
31958
31959
31960
31961
31962
31963
31964
31965
31966
31967
31969
31970
31971
31972
31973
31974
31975
31976
31977
31978
31979
31981
31982
31983
31984
31985
31986
31987
31988
31989
31990
31991
31993
31994
31995
31996
31997
31998
31999
32000
32001
32002
32003
32005
32006
32007
32008
32009
32010
32011
32012
32013
32014
32015
32029
32030
32031
32032
32033
32034
32035
32036
32037
32038
32039
32041
32042
32043
32044
32045
32046
32047
32048
32049
32050
32051
32053
32054
32055
32056
32057
32058
32059
32060
32061
32062
32063
32065
32066
32067
32068
32069
32070
32071
32072
32073
32074
32075
32077
32078
32079
32080
32081
32082
32083
32084
32085
32086
32087
32089
32090
32091
32092
32093
32094
32095
32096
32097
32098
32099
32101
32102
32103
32104
32105
32106
32107
32108
32109
32110
32111
32113
32114
32115
32116
32117
32118
32119
32120
32121
32122
32123
32125
32126
32127
32128
32129
32130
32131
32132
32133
32134
32135
32137
32138
32139
32140
32141
32142
32143
32144
32145
32146
32147
32149
32150
32151
32152
32153
32154
32155
32156
32157
32158
32159
32173
32174
32175
32176
32177
32178
32179
32180
32181
32182
32183
32185
32186
32187
32188
32189
32190
32191
32192
32193
32194
32195
32197
32198
32199
32200
32201
32202
32203
32204
32205
32206
32207
32209
32210
32211
32212
32213
32214
32215
32216
32217
32218
32219
32221
32222
32223
32224
32225
32226
32227
32228
32229
32230
32231
32233
32234
32235
32236
32237
32238
32239
32240
32241
32242
32243
32245
32246
32247
32248
32249
32250
32251
32252
32253
32254
32255
32257
32258
32259
32260
32261
32262
32263
32264
32265
32266
32267
32269
32270
32271
32272
32273
32274
32275
32276
32277
32278
32279
32281
32282
32283
32284
32285
32286
32287
32288
32289
32290
32291
32293
32294
32295
32296
32297
32298
32299
32300
32301
32302
32303
32317
32318
32319
32320
32321
32322
32323
32324
32325
32326
32327
32329
32330
32331
32332
32333
32334
32335
32336
32337
32338
32339
32341
32342
32343
32344
32345
32346
32347
32348
32349
32350
32351
32353
32354
32355
32356
32357
32358
32359
32360
32361
32362
32363
32365
32366
32367
32368
32369
32370
32371
32372
32373
32374
32375
32377
32378
32379
32380
32381
32382
32383
32384
32385
32386
32387
32389
32390
32391
32392
32393
32394
32395
32396
32397
32398
32399
32401
32402
32403
32404
32405
32406
32407
32408
32409
32410
32411
32413
32414
32415
32416
32417
32418
32419
32420
32421
32422
32423
32425
32426
32427
32428
32429
32430
32431
32432
32433
32434
32435
32437
32438
32439
32440
32441
32442
32443
32444
32445
32446
32447
32461
32462
32463
32464
32465
32466
32467
32468
32469
32470
32471
32473
32474
32475
32476
32477
32478
32479
32480
32481
32482
32483
32485
32486
32487
32488
32489
32490
32491
32492
32493
32494
32495
32497
32498
32499
32500
32501
32502
32503
32504
32505
32506
32507
32509
32510
32511
32512
32513
32514
32515
32516
32517
32518
32519
32521
32522
32523
32524
32525
32526
32527
32528
32529
32530
32531
32533
32534
32535
32536
32537
32538
32539
32540
32541
32542
32543
32545
32546
32547
32548
32549
32550
32551
32552
32553
32554
32555
32557
32558
32559
32560
32561
32562
32563
32564
32565
32566
32567
32569
32570
32571
32572
32573
32574
32575
32576
32577
32578
32579
32581
32582
32583
32584
32585
32586
32587
32588
32589
32590
32591
)


// ************************************************************************* //
