/*--------------------------------*- C++ -*----------------------------------*\
  =========                 |
  \\      /  F ield         | OpenFOAM: The Open Source CFD Toolbox
   \\    /   O peration     | Website:  https://openfoam.org
    \\  /    A nd           | Version:  7
     \\/     M anipulation  |
\*---------------------------------------------------------------------------*/
FoamFile
{
    version     2.0;
    format      ascii;
    class       labelList;
    location    "constant/polyMesh";
    object      cellProcAddressing;
}
// * * * * * * * * * * * * * * * * * * * * * * * * * * * * * * * * * * * * * //


1270
(
11
155
299
443
587
731
875
1019
1163
1307
1451
3155
3167
3179
3191
3203
3215
3227
3239
3251
3263
3395
3407
3419
3431
3443
3455
3467
3479
3491
3503
3635
3647
3659
3671
3683
3695
3707
3719
3731
3743
3875
3887
3899
3911
3923
3935
3947
3959
3971
3983
4115
4127
4139
4151
4163
4175
4187
4199
4211
4223
4355
4367
4379
4391
4403
4415
4427
4439
4451
4463
4595
4607
4619
4631
4643
4655
4667
4679
4691
4703
4835
4847
4859
4871
4883
4895
4907
4919
4931
4943
5075
5087
5099
5111
5123
5135
5147
5159
5171
5183
5315
5327
5339
5351
5363
5375
5387
5399
5411
5423
5555
5567
5579
5591
5603
5615
5627
5639
5651
5663
11088
11089
11090
11091
11092
11093
11094
11095
11096
11097
11328
11329
11330
11331
11332
11333
11334
11335
11336
11337
11568
11569
11570
11571
11572
11573
11574
11575
11576
11577
11808
11809
11810
11811
11812
11813
11814
11815
11816
11817
12048
12049
12050
12051
12052
12053
12054
12055
12056
12057
12288
12289
12290
12291
12292
12293
12294
12295
12296
12297
12528
12529
12530
12531
12532
12533
12534
12535
12536
12537
12768
12769
12770
12771
12772
12773
12774
12775
12776
12777
13008
13009
13010
13011
13012
13013
13014
13015
13016
13017
13248
13249
13250
13251
13252
13253
13254
13255
13256
13257
21368
21369
21370
21371
21372
21373
21374
21375
21376
21377
21388
21389
21390
21391
21392
21393
21394
21395
21396
21397
21408
21409
21410
21411
21412
21413
21414
21415
21416
21417
21428
21429
21430
21431
21432
21433
21434
21435
21436
21437
21448
21449
21450
21451
21452
21453
21454
21455
21456
21457
21468
21469
21470
21471
21472
21473
21474
21475
21476
21477
21488
21489
21490
21491
21492
21493
21494
21495
21496
21497
21508
21509
21510
21511
21512
21513
21514
21515
21516
21517
21528
21529
21530
21531
21532
21533
21534
21535
21536
21537
21548
21549
21550
21551
21552
21553
21554
21555
21556
21557
21768
21769
21770
21771
21772
21773
21774
21775
21776
21777
21788
21789
21790
21791
21792
21793
21794
21795
21796
21797
21808
21809
21810
21811
21812
21813
21814
21815
21816
21817
21828
21829
21830
21831
21832
21833
21834
21835
21836
21837
21848
21849
21850
21851
21852
21853
21854
21855
21856
21857
21868
21869
21870
21871
21872
21873
21874
21875
21876
21877
21888
21889
21890
21891
21892
21893
21894
21895
21896
21897
21908
21909
21910
21911
21912
21913
21914
21915
21916
21917
21928
21929
21930
21931
21932
21933
21934
21935
21936
21937
21948
21949
21950
21951
21952
21953
21954
21955
21956
21957
22168
22169
22170
22171
22172
22173
22174
22175
22176
22177
22188
22189
22190
22191
22192
22193
22194
22195
22196
22197
22208
22209
22210
22211
22212
22213
22214
22215
22216
22217
22228
22229
22230
22231
22232
22233
22234
22235
22236
22237
22248
22249
22250
22251
22252
22253
22254
22255
22256
22257
22268
22269
22270
22271
22272
22273
22274
22275
22276
22277
22288
22289
22290
22291
22292
22293
22294
22295
22296
22297
22308
22309
22310
22311
22312
22313
22314
22315
22316
22317
22328
22329
22330
22331
22332
22333
22334
22335
22336
22337
22348
22349
22350
22351
22352
22353
22354
22355
22356
22357
22568
22569
22570
22571
22572
22573
22574
22575
22576
22577
22588
22589
22590
22591
22592
22593
22594
22595
22596
22597
22608
22609
22610
22611
22612
22613
22614
22615
22616
22617
22628
22629
22630
22631
22632
22633
22634
22635
22636
22637
22648
22649
22650
22651
22652
22653
22654
22655
22656
22657
22668
22669
22670
22671
22672
22673
22674
22675
22676
22677
22688
22689
22690
22691
22692
22693
22694
22695
22696
22697
22708
22709
22710
22711
22712
22713
22714
22715
22716
22717
22728
22729
22730
22731
22732
22733
22734
22735
22736
22737
22748
22749
22750
22751
22752
22753
22754
22755
22756
22757
22968
22969
22970
22971
22972
22973
22974
22975
22976
22977
22988
22989
22990
22991
22992
22993
22994
22995
22996
22997
23008
23009
23010
23011
23012
23013
23014
23015
23016
23017
23028
23029
23030
23031
23032
23033
23034
23035
23036
23037
23048
23049
23050
23051
23052
23053
23054
23055
23056
23057
23068
23069
23070
23071
23072
23073
23074
23075
23076
23077
23088
23089
23090
23091
23092
23093
23094
23095
23096
23097
23108
23109
23110
23111
23112
23113
23114
23115
23116
23117
23128
23129
23130
23131
23132
23133
23134
23135
23136
23137
23148
23149
23150
23151
23152
23153
23154
23155
23156
23157
23368
23369
23370
23371
23372
23373
23374
23375
23376
23377
23388
23389
23390
23391
23392
23393
23394
23395
23396
23397
23408
23409
23410
23411
23412
23413
23414
23415
23416
23417
23428
23429
23430
23431
23432
23433
23434
23435
23436
23437
23448
23449
23450
23451
23452
23453
23454
23455
23456
23457
23468
23469
23470
23471
23472
23473
23474
23475
23476
23477
23488
23489
23490
23491
23492
23493
23494
23495
23496
23497
23508
23509
23510
23511
23512
23513
23514
23515
23516
23517
23528
23529
23530
23531
23532
23533
23534
23535
23536
23537
23548
23549
23550
23551
23552
23553
23554
23555
23556
23557
23768
23769
23770
23771
23772
23773
23774
23775
23776
23777
23788
23789
23790
23791
23792
23793
23794
23795
23796
23797
23808
23809
23810
23811
23812
23813
23814
23815
23816
23817
23828
23829
23830
23831
23832
23833
23834
23835
23836
23837
23848
23849
23850
23851
23852
23853
23854
23855
23856
23857
23868
23869
23870
23871
23872
23873
23874
23875
23876
23877
23888
23889
23890
23891
23892
23893
23894
23895
23896
23897
23908
23909
23910
23911
23912
23913
23914
23915
23916
23917
23928
23929
23930
23931
23932
23933
23934
23935
23936
23937
23948
23949
23950
23951
23952
23953
23954
23955
23956
23957
24168
24169
24170
24171
24172
24173
24174
24175
24176
24177
24188
24189
24190
24191
24192
24193
24194
24195
24196
24197
24208
24209
24210
24211
24212
24213
24214
24215
24216
24217
24228
24229
24230
24231
24232
24233
24234
24235
24236
24237
24248
24249
24250
24251
24252
24253
24254
24255
24256
24257
24268
24269
24270
24271
24272
24273
24274
24275
24276
24277
24288
24289
24290
24291
24292
24293
24294
24295
24296
24297
24308
24309
24310
24311
24312
24313
24314
24315
24316
24317
24328
24329
24330
24331
24332
24333
24334
24335
24336
24337
24348
24349
24350
24351
24352
24353
24354
24355
24356
24357
24568
24569
24570
24571
24572
24573
24574
24575
24576
24577
24588
24589
24590
24591
24592
24593
24594
24595
24596
24597
24608
24609
24610
24611
24612
24613
24614
24615
24616
24617
24628
24629
24630
24631
24632
24633
24634
24635
24636
24637
24648
24649
24650
24651
24652
24653
24654
24655
24656
24657
24668
24669
24670
24671
24672
24673
24674
24675
24676
24677
24688
24689
24690
24691
24692
24693
24694
24695
24696
24697
24708
24709
24710
24711
24712
24713
24714
24715
24716
24717
24728
24729
24730
24731
24732
24733
24734
24735
24736
24737
24748
24749
24750
24751
24752
24753
24754
24755
24756
24757
24968
24969
24970
24971
24972
24973
24974
24975
24976
24977
24988
24989
24990
24991
24992
24993
24994
24995
24996
24997
25008
25009
25010
25011
25012
25013
25014
25015
25016
25017
25028
25029
25030
25031
25032
25033
25034
25035
25036
25037
25048
25049
25050
25051
25052
25053
25054
25055
25056
25057
25068
25069
25070
25071
25072
25073
25074
25075
25076
25077
25088
25089
25090
25091
25092
25093
25094
25095
25096
25097
25108
25109
25110
25111
25112
25113
25114
25115
25116
25117
25128
25129
25130
25131
25132
25133
25134
25135
25136
25137
25148
25149
25150
25151
25152
25153
25154
25155
25156
25157
25368
25369
25370
25371
25372
25373
25374
25375
25376
25388
25389
25390
25391
25392
25393
25394
25395
25408
25409
25410
25411
25412
25413
25414
25428
25429
25430
25431
25432
25433
25448
25449
25450
25451
25452
25468
25469
25470
25471
25488
25489
25490
25491
25508
25509
25510
25528
25529
25548
)


// ************************************************************************* //
