/*--------------------------------*- C++ -*----------------------------------*\
  =========                 |
  \\      /  F ield         | OpenFOAM: The Open Source CFD Toolbox
   \\    /   O peration     | Website:  https://openfoam.org
    \\  /    A nd           | Version:  7
     \\/     M anipulation  |
\*---------------------------------------------------------------------------*/
FoamFile
{
    version     2.0;
    format      ascii;
    class       labelList;
    location    "constant/polyMesh";
    object      faceProcAddressing;
}
// * * * * * * * * * * * * * * * * * * * * * * * * * * * * * * * * * * * * * //


4172
(
46
47
48
478
479
480
910
911
912
1342
1343
1344
1774
1775
1776
2206
2207
2208
2638
2639
2640
3070
3071
3072
3502
3503
3504
3934
3935
3936
4367
9334
9335
9336
9370
9371
9372
9406
9407
9408
9442
9443
9444
9478
9479
9480
9514
9515
9516
9550
9551
9552
9586
9587
9588
9622
9623
9624
9647
9648
10054
10055
10056
10090
10091
10092
10126
10127
10128
10162
10163
10164
10198
10199
10200
10234
10235
10236
10270
10271
10272
10306
10307
10308
10342
10343
10344
10367
10368
10774
10775
10776
10810
10811
10812
10846
10847
10848
10882
10883
10884
10918
10919
10920
10954
10955
10956
10990
10991
10992
11026
11027
11028
11062
11063
11064
11087
11088
11494
11495
11496
11530
11531
11532
11566
11567
11568
11602
11603
11604
11638
11639
11640
11674
11675
11676
11710
11711
11712
11746
11747
11748
11782
11783
11784
11807
11808
12214
12215
12216
12250
12251
12252
12286
12287
12288
12322
12323
12324
12358
12359
12360
12394
12395
12396
12430
12431
12432
12466
12467
12468
12502
12503
12504
12527
12528
12934
12935
12936
12970
12971
12972
13006
13007
13008
13042
13043
13044
13078
13079
13080
13114
13115
13116
13150
13151
13152
13186
13187
13188
13222
13223
13224
13247
13248
13654
13655
13656
13690
13691
13692
13726
13727
13728
13762
13763
13764
13798
13799
13800
13834
13835
13836
13870
13871
13872
13906
13907
13908
13942
13943
13944
13967
13968
14374
14375
14376
14410
14411
14412
14446
14447
14448
14482
14483
14484
14518
14519
14520
14554
14555
14556
14590
14591
14592
14626
14627
14628
14662
14663
14664
14687
14688
15094
15095
15096
15130
15131
15132
15166
15167
15168
15202
15203
15204
15238
15239
15240
15274
15275
15276
15310
15311
15312
15346
15347
15348
15382
15383
15384
15407
15408
15814
15815
15816
15850
15851
15852
15886
15887
15888
15922
15923
15924
15958
15959
15960
15994
15995
15996
16030
16031
16032
16066
16067
16068
16102
16103
16104
16127
16128
16534
16536
16570
16572
16606
16608
16642
16644
16678
16680
16714
16716
16750
16752
16786
16788
16822
16824
16848
32485
32487
32488
32489
32491
32492
32493
32495
32496
32497
32499
32500
32501
32503
32504
32505
32507
32508
32509
32511
32512
32513
32515
32516
32517
32519
32520
32523
32524
33205
33207
33208
33209
33211
33212
33213
33215
33216
33217
33219
33220
33221
33223
33224
33225
33227
33228
33229
33231
33232
33233
33235
33236
33237
33239
33240
33243
33244
33925
33927
33928
33929
33931
33932
33933
33935
33936
33937
33939
33940
33941
33943
33944
33945
33947
33948
33949
33951
33952
33953
33955
33956
33957
33959
33960
33963
33964
34645
34647
34648
34649
34651
34652
34653
34655
34656
34657
34659
34660
34661
34663
34664
34665
34667
34668
34669
34671
34672
34673
34675
34676
34677
34679
34680
34683
34684
35365
35367
35368
35369
35371
35372
35373
35375
35376
35377
35379
35380
35381
35383
35384
35385
35387
35388
35389
35391
35392
35393
35395
35396
35397
35399
35400
35403
35404
36085
36087
36088
36089
36091
36092
36093
36095
36096
36097
36099
36100
36101
36103
36104
36105
36107
36108
36109
36111
36112
36113
36115
36116
36117
36119
36120
36123
36124
36805
36807
36808
36809
36811
36812
36813
36815
36816
36817
36819
36820
36821
36823
36824
36825
36827
36828
36829
36831
36832
36833
36835
36836
36837
36839
36840
36843
36844
37525
37527
37528
37529
37531
37532
37533
37535
37536
37537
37539
37540
37541
37543
37544
37545
37547
37548
37549
37551
37552
37553
37555
37556
37557
37559
37560
37563
37564
38245
38247
38248
38249
38251
38252
38253
38255
38256
38257
38259
38260
38261
38263
38264
38265
38267
38268
38269
38271
38272
38273
38275
38276
38277
38279
38280
38283
38284
38965
38968
38969
38972
38973
38976
38977
38980
38981
38984
38985
38988
38989
38992
38993
38996
38997
39000
39004
62845
62846
62847
62848
62849
62850
62851
62852
62853
62854
62855
62856
62857
62858
62859
62860
62861
62862
62863
62864
62865
62866
62867
62868
62869
62870
62871
62873
62874
62905
62906
62907
62908
62909
62910
62911
62912
62913
62914
62915
62916
62917
62918
62919
62920
62921
62922
62923
62924
62925
62926
62927
62928
62929
62930
62931
62933
62934
62965
62966
62967
62968
62969
62970
62971
62972
62973
62974
62975
62976
62977
62978
62979
62980
62981
62982
62983
62984
62985
62986
62987
62988
62989
62990
62991
62993
62994
63025
63026
63027
63028
63029
63030
63031
63032
63033
63034
63035
63036
63037
63038
63039
63040
63041
63042
63043
63044
63045
63046
63047
63048
63049
63050
63051
63053
63054
63085
63086
63087
63088
63089
63090
63091
63092
63093
63094
63095
63096
63097
63098
63099
63100
63101
63102
63103
63104
63105
63106
63107
63108
63109
63110
63111
63113
63114
63145
63146
63147
63148
63149
63150
63151
63152
63153
63154
63155
63156
63157
63158
63159
63160
63161
63162
63163
63164
63165
63166
63167
63168
63169
63170
63171
63173
63174
63205
63206
63207
63208
63209
63210
63211
63212
63213
63214
63215
63216
63217
63218
63219
63220
63221
63222
63223
63224
63225
63226
63227
63228
63229
63230
63231
63233
63234
63265
63266
63267
63268
63269
63270
63271
63272
63273
63274
63275
63276
63277
63278
63279
63280
63281
63282
63283
63284
63285
63286
63287
63288
63289
63290
63291
63293
63294
63325
63326
63327
63328
63329
63330
63331
63332
63333
63334
63335
63336
63337
63338
63339
63340
63341
63342
63343
63344
63345
63346
63347
63348
63349
63350
63351
63353
63354
63385
63386
63387
63388
63389
63390
63391
63392
63393
63394
63395
63396
63397
63398
63399
63400
63401
63402
63404
64025
64026
64027
64028
64029
64030
64031
64032
64033
64034
64035
64036
64037
64038
64039
64040
64041
64042
64043
64044
64045
64046
64047
64048
64049
64050
64051
64053
64054
64085
64086
64087
64088
64089
64090
64091
64092
64093
64094
64095
64096
64097
64098
64099
64100
64101
64102
64103
64104
64105
64106
64107
64108
64109
64110
64111
64113
64114
64145
64146
64147
64148
64149
64150
64151
64152
64153
64154
64155
64156
64157
64158
64159
64160
64161
64162
64163
64164
64165
64166
64167
64168
64169
64170
64171
64173
64174
64205
64206
64207
64208
64209
64210
64211
64212
64213
64214
64215
64216
64217
64218
64219
64220
64221
64222
64223
64224
64225
64226
64227
64228
64229
64230
64231
64233
64234
64265
64266
64267
64268
64269
64270
64271
64272
64273
64274
64275
64276
64277
64278
64279
64280
64281
64282
64283
64284
64285
64286
64287
64288
64289
64290
64291
64293
64294
64325
64326
64327
64328
64329
64330
64331
64332
64333
64334
64335
64336
64337
64338
64339
64340
64341
64342
64343
64344
64345
64346
64347
64348
64349
64350
64351
64353
64354
64385
64386
64387
64388
64389
64390
64391
64392
64393
64394
64395
64396
64397
64398
64399
64400
64401
64402
64403
64404
64405
64406
64407
64408
64409
64410
64411
64413
64414
64445
64446
64447
64448
64449
64450
64451
64452
64453
64454
64455
64456
64457
64458
64459
64460
64461
64462
64463
64464
64465
64466
64467
64468
64469
64470
64471
64473
64474
64505
64506
64507
64508
64509
64510
64511
64512
64513
64514
64515
64516
64517
64518
64519
64520
64521
64522
64523
64524
64525
64526
64527
64528
64529
64530
64531
64533
64534
64565
64566
64567
64568
64569
64570
64571
64572
64573
64574
64575
64576
64577
64578
64579
64580
64581
64582
64584
65205
65206
65207
65208
65209
65210
65211
65212
65213
65214
65215
65216
65217
65218
65219
65220
65221
65222
65223
65224
65225
65226
65227
65228
65229
65230
65231
65233
65234
65265
65266
65267
65268
65269
65270
65271
65272
65273
65274
65275
65276
65277
65278
65279
65280
65281
65282
65283
65284
65285
65286
65287
65288
65289
65290
65291
65293
65294
65325
65326
65327
65328
65329
65330
65331
65332
65333
65334
65335
65336
65337
65338
65339
65340
65341
65342
65343
65344
65345
65346
65347
65348
65349
65350
65351
65353
65354
65385
65386
65387
65388
65389
65390
65391
65392
65393
65394
65395
65396
65397
65398
65399
65400
65401
65402
65403
65404
65405
65406
65407
65408
65409
65410
65411
65413
65414
65445
65446
65447
65448
65449
65450
65451
65452
65453
65454
65455
65456
65457
65458
65459
65460
65461
65462
65463
65464
65465
65466
65467
65468
65469
65470
65471
65473
65474
65505
65506
65507
65508
65509
65510
65511
65512
65513
65514
65515
65516
65517
65518
65519
65520
65521
65522
65523
65524
65525
65526
65527
65528
65529
65530
65531
65533
65534
65565
65566
65567
65568
65569
65570
65571
65572
65573
65574
65575
65576
65577
65578
65579
65580
65581
65582
65583
65584
65585
65586
65587
65588
65589
65590
65591
65593
65594
65625
65626
65627
65628
65629
65630
65631
65632
65633
65634
65635
65636
65637
65638
65639
65640
65641
65642
65643
65644
65645
65646
65647
65648
65649
65650
65651
65653
65654
65685
65686
65687
65688
65689
65690
65691
65692
65693
65694
65695
65696
65697
65698
65699
65700
65701
65702
65703
65704
65705
65706
65707
65708
65709
65710
65711
65713
65714
65745
65746
65747
65748
65749
65750
65751
65752
65753
65754
65755
65756
65757
65758
65759
65760
65761
65762
65764
66385
66386
66387
66388
66389
66390
66391
66392
66393
66394
66395
66396
66397
66398
66399
66400
66401
66402
66403
66404
66405
66406
66407
66408
66409
66410
66411
66413
66414
66445
66446
66447
66448
66449
66450
66451
66452
66453
66454
66455
66456
66457
66458
66459
66460
66461
66462
66463
66464
66465
66466
66467
66468
66469
66470
66471
66473
66474
66505
66506
66507
66508
66509
66510
66511
66512
66513
66514
66515
66516
66517
66518
66519
66520
66521
66522
66523
66524
66525
66526
66527
66528
66529
66530
66531
66533
66534
66565
66566
66567
66568
66569
66570
66571
66572
66573
66574
66575
66576
66577
66578
66579
66580
66581
66582
66583
66584
66585
66586
66587
66588
66589
66590
66591
66593
66594
66625
66626
66627
66628
66629
66630
66631
66632
66633
66634
66635
66636
66637
66638
66639
66640
66641
66642
66643
66644
66645
66646
66647
66648
66649
66650
66651
66653
66654
66685
66686
66687
66688
66689
66690
66691
66692
66693
66694
66695
66696
66697
66698
66699
66700
66701
66702
66703
66704
66705
66706
66707
66708
66709
66710
66711
66713
66714
66745
66746
66747
66748
66749
66750
66751
66752
66753
66754
66755
66756
66757
66758
66759
66760
66761
66762
66763
66764
66765
66766
66767
66768
66769
66770
66771
66773
66774
66805
66806
66807
66808
66809
66810
66811
66812
66813
66814
66815
66816
66817
66818
66819
66820
66821
66822
66823
66824
66825
66826
66827
66828
66829
66830
66831
66833
66834
66865
66866
66867
66868
66869
66870
66871
66872
66873
66874
66875
66876
66877
66878
66879
66880
66881
66882
66883
66884
66885
66886
66887
66888
66889
66890
66891
66893
66894
66925
66926
66927
66928
66929
66930
66931
66932
66933
66934
66935
66936
66937
66938
66939
66940
66941
66942
66944
67565
67566
67567
67568
67569
67570
67571
67572
67573
67574
67575
67576
67577
67578
67579
67580
67581
67582
67583
67584
67585
67586
67587
67588
67589
67590
67591
67593
67594
67625
67626
67627
67628
67629
67630
67631
67632
67633
67634
67635
67636
67637
67638
67639
67640
67641
67642
67643
67644
67645
67646
67647
67648
67649
67650
67651
67653
67654
67685
67686
67687
67688
67689
67690
67691
67692
67693
67694
67695
67696
67697
67698
67699
67700
67701
67702
67703
67704
67705
67706
67707
67708
67709
67710
67711
67713
67714
67745
67746
67747
67748
67749
67750
67751
67752
67753
67754
67755
67756
67757
67758
67759
67760
67761
67762
67763
67764
67765
67766
67767
67768
67769
67770
67771
67773
67774
67805
67806
67807
67808
67809
67810
67811
67812
67813
67814
67815
67816
67817
67818
67819
67820
67821
67822
67823
67824
67825
67826
67827
67828
67829
67830
67831
67833
67834
67865
67866
67867
67868
67869
67870
67871
67872
67873
67874
67875
67876
67877
67878
67879
67880
67881
67882
67883
67884
67885
67886
67887
67888
67889
67890
67891
67893
67894
67925
67926
67927
67928
67929
67930
67931
67932
67933
67934
67935
67936
67937
67938
67939
67940
67941
67942
67943
67944
67945
67946
67947
67948
67949
67950
67951
67953
67954
67985
67986
67987
67988
67989
67990
67991
67992
67993
67994
67995
67996
67997
67998
67999
68000
68001
68002
68003
68004
68005
68006
68007
68008
68009
68010
68011
68013
68014
68045
68046
68047
68048
68049
68050
68051
68052
68053
68054
68055
68056
68057
68058
68059
68060
68061
68062
68063
68064
68065
68066
68067
68068
68069
68070
68071
68073
68074
68105
68106
68107
68108
68109
68110
68111
68112
68113
68114
68115
68116
68117
68118
68119
68120
68121
68122
68124
68745
68746
68747
68748
68749
68750
68751
68752
68753
68754
68755
68756
68757
68758
68759
68760
68761
68762
68763
68764
68765
68766
68767
68768
68769
68770
68771
68773
68774
68805
68806
68807
68808
68809
68810
68811
68812
68813
68814
68815
68816
68817
68818
68819
68820
68821
68822
68823
68824
68825
68826
68827
68828
68829
68830
68831
68833
68834
68865
68866
68867
68868
68869
68870
68871
68872
68873
68874
68875
68876
68877
68878
68879
68880
68881
68882
68883
68884
68885
68886
68887
68888
68889
68890
68891
68893
68894
68925
68926
68927
68928
68929
68930
68931
68932
68933
68934
68935
68936
68937
68938
68939
68940
68941
68942
68943
68944
68945
68946
68947
68948
68949
68950
68951
68953
68954
68985
68986
68987
68988
68989
68990
68991
68992
68993
68994
68995
68996
68997
68998
68999
69000
69001
69002
69003
69004
69005
69006
69007
69008
69009
69010
69011
69013
69014
69045
69046
69047
69048
69049
69050
69051
69052
69053
69054
69055
69056
69057
69058
69059
69060
69061
69062
69063
69064
69065
69066
69067
69068
69069
69070
69071
69073
69074
69105
69106
69107
69108
69109
69110
69111
69112
69113
69114
69115
69116
69117
69118
69119
69120
69121
69122
69123
69124
69125
69126
69127
69128
69129
69130
69131
69133
69134
69165
69166
69167
69168
69169
69170
69171
69172
69173
69174
69175
69176
69177
69178
69179
69180
69181
69182
69183
69184
69185
69186
69187
69188
69189
69190
69191
69193
69194
69225
69226
69227
69228
69229
69230
69231
69232
69233
69234
69235
69236
69237
69238
69239
69240
69241
69242
69243
69244
69245
69246
69247
69248
69249
69250
69251
69253
69254
69285
69286
69287
69288
69289
69290
69291
69292
69293
69294
69295
69296
69297
69298
69299
69300
69301
69302
69304
69925
69926
69927
69928
69929
69930
69931
69932
69933
69934
69935
69936
69937
69938
69939
69940
69941
69942
69943
69944
69945
69946
69947
69948
69949
69950
69951
69953
69954
69985
69986
69987
69988
69989
69990
69991
69992
69993
69994
69995
69996
69997
69998
69999
70000
70001
70002
70003
70004
70005
70006
70007
70008
70009
70010
70011
70013
70014
70045
70046
70047
70048
70049
70050
70051
70052
70053
70054
70055
70056
70057
70058
70059
70060
70061
70062
70063
70064
70065
70066
70067
70068
70069
70070
70071
70073
70074
70105
70106
70107
70108
70109
70110
70111
70112
70113
70114
70115
70116
70117
70118
70119
70120
70121
70122
70123
70124
70125
70126
70127
70128
70129
70130
70131
70133
70134
70165
70166
70167
70168
70169
70170
70171
70172
70173
70174
70175
70176
70177
70178
70179
70180
70181
70182
70183
70184
70185
70186
70187
70188
70189
70190
70191
70193
70194
70225
70226
70227
70228
70229
70230
70231
70232
70233
70234
70235
70236
70237
70238
70239
70240
70241
70242
70243
70244
70245
70246
70247
70248
70249
70250
70251
70253
70254
70285
70286
70287
70288
70289
70290
70291
70292
70293
70294
70295
70296
70297
70298
70299
70300
70301
70302
70303
70304
70305
70306
70307
70308
70309
70310
70311
70313
70314
70345
70346
70347
70348
70349
70350
70351
70352
70353
70354
70355
70356
70357
70358
70359
70360
70361
70362
70363
70364
70365
70366
70367
70368
70369
70370
70371
70373
70374
70405
70406
70407
70408
70409
70410
70411
70412
70413
70414
70415
70416
70417
70418
70419
70420
70421
70422
70423
70424
70425
70426
70427
70428
70429
70430
70431
70433
70434
70465
70466
70467
70468
70469
70470
70471
70472
70473
70474
70475
70476
70477
70478
70479
70480
70481
70482
70484
71105
71106
71107
71108
71109
71110
71111
71112
71113
71114
71115
71116
71117
71118
71119
71120
71121
71122
71123
71124
71125
71126
71127
71128
71129
71130
71131
71133
71134
71165
71166
71167
71168
71169
71170
71171
71172
71173
71174
71175
71176
71177
71178
71179
71180
71181
71182
71183
71184
71185
71186
71187
71188
71189
71190
71191
71193
71194
71225
71226
71227
71228
71229
71230
71231
71232
71233
71234
71235
71236
71237
71238
71239
71240
71241
71242
71243
71244
71245
71246
71247
71248
71249
71250
71251
71253
71254
71285
71286
71287
71288
71289
71290
71291
71292
71293
71294
71295
71296
71297
71298
71299
71300
71301
71302
71303
71304
71305
71306
71307
71308
71309
71310
71311
71313
71314
71345
71346
71347
71348
71349
71350
71351
71352
71353
71354
71355
71356
71357
71358
71359
71360
71361
71362
71363
71364
71365
71366
71367
71368
71369
71370
71371
71373
71374
71405
71406
71407
71408
71409
71410
71411
71412
71413
71414
71415
71416
71417
71418
71419
71420
71421
71422
71423
71424
71425
71426
71427
71428
71429
71430
71431
71433
71434
71465
71466
71467
71468
71469
71470
71471
71472
71473
71474
71475
71476
71477
71478
71479
71480
71481
71482
71483
71484
71485
71486
71487
71488
71489
71490
71491
71493
71494
71525
71526
71527
71528
71529
71530
71531
71532
71533
71534
71535
71536
71537
71538
71539
71540
71541
71542
71543
71544
71545
71546
71547
71548
71549
71550
71551
71553
71554
71585
71586
71587
71588
71589
71590
71591
71592
71593
71594
71595
71596
71597
71598
71599
71600
71601
71602
71603
71604
71605
71606
71607
71608
71609
71610
71611
71613
71614
71645
71646
71647
71648
71649
71650
71651
71652
71653
71654
71655
71656
71657
71658
71659
71660
71661
71662
71664
72285
72286
72287
72288
72289
72290
72291
72292
72293
72294
72295
72296
72297
72298
72299
72300
72301
72302
72303
72304
72305
72306
72307
72308
72309
72310
72311
72313
72314
72345
72346
72347
72348
72349
72350
72351
72352
72353
72354
72355
72356
72357
72358
72359
72360
72361
72362
72363
72364
72365
72366
72367
72368
72369
72370
72371
72373
72374
72405
72406
72407
72408
72409
72410
72411
72412
72413
72414
72415
72416
72417
72418
72419
72420
72421
72422
72423
72424
72425
72426
72427
72428
72429
72430
72431
72433
72434
72465
72466
72467
72468
72469
72470
72471
72472
72473
72474
72475
72476
72477
72478
72479
72480
72481
72482
72483
72484
72485
72486
72487
72488
72489
72490
72491
72493
72494
72525
72526
72527
72528
72529
72530
72531
72532
72533
72534
72535
72536
72537
72538
72539
72540
72541
72542
72543
72544
72545
72546
72547
72548
72549
72550
72551
72553
72554
72585
72586
72587
72588
72589
72590
72591
72592
72593
72594
72595
72596
72597
72598
72599
72600
72601
72602
72603
72604
72605
72606
72607
72608
72609
72610
72611
72613
72614
72645
72646
72647
72648
72649
72650
72651
72652
72653
72654
72655
72656
72657
72658
72659
72660
72661
72662
72663
72664
72665
72666
72667
72668
72669
72670
72671
72673
72674
72705
72706
72707
72708
72709
72710
72711
72712
72713
72714
72715
72716
72717
72718
72719
72720
72721
72722
72723
72724
72725
72726
72727
72728
72729
72730
72731
72733
72734
72765
72766
72767
72768
72769
72770
72771
72772
72773
72774
72775
72776
72777
72778
72779
72780
72781
72782
72783
72784
72785
72786
72787
72788
72789
72790
72791
72793
72794
72825
72826
72827
72828
72829
72830
72831
72832
72833
72834
72835
72836
72837
72838
72839
72840
72841
72842
72844
73465
73466
73467
73468
73469
73470
73471
73472
73473
73474
73475
73476
73477
73478
73479
73480
73481
73482
73483
73484
73485
73486
73487
73488
73489
73490
73491
73493
73525
73526
73527
73528
73529
73530
73531
73532
73533
73534
73535
73536
73537
73538
73539
73540
73541
73542
73543
73544
73545
73546
73547
73548
73549
73550
73553
73585
73586
73587
73588
73589
73590
73591
73592
73593
73594
73595
73596
73597
73598
73599
73600
73601
73602
73603
73604
73605
73606
73607
73609
73610
73613
73645
73646
73647
73648
73649
73650
73651
73652
73653
73654
73655
73656
73657
73658
73659
73660
73661
73662
73663
73664
73666
73667
73669
73670
73673
73705
73706
73707
73708
73709
73710
73711
73712
73713
73714
73715
73716
73717
73718
73719
73720
73721
73723
73724
73726
73727
73729
73730
73733
73765
73766
73767
73768
73769
73770
73771
73772
73773
73774
73775
73776
73777
73778
73780
73781
73783
73784
73786
73787
73789
73790
73793
73825
73826
73827
73828
73829
73830
73831
73832
73833
73834
73835
73836
73837
73838
73840
73841
73843
73844
73846
73847
73849
73850
73853
73885
73886
73887
73888
73889
73890
73891
73892
73893
73894
73895
73897
73898
73900
73901
73903
73904
73906
73907
73909
73910
73913
73945
73946
73947
73948
73949
73950
73951
73952
73954
73955
73957
73958
73960
73961
73963
73964
73966
73967
73969
73970
73973
74005
74006
74007
74009
74011
74013
74015
74017
74019
74021
74645
74646
74648
74649
74651
74652
74654
74655
74657
74658
74660
74661
74663
74664
74666
74667
74705
74706
74708
74709
74711
74712
74714
74715
74717
74718
74720
74721
74723
74724
74765
74766
74768
74769
74771
74772
74774
74775
74777
74778
74780
74781
74825
74826
74828
74829
74831
74832
74834
74835
74837
74838
74885
74886
74888
74889
74891
74892
74894
74895
74945
74946
74948
74949
74951
74952
74955
75005
75006
75008
75009
75011
75012
75065
75066
75068
75069
75125
75126
122639
122640
122641
122642
122643
122644
122645
122646
122647
122648
122659
122660
122661
122662
122663
122664
122665
122666
122667
122668
122679
122680
122681
122682
122683
122684
122685
122686
122687
122688
122699
122700
122701
122702
122703
122704
122705
122706
122707
122708
122719
122720
122721
122722
122723
122724
122725
122726
122727
122728
122739
122740
122741
122742
122743
122744
122745
122746
122747
122748
122759
122760
122761
122762
122763
122764
122765
122766
122767
122768
122779
122780
122781
122782
122783
122784
122785
122786
122787
122788
122799
122800
122801
122802
122803
122804
122805
122806
122807
122808
122819
122820
122821
122822
122823
122824
122825
122826
122827
122828
122839
122840
122841
122842
122843
122844
122845
122846
122847
122848
123421
123433
123445
123457
123469
123481
123493
123505
123517
123529
123541
-9298
-10018
-10738
-11458
-12178
-12898
-13618
-14338
-15058
-15778
-16498
-62786
-62789
-62792
-62795
-62798
-62801
-62804
-62807
-62810
-62813
-63966
-63969
-63972
-63975
-63978
-63981
-63984
-63987
-63990
-63993
-65146
-65149
-65152
-65155
-65158
-65161
-65164
-65167
-65170
-65173
-66326
-66329
-66332
-66335
-66338
-66341
-66344
-66347
-66350
-66353
-67506
-67509
-67512
-67515
-67518
-67521
-67524
-67527
-67530
-67533
-68686
-68689
-68692
-68695
-68698
-68701
-68704
-68707
-68710
-68713
-69866
-69869
-69872
-69875
-69878
-69881
-69884
-69887
-69890
-69893
-71046
-71049
-71052
-71055
-71058
-71061
-71064
-71067
-71070
-71073
-72226
-72229
-72232
-72235
-72238
-72241
-72244
-72247
-72250
-72253
-73406
-73409
-73412
-73415
-73418
-73421
-73424
-73427
-73430
-73433
-41
-473
-905
-1337
-1769
-2201
-2633
-3065
-3497
-3929
-9331
-9367
-9403
-9439
-9475
-9511
-9547
-9583
-9619
-9645
-10051
-10087
-10123
-10159
-10195
-10231
-10267
-10303
-10339
-10365
-10771
-10807
-10843
-10879
-10915
-10951
-10987
-11023
-11059
-11085
-11491
-11527
-11563
-11599
-11635
-11671
-11707
-11743
-11779
-11805
-12211
-12247
-12283
-12319
-12355
-12391
-12427
-12463
-12499
-12525
-12931
-12967
-13003
-13039
-13075
-13111
-13147
-13183
-13219
-13245
-13651
-13687
-13723
-13759
-13795
-13831
-13867
-13903
-13939
-13965
-14371
-14407
-14443
-14479
-14515
-14551
-14587
-14623
-14659
-14685
-15091
-15127
-15163
-15199
-15235
-15271
-15307
-15343
-15379
-15405
-15811
-15847
-15883
-15919
-15955
-15991
-16027
-16063
-16099
-16125
32521
33241
33961
34681
35401
36121
36841
37561
38281
39001
62872
62932
62992
63052
63112
63172
63232
63292
63352
63403
64052
64112
64172
64232
64292
64352
64412
64472
64532
64583
65232
65292
65352
65412
65472
65532
65592
65652
65712
65763
66412
66472
66532
66592
66652
66712
66772
66832
66892
66943
67592
67652
67712
67772
67832
67892
67952
68012
68072
68123
68772
68832
68892
68952
69012
69072
69132
69192
69252
69303
69952
70012
70072
70132
70192
70252
70312
70372
70432
70483
71132
71192
71252
71312
71372
71432
71492
71552
71612
71663
72312
72372
72432
72492
72552
72612
72672
72732
72792
72843
73492
73552
73612
73672
73732
73792
73852
73912
73972
74023
45
477
909
1341
1773
2205
2637
3069
3501
3933
4365
32486
32490
32494
32498
32502
32506
32510
32514
32518
32522
33206
33210
33214
33218
33222
33226
33230
33234
33238
33242
33926
33930
33934
33938
33942
33946
33950
33954
33958
33962
34646
34650
34654
34658
34662
34666
34670
34674
34678
34682
35366
35370
35374
35378
35382
35386
35390
35394
35398
35402
36086
36090
36094
36098
36102
36106
36110
36114
36118
36122
36806
36810
36814
36818
36822
36826
36830
36834
36838
36842
37526
37530
37534
37538
37542
37546
37550
37554
37558
37562
38246
38250
38254
38258
38262
38266
38270
38274
38278
38282
38966
38970
38974
38978
38982
38986
38990
38994
38998
39002
-74586
-74589
-74592
-74595
-74598
-74601
-74604
-74607
-74610
-4361
-16531
-16567
-16603
-16639
-16675
-16711
-16747
-16783
-16819
-16845
4366
4368
16535
16571
16607
16643
16679
16715
16751
16787
16823
16847
38967
38971
38975
38979
38983
38987
38991
38995
38999
39003
-39688
73494
73551
73554
73608
73611
73614
73665
73668
73671
73674
73722
73725
73728
73731
73734
73779
73782
73785
73788
73791
73794
73839
73842
73845
73848
73851
73854
73896
73899
73902
73905
73908
73911
73914
73953
73956
73959
73962
73965
73968
73971
73974
74008
74010
74012
74014
74016
74018
74020
74022
74024
74647
74650
74653
74656
74659
74662
74665
74668
74669
74670
74671
74707
74710
74713
74716
74719
74722
74725
74726
74727
74728
74767
74770
74773
74776
74779
74782
74783
74784
74785
74827
74830
74833
74836
74839
74840
74841
74842
74887
74890
74893
74896
74897
74898
74899
74947
74950
74953
74954
74956
75007
75010
75013
75014
75015
75016
75067
75070
75071
75072
75073
75127
75128
75129
75130
75185
75186
)


// ************************************************************************* //
