/*--------------------------------*- C++ -*----------------------------------*\
  =========                 |
  \\      /  F ield         | OpenFOAM: The Open Source CFD Toolbox
   \\    /   O peration     | Website:  https://openfoam.org
    \\  /    A nd           | Version:  7
     \\/     M anipulation  |
\*---------------------------------------------------------------------------*/
FoamFile
{
    version     2.0;
    format      ascii;
    class       labelList;
    location    "constant/polyMesh";
    object      pointProcAddressing;
}
// * * * * * * * * * * * * * * * * * * * * * * * * * * * * * * * * * * * * * //


1666
(
11
12
24
25
180
181
193
194
349
350
362
363
518
519
531
532
687
688
700
701
856
857
869
870
1025
1026
1038
1039
1194
1195
1207
1208
1363
1364
1376
1377
1532
1533
1545
1546
1701
1702
1714
1715
1870
1871
1883
1884
3859
3860
3872
3873
3885
3886
3898
3899
3911
3912
3924
3925
3937
3938
3950
3951
3963
3964
3976
3977
4119
4120
4132
4133
4145
4146
4158
4159
4171
4172
4184
4185
4197
4198
4210
4211
4223
4224
4236
4237
4379
4380
4392
4393
4405
4406
4418
4419
4431
4432
4444
4445
4457
4458
4470
4471
4483
4484
4496
4497
4639
4640
4652
4653
4665
4666
4678
4679
4691
4692
4704
4705
4717
4718
4730
4731
4743
4744
4756
4757
4899
4900
4912
4913
4925
4926
4938
4939
4951
4952
4964
4965
4977
4978
4990
4991
5003
5004
5016
5017
5159
5160
5172
5173
5185
5186
5198
5199
5211
5212
5224
5225
5237
5238
5250
5251
5263
5264
5276
5277
5419
5420
5432
5433
5445
5446
5458
5459
5471
5472
5484
5485
5497
5498
5510
5511
5523
5524
5536
5537
5679
5680
5692
5693
5705
5706
5718
5719
5731
5732
5744
5745
5757
5758
5770
5771
5783
5784
5796
5797
5939
5940
5952
5953
5965
5966
5978
5979
5991
5992
6004
6005
6017
6018
6030
6031
6043
6044
6056
6057
6199
6200
6212
6213
6225
6226
6238
6239
6251
6252
6264
6265
6277
6278
6290
6291
6303
6304
6316
6317
6459
6460
6472
6473
6485
6486
6498
6499
6511
6512
6524
6525
6537
6538
6550
6551
6563
6564
6576
6577
6719
6720
6732
6733
6745
6746
6758
6759
6771
6772
6784
6785
6797
6798
6810
6811
6823
6824
6836
6837
12870
12871
12872
12873
12874
12875
12876
12877
12878
12879
12890
12891
12892
12893
12894
12895
12896
12897
12898
12899
13130
13131
13132
13133
13134
13135
13136
13137
13138
13139
13150
13151
13152
13153
13154
13155
13156
13157
13158
13159
13390
13391
13392
13393
13394
13395
13396
13397
13398
13399
13410
13411
13412
13413
13414
13415
13416
13417
13418
13419
13650
13651
13652
13653
13654
13655
13656
13657
13658
13659
13670
13671
13672
13673
13674
13675
13676
13677
13678
13679
13910
13911
13912
13913
13914
13915
13916
13917
13918
13919
13930
13931
13932
13933
13934
13935
13936
13937
13938
13939
14170
14171
14172
14173
14174
14175
14176
14177
14178
14179
14190
14191
14192
14193
14194
14195
14196
14197
14198
14199
14430
14431
14432
14433
14434
14435
14436
14437
14438
14439
14450
14451
14452
14453
14454
14455
14456
14457
14458
14459
14690
14691
14692
14693
14694
14695
14696
14697
14698
14699
14710
14711
14712
14713
14714
14715
14716
14717
14718
14719
14950
14951
14952
14953
14954
14955
14956
14957
14958
14959
14970
14971
14972
14973
14974
14975
14976
14977
14978
14979
15210
15211
15212
15213
15214
15215
15216
15217
15218
15219
15230
15231
15232
15233
15234
15235
15236
15237
15238
15239
15470
15471
15472
15473
15474
15475
15476
15477
15478
15479
15490
15491
15492
15493
15494
15495
15496
15497
15498
15499
15730
24490
24491
24492
24493
24494
24495
24496
24497
24498
24499
24510
24511
24512
24513
24514
24515
24516
24517
24518
24519
24530
24531
24532
24533
24534
24535
24536
24537
24538
24539
24550
24551
24552
24553
24554
24555
24556
24557
24558
24559
24570
24571
24572
24573
24574
24575
24576
24577
24578
24579
24590
24591
24592
24593
24594
24595
24596
24597
24598
24599
24610
24611
24612
24613
24614
24615
24616
24617
24618
24619
24630
24631
24632
24633
24634
24635
24636
24637
24638
24639
24650
24651
24652
24653
24654
24655
24656
24657
24658
24659
24670
24671
24672
24673
24674
24675
24676
24677
24678
24679
24870
24871
24872
24873
24874
24875
24876
24877
24878
24879
24890
24891
24892
24893
24894
24895
24896
24897
24898
24899
24910
24911
24912
24913
24914
24915
24916
24917
24918
24919
24930
24931
24932
24933
24934
24935
24936
24937
24938
24939
24950
24951
24952
24953
24954
24955
24956
24957
24958
24959
24970
24971
24972
24973
24974
24975
24976
24977
24978
24979
24990
24991
24992
24993
24994
24995
24996
24997
24998
24999
25010
25011
25012
25013
25014
25015
25016
25017
25018
25019
25030
25031
25032
25033
25034
25035
25036
25037
25038
25039
25050
25051
25052
25053
25054
25055
25056
25057
25058
25059
25250
25251
25252
25253
25254
25255
25256
25257
25258
25259
25270
25271
25272
25273
25274
25275
25276
25277
25278
25279
25290
25291
25292
25293
25294
25295
25296
25297
25298
25299
25310
25311
25312
25313
25314
25315
25316
25317
25318
25319
25330
25331
25332
25333
25334
25335
25336
25337
25338
25339
25350
25351
25352
25353
25354
25355
25356
25357
25358
25359
25370
25371
25372
25373
25374
25375
25376
25377
25378
25379
25390
25391
25392
25393
25394
25395
25396
25397
25398
25399
25410
25411
25412
25413
25414
25415
25416
25417
25418
25419
25430
25431
25432
25433
25434
25435
25436
25437
25438
25439
25630
25631
25632
25633
25634
25635
25636
25637
25638
25639
25650
25651
25652
25653
25654
25655
25656
25657
25658
25659
25670
25671
25672
25673
25674
25675
25676
25677
25678
25679
25690
25691
25692
25693
25694
25695
25696
25697
25698
25699
25710
25711
25712
25713
25714
25715
25716
25717
25718
25719
25730
25731
25732
25733
25734
25735
25736
25737
25738
25739
25750
25751
25752
25753
25754
25755
25756
25757
25758
25759
25770
25771
25772
25773
25774
25775
25776
25777
25778
25779
25790
25791
25792
25793
25794
25795
25796
25797
25798
25799
25810
25811
25812
25813
25814
25815
25816
25817
25818
25819
26010
26011
26012
26013
26014
26015
26016
26017
26018
26019
26030
26031
26032
26033
26034
26035
26036
26037
26038
26039
26050
26051
26052
26053
26054
26055
26056
26057
26058
26059
26070
26071
26072
26073
26074
26075
26076
26077
26078
26079
26090
26091
26092
26093
26094
26095
26096
26097
26098
26099
26110
26111
26112
26113
26114
26115
26116
26117
26118
26119
26130
26131
26132
26133
26134
26135
26136
26137
26138
26139
26150
26151
26152
26153
26154
26155
26156
26157
26158
26159
26170
26171
26172
26173
26174
26175
26176
26177
26178
26179
26190
26191
26192
26193
26194
26195
26196
26197
26198
26199
26390
26391
26392
26393
26394
26395
26396
26397
26398
26399
26410
26411
26412
26413
26414
26415
26416
26417
26418
26419
26430
26431
26432
26433
26434
26435
26436
26437
26438
26439
26450
26451
26452
26453
26454
26455
26456
26457
26458
26459
26470
26471
26472
26473
26474
26475
26476
26477
26478
26479
26490
26491
26492
26493
26494
26495
26496
26497
26498
26499
26510
26511
26512
26513
26514
26515
26516
26517
26518
26519
26530
26531
26532
26533
26534
26535
26536
26537
26538
26539
26550
26551
26552
26553
26554
26555
26556
26557
26558
26559
26570
26571
26572
26573
26574
26575
26576
26577
26578
26579
26770
26771
26772
26773
26774
26775
26776
26777
26778
26779
26790
26791
26792
26793
26794
26795
26796
26797
26798
26799
26810
26811
26812
26813
26814
26815
26816
26817
26818
26819
26830
26831
26832
26833
26834
26835
26836
26837
26838
26839
26850
26851
26852
26853
26854
26855
26856
26857
26858
26859
26870
26871
26872
26873
26874
26875
26876
26877
26878
26879
26890
26891
26892
26893
26894
26895
26896
26897
26898
26899
26910
26911
26912
26913
26914
26915
26916
26917
26918
26919
26930
26931
26932
26933
26934
26935
26936
26937
26938
26939
26950
26951
26952
26953
26954
26955
26956
26957
26958
26959
27150
27151
27152
27153
27154
27155
27156
27157
27158
27159
27170
27171
27172
27173
27174
27175
27176
27177
27178
27179
27190
27191
27192
27193
27194
27195
27196
27197
27198
27199
27210
27211
27212
27213
27214
27215
27216
27217
27218
27219
27230
27231
27232
27233
27234
27235
27236
27237
27238
27239
27250
27251
27252
27253
27254
27255
27256
27257
27258
27259
27270
27271
27272
27273
27274
27275
27276
27277
27278
27279
27290
27291
27292
27293
27294
27295
27296
27297
27298
27299
27310
27311
27312
27313
27314
27315
27316
27317
27318
27319
27330
27331
27332
27333
27334
27335
27336
27337
27338
27339
27530
27531
27532
27533
27534
27535
27536
27537
27538
27539
27550
27551
27552
27553
27554
27555
27556
27557
27558
27559
27570
27571
27572
27573
27574
27575
27576
27577
27578
27579
27590
27591
27592
27593
27594
27595
27596
27597
27598
27599
27610
27611
27612
27613
27614
27615
27616
27617
27618
27619
27630
27631
27632
27633
27634
27635
27636
27637
27638
27639
27650
27651
27652
27653
27654
27655
27656
27657
27658
27659
27670
27671
27672
27673
27674
27675
27676
27677
27678
27679
27690
27691
27692
27693
27694
27695
27696
27697
27698
27699
27710
27711
27712
27713
27714
27715
27716
27717
27718
27719
27910
27911
27912
27913
27914
27915
27916
27917
27918
27919
27930
27931
27932
27933
27934
27935
27936
27937
27938
27939
27950
27951
27952
27953
27954
27955
27956
27957
27958
27959
27970
27971
27972
27973
27974
27975
27976
27977
27978
27979
27990
27991
27992
27993
27994
27995
27996
27997
27998
27999
28010
28011
28012
28013
28014
28015
28016
28017
28018
28019
28030
28031
28032
28033
28034
28035
28036
28037
28038
28039
28050
28051
28052
28053
28054
28055
28056
28057
28058
28059
28070
28071
28072
28073
28074
28075
28076
28077
28078
28079
28090
28091
28092
28093
28094
28095
28096
28097
28098
28099
28290
28291
28292
28293
28294
28295
28296
28297
28298
28299
28310
28311
28312
28313
28314
28315
28316
28317
28318
28319
28330
28331
28332
28333
28334
28335
28336
28337
28338
28339
28350
28351
28352
28353
28354
28355
28356
28357
28358
28359
28370
28371
28372
28373
28374
28375
28376
28377
28378
28379
28390
28391
28392
28393
28394
28395
28396
28397
28398
28399
28410
28411
28412
28413
28414
28415
28416
28417
28418
28419
28430
28431
28432
28433
28434
28435
28436
28437
28438
28439
28450
28451
28452
28453
28454
28455
28456
28457
28458
28459
28470
28471
28472
28473
28474
28475
28476
28477
28478
28479
28670
28671
28672
28673
28674
28675
28676
28677
28678
28690
28691
28692
28693
28694
28695
28696
28697
28698
28710
28711
28712
28713
28714
28715
28716
28717
28730
28731
28732
28733
28734
28735
28736
28750
28751
28752
28753
28754
28755
28770
28771
28772
28773
28774
28790
28791
28792
28793
28810
28811
28812
28813
28830
28831
28832
28850
28851
)


// ************************************************************************* //
