/*--------------------------------*- C++ -*----------------------------------*\
  =========                 |
  \\      /  F ield         | OpenFOAM: The Open Source CFD Toolbox
   \\    /   O peration     | Website:  https://openfoam.org
    \\  /    A nd           | Version:  7
     \\/     M anipulation  |
\*---------------------------------------------------------------------------*/
FoamFile
{
    version     2.0;
    format      ascii;
    class       labelList;
    location    "constant/polyMesh";
    object      cellProcAddressing;
}
// * * * * * * * * * * * * * * * * * * * * * * * * * * * * * * * * * * * * * //


1270
(
29569
29570
29571
29572
29573
29574
29575
29576
29577
29578
29579
29713
29714
29715
29716
29717
29718
29719
29720
29721
29722
29723
29857
29858
29859
29860
29861
29862
29863
29864
29865
29866
29867
30001
30002
30003
30004
30005
30006
30007
30008
30009
30010
30011
30145
30146
30147
30148
30149
30150
30151
30152
30153
30154
30155
30289
30290
30291
30292
30293
30294
30295
30296
30297
30298
30299
30433
30434
30435
30436
30437
30438
30439
30440
30441
30442
30443
30577
30578
30579
30580
30581
30582
30583
30584
30585
30586
30587
30721
30722
30723
30724
30725
30726
30727
30728
30729
30730
30731
30865
30866
30867
30868
30869
30870
30871
30872
30873
30874
30875
31009
32713
32714
32715
32716
32717
32718
32719
32720
32721
32722
32723
32725
32726
32727
32728
32729
32730
32731
32732
32733
32734
32735
32737
32738
32739
32740
32741
32742
32743
32744
32745
32746
32747
32749
32750
32751
32752
32753
32754
32755
32756
32757
32758
32759
32761
32762
32763
32764
32765
32766
32767
32768
32769
32770
32771
32773
32774
32775
32776
32777
32778
32779
32780
32781
32782
32783
32785
32786
32787
32788
32789
32790
32791
32792
32793
32794
32795
32797
32798
32799
32800
32801
32802
32803
32804
32805
32806
32807
32809
32810
32811
32812
32813
32814
32815
32816
32817
32818
32819
32821
32822
32823
32824
32825
32826
32827
32828
32829
32830
32831
32953
32954
32955
32956
32957
32958
32959
32960
32961
32962
32963
32965
32966
32967
32968
32969
32970
32971
32972
32973
32974
32975
32977
32978
32979
32980
32981
32982
32983
32984
32985
32986
32987
32989
32990
32991
32992
32993
32994
32995
32996
32997
32998
32999
33001
33002
33003
33004
33005
33006
33007
33008
33009
33010
33011
33013
33014
33015
33016
33017
33018
33019
33020
33021
33022
33023
33025
33026
33027
33028
33029
33030
33031
33032
33033
33034
33035
33037
33038
33039
33040
33041
33042
33043
33044
33045
33046
33047
33049
33050
33051
33052
33053
33054
33055
33056
33057
33058
33059
33061
33062
33063
33064
33065
33066
33067
33068
33069
33070
33071
33193
33194
33195
33196
33197
33198
33199
33200
33201
33202
33203
33205
33206
33207
33208
33209
33210
33211
33212
33213
33214
33215
33217
33218
33219
33220
33221
33222
33223
33224
33225
33226
33227
33229
33230
33231
33232
33233
33234
33235
33236
33237
33238
33239
33241
33242
33243
33244
33245
33246
33247
33248
33249
33250
33251
33253
33254
33255
33256
33257
33258
33259
33260
33261
33262
33263
33265
33266
33267
33268
33269
33270
33271
33272
33273
33274
33275
33277
33278
33279
33280
33281
33282
33283
33284
33285
33286
33287
33289
33290
33291
33292
33293
33294
33295
33296
33297
33298
33299
33301
33302
33303
33304
33305
33306
33307
33308
33309
33310
33311
33433
33434
33435
33436
33437
33438
33439
33440
33441
33442
33443
33445
33446
33447
33448
33449
33450
33451
33452
33453
33454
33455
33457
33458
33459
33460
33461
33462
33463
33464
33465
33466
33467
33469
33470
33471
33472
33473
33474
33475
33476
33477
33478
33479
33481
33482
33483
33484
33485
33486
33487
33488
33489
33490
33491
33493
33494
33495
33496
33497
33498
33499
33500
33501
33502
33503
33505
33506
33507
33508
33509
33510
33511
33512
33513
33514
33515
33517
33518
33519
33520
33521
33522
33523
33524
33525
33526
33527
33529
33530
33531
33532
33533
33534
33535
33536
33537
33538
33539
33541
33542
33543
33544
33545
33546
33547
33548
33549
33550
33551
33673
33674
33675
33676
33677
33678
33679
33680
33681
33682
33683
33685
33686
33687
33688
33689
33690
33691
33692
33693
33694
33695
33697
33698
33699
33700
33701
33702
33703
33704
33705
33706
33707
33709
33710
33711
33712
33713
33714
33715
33716
33717
33718
33719
33721
33722
33723
33724
33725
33726
33727
33728
33729
33730
33731
33733
33734
33735
33736
33737
33738
33739
33740
33741
33742
33743
33745
33746
33747
33748
33749
33750
33751
33752
33753
33754
33755
33757
33758
33759
33760
33761
33762
33763
33764
33765
33766
33767
33769
33770
33771
33772
33773
33774
33775
33776
33777
33778
33779
33781
33782
33783
33784
33785
33786
33787
33788
33789
33790
33791
33913
33914
33915
33916
33917
33918
33919
33920
33921
33922
33923
33925
33926
33927
33928
33929
33930
33931
33932
33933
33934
33935
33937
33938
33939
33940
33941
33942
33943
33944
33945
33946
33947
33949
33950
33951
33952
33953
33954
33955
33956
33957
33958
33959
33961
33962
33963
33964
33965
33966
33967
33968
33969
33970
33971
33973
33974
33975
33976
33977
33978
33979
33980
33981
33982
33983
33985
33986
33987
33988
33989
33990
33991
33992
33993
33994
33995
33997
33998
33999
34000
34001
34002
34003
34004
34005
34006
34007
34009
34010
34011
34012
34013
34014
34015
34016
34017
34018
34019
34021
34022
34023
34024
34025
34026
34027
34028
34029
34030
34031
34153
34154
34155
34156
34157
34158
34159
34160
34161
34162
34163
34165
34166
34167
34168
34169
34170
34171
34172
34173
34174
34175
34177
34178
34179
34180
34181
34182
34183
34184
34185
34186
34187
34189
34190
34191
34192
34193
34194
34195
34196
34197
34198
34199
34201
34202
34203
34204
34205
34206
34207
34208
34209
34210
34211
34213
34214
34215
34216
34217
34218
34219
34220
34221
34222
34223
34225
34226
34227
34228
34229
34230
34231
34232
34233
34234
34235
34237
34238
34239
34240
34241
34242
34243
34244
34245
34246
34247
34249
34250
34251
34252
34253
34254
34255
34256
34257
34258
34259
34261
34262
34263
34264
34265
34266
34267
34268
34269
34270
34271
34393
34394
34395
34396
34397
34398
34399
34400
34401
34402
34403
34405
34406
34407
34408
34409
34410
34411
34412
34413
34414
34415
34417
34418
34419
34420
34421
34422
34423
34424
34425
34426
34427
34429
34430
34431
34432
34433
34434
34435
34436
34437
34438
34439
34441
34442
34443
34444
34445
34446
34447
34448
34449
34450
34451
34453
34454
34455
34456
34457
34458
34459
34460
34461
34462
34463
34465
34466
34467
34468
34469
34470
34471
34472
34473
34474
34475
34477
34478
34479
34480
34481
34482
34483
34484
34485
34486
34487
34489
34490
34491
34492
34493
34494
34495
34496
34497
34498
34499
34501
34502
34503
34504
34505
34506
34507
34508
34509
34510
34511
34633
34634
34635
34636
34637
34638
34639
34640
34641
34642
34643
34645
34646
34647
34648
34649
34650
34651
34652
34653
34654
34655
34657
34658
34659
34660
34661
34662
34663
34664
34665
34666
34667
34669
34670
34671
34672
34673
34674
34675
34676
34677
34678
34679
34681
34682
34683
34684
34685
34686
34687
34688
34689
34690
34691
34693
34694
34695
34696
34697
34698
34699
34700
34701
34702
34703
34705
34706
34707
34708
34709
34710
34711
34712
34713
34714
34715
34717
34718
34719
34720
34721
34722
34723
34724
34725
34726
34727
34729
34730
34731
34732
34733
34734
34735
34736
34737
34738
34739
34741
34742
34743
34744
34745
34746
34747
34748
34749
34750
34751
34873
34874
34875
34876
34877
34878
34879
34880
34881
34882
34883
34885
34886
34887
34888
34889
34890
34891
34892
34893
34894
34895
34897
34898
34899
34900
34901
34902
34903
34904
34905
34906
34907
34909
34910
34911
34912
34913
34914
34915
34916
34917
34918
34919
34921
34922
34923
34924
34925
34926
34927
34928
34929
34930
34931
34933
34934
34935
34936
34937
34938
34939
34940
34941
34942
34943
34945
34946
34947
34948
34949
34950
34951
34952
34953
34954
34955
34957
34958
34959
34960
34961
34962
34963
34964
34965
34966
34967
34969
34970
34971
34972
34973
34974
34975
34976
34977
34978
34979
34981
34982
34983
34984
34985
34986
34987
34988
34989
34990
34991
35113
35114
35115
35116
35117
35118
35119
35120
35121
35122
35125
35126
35127
35128
35129
35130
35131
35132
35133
35137
35138
35139
35140
35141
35142
35143
35144
35149
35150
35151
35152
35153
35154
35155
35161
35162
35163
35164
35165
35166
35173
35174
35175
35176
35177
35185
35186
35187
35188
35189
35197
35198
35199
35200
35209
35210
35211
35221
35222
)


// ************************************************************************* //
