/*--------------------------------*- C++ -*----------------------------------*\
  =========                 |
  \\      /  F ield         | OpenFOAM: The Open Source CFD Toolbox
   \\    /   O peration     | Website:  https://openfoam.org
    \\  /    A nd           | Version:  7
     \\/     M anipulation  |
\*---------------------------------------------------------------------------*/
FoamFile
{
    version     2.0;
    format      ascii;
    class       labelList;
    location    "constant/polyMesh";
    object      faceProcAddressing;
}
// * * * * * * * * * * * * * * * * * * * * * * * * * * * * * * * * * * * * * //


4172
(
86629
86631
86632
86633
86635
86636
86637
86639
86640
86641
86643
86644
86645
86647
86648
86649
86651
86652
86653
86655
86656
86657
86659
86660
86661
86663
86664
86665
86667
86668
86670
86671
87049
87051
87052
87053
87055
87056
87057
87059
87060
87061
87063
87064
87065
87067
87068
87069
87071
87072
87073
87075
87076
87077
87079
87080
87081
87083
87084
87085
87087
87088
87090
87091
87469
87471
87472
87473
87475
87476
87477
87479
87480
87481
87483
87484
87485
87487
87488
87489
87491
87492
87493
87495
87496
87497
87499
87500
87501
87503
87504
87505
87507
87508
87510
87511
87889
87891
87892
87893
87895
87896
87897
87899
87900
87901
87903
87904
87905
87907
87908
87909
87911
87912
87913
87915
87916
87917
87919
87920
87921
87923
87924
87925
87927
87928
87930
87931
88309
88311
88312
88313
88315
88316
88317
88319
88320
88321
88323
88324
88325
88327
88328
88329
88331
88332
88333
88335
88336
88337
88339
88340
88341
88343
88344
88345
88347
88348
88350
88351
88729
88731
88732
88733
88735
88736
88737
88739
88740
88741
88743
88744
88745
88747
88748
88749
88751
88752
88753
88755
88756
88757
88759
88760
88761
88763
88764
88765
88767
88768
88770
88771
89149
89151
89152
89153
89155
89156
89157
89159
89160
89161
89163
89164
89165
89167
89168
89169
89171
89172
89173
89175
89176
89177
89179
89180
89181
89183
89184
89185
89187
89188
89190
89191
89569
89571
89572
89573
89575
89576
89577
89579
89580
89581
89583
89584
89585
89587
89588
89589
89591
89592
89593
89595
89596
89597
89599
89600
89601
89603
89604
89605
89607
89608
89610
89611
89989
89991
89992
89993
89995
89996
89997
89999
90000
90001
90003
90004
90005
90007
90008
90009
90011
90012
90013
90015
90016
90017
90019
90020
90021
90023
90024
90025
90027
90028
90030
90031
90409
90411
90412
90413
90416
90417
90420
90421
90424
90425
90428
90429
90432
90433
90436
90437
90440
90441
90444
90445
90448
90451
90832
95666
95667
95668
95669
95670
95671
95672
95673
95674
95675
95676
95677
95678
95679
95680
95681
95682
95683
95684
95685
95686
95687
95688
95689
95690
95691
95692
95693
95694
95695
95696
95697
95701
95702
95703
95704
95705
95706
95707
95708
95709
95710
95711
95712
95713
95714
95715
95716
95717
95718
95719
95720
95721
95722
95723
95724
95725
95726
95727
95728
95729
95730
95731
95732
95736
95737
95738
95739
95740
95741
95742
95743
95744
95745
95746
95747
95748
95749
95750
95751
95752
95753
95754
95755
95756
95757
95758
95759
95760
95761
95762
95763
95764
95765
95766
95767
95771
95772
95773
95774
95775
95776
95777
95778
95779
95780
95781
95782
95783
95784
95785
95786
95787
95788
95789
95790
95791
95792
95793
95794
95795
95796
95797
95798
95799
95800
95801
95802
95806
95807
95808
95809
95810
95811
95812
95813
95814
95815
95816
95817
95818
95819
95820
95821
95822
95823
95824
95825
95826
95827
95828
95829
95830
95831
95832
95833
95834
95835
95836
95837
95841
95842
95843
95844
95845
95846
95847
95848
95849
95850
95851
95852
95853
95854
95855
95856
95857
95858
95859
95860
95861
95862
95863
95864
95865
95866
95867
95868
95869
95870
95871
95872
95876
95877
95878
95879
95880
95881
95882
95883
95884
95885
95886
95887
95888
95889
95890
95891
95892
95893
95894
95895
95896
95897
95898
95899
95900
95901
95902
95903
95904
95905
95906
95907
95911
95912
95913
95914
95915
95916
95917
95918
95919
95920
95921
95922
95923
95924
95925
95926
95927
95928
95929
95930
95931
95932
95933
95934
95935
95936
95937
95938
95939
95940
95941
95942
95946
95947
95948
95949
95950
95951
95952
95953
95954
95955
95956
95957
95958
95959
95960
95961
95962
95963
95964
95965
95966
95967
95968
95969
95970
95971
95972
95973
95974
95975
95976
95977
95980
95981
95982
95983
95984
95985
95986
95987
95988
95989
95990
95991
95992
95993
95994
95995
95996
95997
95998
95999
96000
96366
96367
96368
96369
96370
96371
96372
96373
96374
96375
96376
96377
96378
96379
96380
96381
96382
96383
96384
96385
96386
96387
96388
96389
96390
96391
96392
96393
96394
96395
96396
96397
96401
96402
96403
96404
96405
96406
96407
96408
96409
96410
96411
96412
96413
96414
96415
96416
96417
96418
96419
96420
96421
96422
96423
96424
96425
96426
96427
96428
96429
96430
96431
96432
96436
96437
96438
96439
96440
96441
96442
96443
96444
96445
96446
96447
96448
96449
96450
96451
96452
96453
96454
96455
96456
96457
96458
96459
96460
96461
96462
96463
96464
96465
96466
96467
96471
96472
96473
96474
96475
96476
96477
96478
96479
96480
96481
96482
96483
96484
96485
96486
96487
96488
96489
96490
96491
96492
96493
96494
96495
96496
96497
96498
96499
96500
96501
96502
96506
96507
96508
96509
96510
96511
96512
96513
96514
96515
96516
96517
96518
96519
96520
96521
96522
96523
96524
96525
96526
96527
96528
96529
96530
96531
96532
96533
96534
96535
96536
96537
96541
96542
96543
96544
96545
96546
96547
96548
96549
96550
96551
96552
96553
96554
96555
96556
96557
96558
96559
96560
96561
96562
96563
96564
96565
96566
96567
96568
96569
96570
96571
96572
96576
96577
96578
96579
96580
96581
96582
96583
96584
96585
96586
96587
96588
96589
96590
96591
96592
96593
96594
96595
96596
96597
96598
96599
96600
96601
96602
96603
96604
96605
96606
96607
96611
96612
96613
96614
96615
96616
96617
96618
96619
96620
96621
96622
96623
96624
96625
96626
96627
96628
96629
96630
96631
96632
96633
96634
96635
96636
96637
96638
96639
96640
96641
96642
96646
96647
96648
96649
96650
96651
96652
96653
96654
96655
96656
96657
96658
96659
96660
96661
96662
96663
96664
96665
96666
96667
96668
96669
96670
96671
96672
96673
96674
96675
96676
96677
96680
96681
96682
96683
96684
96685
96686
96687
96688
96689
96690
96691
96692
96693
96694
96695
96696
96697
96698
96699
96700
97066
97067
97068
97069
97070
97071
97072
97073
97074
97075
97076
97077
97078
97079
97080
97081
97082
97083
97084
97085
97086
97087
97088
97089
97090
97091
97092
97093
97094
97095
97096
97097
97101
97102
97103
97104
97105
97106
97107
97108
97109
97110
97111
97112
97113
97114
97115
97116
97117
97118
97119
97120
97121
97122
97123
97124
97125
97126
97127
97128
97129
97130
97131
97132
97136
97137
97138
97139
97140
97141
97142
97143
97144
97145
97146
97147
97148
97149
97150
97151
97152
97153
97154
97155
97156
97157
97158
97159
97160
97161
97162
97163
97164
97165
97166
97167
97171
97172
97173
97174
97175
97176
97177
97178
97179
97180
97181
97182
97183
97184
97185
97186
97187
97188
97189
97190
97191
97192
97193
97194
97195
97196
97197
97198
97199
97200
97201
97202
97206
97207
97208
97209
97210
97211
97212
97213
97214
97215
97216
97217
97218
97219
97220
97221
97222
97223
97224
97225
97226
97227
97228
97229
97230
97231
97232
97233
97234
97235
97236
97237
97241
97242
97243
97244
97245
97246
97247
97248
97249
97250
97251
97252
97253
97254
97255
97256
97257
97258
97259
97260
97261
97262
97263
97264
97265
97266
97267
97268
97269
97270
97271
97272
97276
97277
97278
97279
97280
97281
97282
97283
97284
97285
97286
97287
97288
97289
97290
97291
97292
97293
97294
97295
97296
97297
97298
97299
97300
97301
97302
97303
97304
97305
97306
97307
97311
97312
97313
97314
97315
97316
97317
97318
97319
97320
97321
97322
97323
97324
97325
97326
97327
97328
97329
97330
97331
97332
97333
97334
97335
97336
97337
97338
97339
97340
97341
97342
97346
97347
97348
97349
97350
97351
97352
97353
97354
97355
97356
97357
97358
97359
97360
97361
97362
97363
97364
97365
97366
97367
97368
97369
97370
97371
97372
97373
97374
97375
97376
97377
97380
97381
97382
97383
97384
97385
97386
97387
97388
97389
97390
97391
97392
97393
97394
97395
97396
97397
97398
97399
97400
97766
97767
97768
97769
97770
97771
97772
97773
97774
97775
97776
97777
97778
97779
97780
97781
97782
97783
97784
97785
97786
97787
97788
97789
97790
97791
97792
97793
97794
97795
97796
97797
97801
97802
97803
97804
97805
97806
97807
97808
97809
97810
97811
97812
97813
97814
97815
97816
97817
97818
97819
97820
97821
97822
97823
97824
97825
97826
97827
97828
97829
97830
97831
97832
97836
97837
97838
97839
97840
97841
97842
97843
97844
97845
97846
97847
97848
97849
97850
97851
97852
97853
97854
97855
97856
97857
97858
97859
97860
97861
97862
97863
97864
97865
97866
97867
97871
97872
97873
97874
97875
97876
97877
97878
97879
97880
97881
97882
97883
97884
97885
97886
97887
97888
97889
97890
97891
97892
97893
97894
97895
97896
97897
97898
97899
97900
97901
97902
97906
97907
97908
97909
97910
97911
97912
97913
97914
97915
97916
97917
97918
97919
97920
97921
97922
97923
97924
97925
97926
97927
97928
97929
97930
97931
97932
97933
97934
97935
97936
97937
97941
97942
97943
97944
97945
97946
97947
97948
97949
97950
97951
97952
97953
97954
97955
97956
97957
97958
97959
97960
97961
97962
97963
97964
97965
97966
97967
97968
97969
97970
97971
97972
97976
97977
97978
97979
97980
97981
97982
97983
97984
97985
97986
97987
97988
97989
97990
97991
97992
97993
97994
97995
97996
97997
97998
97999
98000
98001
98002
98003
98004
98005
98006
98007
98011
98012
98013
98014
98015
98016
98017
98018
98019
98020
98021
98022
98023
98024
98025
98026
98027
98028
98029
98030
98031
98032
98033
98034
98035
98036
98037
98038
98039
98040
98041
98042
98046
98047
98048
98049
98050
98051
98052
98053
98054
98055
98056
98057
98058
98059
98060
98061
98062
98063
98064
98065
98066
98067
98068
98069
98070
98071
98072
98073
98074
98075
98076
98077
98080
98081
98082
98083
98084
98085
98086
98087
98088
98089
98090
98091
98092
98093
98094
98095
98096
98097
98098
98099
98100
98466
98467
98468
98469
98470
98471
98472
98473
98474
98475
98476
98477
98478
98479
98480
98481
98482
98483
98484
98485
98486
98487
98488
98489
98490
98491
98492
98493
98494
98495
98496
98497
98501
98502
98503
98504
98505
98506
98507
98508
98509
98510
98511
98512
98513
98514
98515
98516
98517
98518
98519
98520
98521
98522
98523
98524
98525
98526
98527
98528
98529
98530
98531
98532
98536
98537
98538
98539
98540
98541
98542
98543
98544
98545
98546
98547
98548
98549
98550
98551
98552
98553
98554
98555
98556
98557
98558
98559
98560
98561
98562
98563
98564
98565
98566
98567
98571
98572
98573
98574
98575
98576
98577
98578
98579
98580
98581
98582
98583
98584
98585
98586
98587
98588
98589
98590
98591
98592
98593
98594
98595
98596
98597
98598
98599
98600
98601
98602
98606
98607
98608
98609
98610
98611
98612
98613
98614
98615
98616
98617
98618
98619
98620
98621
98622
98623
98624
98625
98626
98627
98628
98629
98630
98631
98632
98633
98634
98635
98636
98637
98641
98642
98643
98644
98645
98646
98647
98648
98649
98650
98651
98652
98653
98654
98655
98656
98657
98658
98659
98660
98661
98662
98663
98664
98665
98666
98667
98668
98669
98670
98671
98672
98676
98677
98678
98679
98680
98681
98682
98683
98684
98685
98686
98687
98688
98689
98690
98691
98692
98693
98694
98695
98696
98697
98698
98699
98700
98701
98702
98703
98704
98705
98706
98707
98711
98712
98713
98714
98715
98716
98717
98718
98719
98720
98721
98722
98723
98724
98725
98726
98727
98728
98729
98730
98731
98732
98733
98734
98735
98736
98737
98738
98739
98740
98741
98742
98746
98747
98748
98749
98750
98751
98752
98753
98754
98755
98756
98757
98758
98759
98760
98761
98762
98763
98764
98765
98766
98767
98768
98769
98770
98771
98772
98773
98774
98775
98776
98777
98780
98781
98782
98783
98784
98785
98786
98787
98788
98789
98790
98791
98792
98793
98794
98795
98796
98797
98798
98799
98800
99166
99167
99168
99169
99170
99171
99172
99173
99174
99175
99176
99177
99178
99179
99180
99181
99182
99183
99184
99185
99186
99187
99188
99189
99190
99191
99192
99193
99194
99195
99196
99197
99201
99202
99203
99204
99205
99206
99207
99208
99209
99210
99211
99212
99213
99214
99215
99216
99217
99218
99219
99220
99221
99222
99223
99224
99225
99226
99227
99228
99229
99230
99231
99232
99236
99237
99238
99239
99240
99241
99242
99243
99244
99245
99246
99247
99248
99249
99250
99251
99252
99253
99254
99255
99256
99257
99258
99259
99260
99261
99262
99263
99264
99265
99266
99267
99271
99272
99273
99274
99275
99276
99277
99278
99279
99280
99281
99282
99283
99284
99285
99286
99287
99288
99289
99290
99291
99292
99293
99294
99295
99296
99297
99298
99299
99300
99301
99302
99306
99307
99308
99309
99310
99311
99312
99313
99314
99315
99316
99317
99318
99319
99320
99321
99322
99323
99324
99325
99326
99327
99328
99329
99330
99331
99332
99333
99334
99335
99336
99337
99341
99342
99343
99344
99345
99346
99347
99348
99349
99350
99351
99352
99353
99354
99355
99356
99357
99358
99359
99360
99361
99362
99363
99364
99365
99366
99367
99368
99369
99370
99371
99372
99376
99377
99378
99379
99380
99381
99382
99383
99384
99385
99386
99387
99388
99389
99390
99391
99392
99393
99394
99395
99396
99397
99398
99399
99400
99401
99402
99403
99404
99405
99406
99407
99411
99412
99413
99414
99415
99416
99417
99418
99419
99420
99421
99422
99423
99424
99425
99426
99427
99428
99429
99430
99431
99432
99433
99434
99435
99436
99437
99438
99439
99440
99441
99442
99446
99447
99448
99449
99450
99451
99452
99453
99454
99455
99456
99457
99458
99459
99460
99461
99462
99463
99464
99465
99466
99467
99468
99469
99470
99471
99472
99473
99474
99475
99476
99477
99480
99481
99482
99483
99484
99485
99486
99487
99488
99489
99490
99491
99492
99493
99494
99495
99496
99497
99498
99499
99500
99866
99867
99868
99869
99870
99871
99872
99873
99874
99875
99876
99877
99878
99879
99880
99881
99882
99883
99884
99885
99886
99887
99888
99889
99890
99891
99892
99893
99894
99895
99896
99897
99901
99902
99903
99904
99905
99906
99907
99908
99909
99910
99911
99912
99913
99914
99915
99916
99917
99918
99919
99920
99921
99922
99923
99924
99925
99926
99927
99928
99929
99930
99931
99932
99936
99937
99938
99939
99940
99941
99942
99943
99944
99945
99946
99947
99948
99949
99950
99951
99952
99953
99954
99955
99956
99957
99958
99959
99960
99961
99962
99963
99964
99965
99966
99967
99971
99972
99973
99974
99975
99976
99977
99978
99979
99980
99981
99982
99983
99984
99985
99986
99987
99988
99989
99990
99991
99992
99993
99994
99995
99996
99997
99998
99999
100000
100001
100002
100006
100007
100008
100009
100010
100011
100012
100013
100014
100015
100016
100017
100018
100019
100020
100021
100022
100023
100024
100025
100026
100027
100028
100029
100030
100031
100032
100033
100034
100035
100036
100037
100041
100042
100043
100044
100045
100046
100047
100048
100049
100050
100051
100052
100053
100054
100055
100056
100057
100058
100059
100060
100061
100062
100063
100064
100065
100066
100067
100068
100069
100070
100071
100072
100076
100077
100078
100079
100080
100081
100082
100083
100084
100085
100086
100087
100088
100089
100090
100091
100092
100093
100094
100095
100096
100097
100098
100099
100100
100101
100102
100103
100104
100105
100106
100107
100111
100112
100113
100114
100115
100116
100117
100118
100119
100120
100121
100122
100123
100124
100125
100126
100127
100128
100129
100130
100131
100132
100133
100134
100135
100136
100137
100138
100139
100140
100141
100142
100146
100147
100148
100149
100150
100151
100152
100153
100154
100155
100156
100157
100158
100159
100160
100161
100162
100163
100164
100165
100166
100167
100168
100169
100170
100171
100172
100173
100174
100175
100176
100177
100180
100181
100182
100183
100184
100185
100186
100187
100188
100189
100190
100191
100192
100193
100194
100195
100196
100197
100198
100199
100200
100566
100567
100568
100569
100570
100571
100572
100573
100574
100575
100576
100577
100578
100579
100580
100581
100582
100583
100584
100585
100586
100587
100588
100589
100590
100591
100592
100593
100594
100595
100596
100597
100601
100602
100603
100604
100605
100606
100607
100608
100609
100610
100611
100612
100613
100614
100615
100616
100617
100618
100619
100620
100621
100622
100623
100624
100625
100626
100627
100628
100629
100630
100631
100632
100636
100637
100638
100639
100640
100641
100642
100643
100644
100645
100646
100647
100648
100649
100650
100651
100652
100653
100654
100655
100656
100657
100658
100659
100660
100661
100662
100663
100664
100665
100666
100667
100671
100672
100673
100674
100675
100676
100677
100678
100679
100680
100681
100682
100683
100684
100685
100686
100687
100688
100689
100690
100691
100692
100693
100694
100695
100696
100697
100698
100699
100700
100701
100702
100706
100707
100708
100709
100710
100711
100712
100713
100714
100715
100716
100717
100718
100719
100720
100721
100722
100723
100724
100725
100726
100727
100728
100729
100730
100731
100732
100733
100734
100735
100736
100737
100741
100742
100743
100744
100745
100746
100747
100748
100749
100750
100751
100752
100753
100754
100755
100756
100757
100758
100759
100760
100761
100762
100763
100764
100765
100766
100767
100768
100769
100770
100771
100772
100776
100777
100778
100779
100780
100781
100782
100783
100784
100785
100786
100787
100788
100789
100790
100791
100792
100793
100794
100795
100796
100797
100798
100799
100800
100801
100802
100803
100804
100805
100806
100807
100811
100812
100813
100814
100815
100816
100817
100818
100819
100820
100821
100822
100823
100824
100825
100826
100827
100828
100829
100830
100831
100832
100833
100834
100835
100836
100837
100838
100839
100840
100841
100842
100846
100847
100848
100849
100850
100851
100852
100853
100854
100855
100856
100857
100858
100859
100860
100861
100862
100863
100864
100865
100866
100867
100868
100869
100870
100871
100872
100873
100874
100875
100876
100877
100880
100881
100882
100883
100884
100885
100886
100887
100888
100889
100890
100891
100892
100893
100894
100895
100896
100897
100898
100899
100900
101266
101267
101268
101269
101270
101271
101272
101273
101274
101275
101276
101277
101278
101279
101280
101281
101282
101283
101284
101285
101286
101287
101288
101289
101290
101291
101292
101293
101294
101295
101296
101297
101301
101302
101303
101304
101305
101306
101307
101308
101309
101310
101311
101312
101313
101314
101315
101316
101317
101318
101319
101320
101321
101322
101323
101324
101325
101326
101327
101328
101329
101330
101331
101332
101336
101337
101338
101339
101340
101341
101342
101343
101344
101345
101346
101347
101348
101349
101350
101351
101352
101353
101354
101355
101356
101357
101358
101359
101360
101361
101362
101363
101364
101365
101366
101367
101371
101372
101373
101374
101375
101376
101377
101378
101379
101380
101381
101382
101383
101384
101385
101386
101387
101388
101389
101390
101391
101392
101393
101394
101395
101396
101397
101398
101399
101400
101401
101402
101406
101407
101408
101409
101410
101411
101412
101413
101414
101415
101416
101417
101418
101419
101420
101421
101422
101423
101424
101425
101426
101427
101428
101429
101430
101431
101432
101433
101434
101435
101436
101437
101441
101442
101443
101444
101445
101446
101447
101448
101449
101450
101451
101452
101453
101454
101455
101456
101457
101458
101459
101460
101461
101462
101463
101464
101465
101466
101467
101468
101469
101470
101471
101472
101476
101477
101478
101479
101480
101481
101482
101483
101484
101485
101486
101487
101488
101489
101490
101491
101492
101493
101494
101495
101496
101497
101498
101499
101500
101501
101502
101503
101504
101505
101506
101507
101511
101512
101513
101514
101515
101516
101517
101518
101519
101520
101521
101522
101523
101524
101525
101526
101527
101528
101529
101530
101531
101532
101533
101534
101535
101536
101537
101538
101539
101540
101541
101542
101546
101547
101548
101549
101550
101551
101552
101553
101554
101555
101556
101557
101558
101559
101560
101561
101562
101563
101564
101565
101566
101567
101568
101569
101570
101571
101572
101573
101574
101575
101576
101577
101580
101581
101582
101583
101584
101585
101586
101587
101588
101589
101590
101591
101592
101593
101594
101595
101596
101597
101598
101599
101600
101966
101967
101968
101969
101970
101971
101972
101973
101974
101975
101976
101977
101978
101979
101980
101981
101982
101983
101984
101985
101986
101987
101988
101989
101990
101991
101992
101993
101994
101995
101996
102001
102002
102003
102004
102005
102006
102007
102008
102009
102010
102011
102012
102013
102014
102015
102016
102017
102018
102019
102020
102021
102022
102023
102024
102025
102026
102027
102028
102029
102031
102036
102037
102038
102039
102040
102041
102042
102043
102044
102045
102046
102047
102048
102049
102050
102051
102052
102053
102054
102055
102056
102057
102058
102059
102060
102061
102063
102064
102066
102071
102072
102073
102074
102075
102076
102077
102078
102079
102080
102081
102082
102083
102084
102085
102086
102087
102088
102089
102090
102091
102092
102093
102095
102096
102098
102099
102101
102106
102107
102108
102109
102110
102111
102112
102113
102114
102115
102116
102117
102118
102119
102120
102121
102122
102123
102124
102125
102127
102128
102130
102131
102133
102134
102136
102141
102142
102143
102144
102145
102146
102147
102148
102149
102150
102151
102152
102153
102154
102155
102156
102157
102159
102160
102162
102163
102165
102166
102168
102169
102171
102176
102177
102178
102179
102180
102181
102182
102183
102184
102185
102186
102187
102188
102189
102190
102191
102192
102194
102195
102197
102198
102200
102201
102203
102204
102206
102211
102212
102213
102214
102215
102216
102217
102218
102219
102220
102221
102222
102223
102224
102226
102227
102229
102230
102232
102233
102235
102236
102238
102239
102241
102246
102247
102248
102249
102250
102251
102252
102253
102254
102255
102256
102258
102259
102261
102262
102264
102265
102267
102268
102270
102271
102273
102274
102276
102280
102281
102282
102283
102284
102286
102288
102290
102292
102294
102296
102298
102666
102667
102669
102670
102672
102673
102675
102676
102678
102679
102681
102682
102684
102685
102687
102688
102690
102691
102701
102702
102704
102705
102707
102708
102710
102711
102713
102714
102716
102717
102719
102720
102722
102723
102736
102737
102739
102740
102742
102743
102745
102746
102748
102749
102751
102752
102754
102755
102771
102772
102774
102775
102777
102778
102780
102781
102783
102784
102786
102787
102806
102807
102809
102810
102812
102813
102815
102816
102818
102819
102841
102842
102844
102845
102847
102848
102850
102851
102854
102876
102877
102879
102880
102882
102883
102885
102886
102911
102912
102914
102915
102917
102918
102946
102947
102949
102950
102980
121219
121220
121221
121222
121223
121224
121225
121226
121227
121228
121239
121240
121241
121242
121243
121244
121245
121246
121247
121248
121259
121260
121261
121262
121263
121264
121265
121266
121267
121268
121279
121280
121281
121282
121283
121284
121285
121286
121287
121288
121299
121300
121301
121302
121303
121304
121305
121306
121307
121308
121319
121320
121321
121322
121323
121324
121325
121326
121327
121328
121339
121340
121341
121342
121343
121344
121345
121346
121347
121348
121359
121360
121361
121362
121363
121364
121365
121366
121367
121368
121379
121380
121381
121382
121383
121384
121385
121386
121387
121388
121399
121400
121401
121402
121403
121404
121405
121406
121407
121408
121629
121641
121653
121665
121677
121689
121701
121713
121725
121737
123079
123080
123081
123082
123083
123084
123085
123086
123087
123088
123099
123100
123101
123102
123103
123104
123105
123106
123107
123108
123119
123120
123121
123122
123123
123124
123125
123126
123127
123128
123139
123140
123141
123142
123143
123144
123145
123146
123147
123148
123159
123160
123161
123162
123163
123164
123165
123166
123167
123168
123179
123180
123181
123182
123183
123184
123185
123186
123187
123188
123199
123200
123201
123202
123203
123204
123205
123206
123207
123208
123219
123220
123221
123222
123223
123224
123225
123226
123227
123228
123239
123240
123241
123242
123243
123244
123245
123246
123247
123248
123259
123260
123261
123262
123263
123264
123265
123266
123267
123268
123279
123280
123281
123282
123283
123284
123285
123286
123287
123288
123685
123697
123709
123721
123733
123745
123757
123769
123781
123793
123805
-95632
-95635
-95638
-95641
-95644
-95647
-95650
-95653
-95656
-95659
-95661
-96332
-96335
-96338
-96341
-96344
-96347
-96350
-96353
-96356
-96359
-96361
-97032
-97035
-97038
-97041
-97044
-97047
-97050
-97053
-97056
-97059
-97061
-97732
-97735
-97738
-97741
-97744
-97747
-97750
-97753
-97756
-97759
-97761
-98432
-98435
-98438
-98441
-98444
-98447
-98450
-98453
-98456
-98459
-98461
-99132
-99135
-99138
-99141
-99144
-99147
-99150
-99153
-99156
-99159
-99161
-99832
-99835
-99838
-99841
-99844
-99847
-99850
-99853
-99856
-99859
-99861
-100532
-100535
-100538
-100541
-100544
-100547
-100550
-100553
-100556
-100559
-100561
-101232
-101235
-101238
-101241
-101244
-101247
-101250
-101253
-101256
-101259
-101261
-101932
-101935
-101938
-101941
-101944
-101947
-101950
-101953
-101956
-101959
-101961
-102632
-86625
-87045
-87465
-87885
-88305
-88725
-89145
-89565
-89985
-90405
-95663
-95698
-95733
-95768
-95803
-95838
-95873
-95908
-95943
-95978
-96363
-96398
-96433
-96468
-96503
-96538
-96573
-96608
-96643
-96678
-97063
-97098
-97133
-97168
-97203
-97238
-97273
-97308
-97343
-97378
-97763
-97798
-97833
-97868
-97903
-97938
-97973
-98008
-98043
-98078
-98463
-98498
-98533
-98568
-98603
-98638
-98673
-98708
-98743
-98778
-99163
-99198
-99233
-99268
-99303
-99338
-99373
-99408
-99443
-99478
-99863
-99898
-99933
-99968
-100003
-100038
-100073
-100108
-100143
-100178
-100563
-100598
-100633
-100668
-100703
-100738
-100773
-100808
-100843
-100878
-101263
-101298
-101333
-101368
-101403
-101438
-101473
-101508
-101543
-101578
-101963
-101998
-102033
-102068
-102103
-102138
-102173
-102208
-102243
-102278
86630
86634
86638
86642
86646
86650
86654
86658
86662
86666
86669
87050
87054
87058
87062
87066
87070
87074
87078
87082
87086
87089
87470
87474
87478
87482
87486
87490
87494
87498
87502
87506
87509
87890
87894
87898
87902
87906
87910
87914
87918
87922
87926
87929
88310
88314
88318
88322
88326
88330
88334
88338
88342
88346
88349
88730
88734
88738
88742
88746
88750
88754
88758
88762
88766
88769
89150
89154
89158
89162
89166
89170
89174
89178
89182
89186
89189
89570
89574
89578
89582
89586
89590
89594
89598
89602
89606
89609
89990
89994
89998
90002
90006
90010
90014
90018
90022
90026
90029
90410
90414
90418
90422
90426
90430
90434
90438
90442
90446
90449
90830
-102635
-102638
-102641
-102644
-102647
-102650
-102653
-102656
-102659
-90825
-102663
-102698
-102733
-102768
-102803
-102838
-102873
-102908
-102943
-102978
90415
90419
90423
90427
90431
90435
90439
90443
90447
90450
90829
90831
-90836
101997
102030
102032
102062
102065
102067
102094
102097
102100
102102
102126
102129
102132
102135
102137
102158
102161
102164
102167
102170
102172
102193
102196
102199
102202
102205
102207
102225
102228
102231
102234
102237
102240
102242
102257
102260
102263
102266
102269
102272
102275
102277
102285
102287
102289
102291
102293
102295
102297
102299
102300
102668
102671
102674
102677
102680
102683
102686
102689
102692
102693
102694
102695
102703
102706
102709
102712
102715
102718
102721
102724
102725
102726
102727
102738
102741
102744
102747
102750
102753
102756
102757
102758
102759
102773
102776
102779
102782
102785
102788
102789
102790
102791
102808
102811
102814
102817
102820
102821
102822
102823
102843
102846
102849
102852
102853
102855
102878
102881
102884
102887
102888
102889
102890
102913
102916
102919
102920
102921
102922
102948
102951
102952
102953
102954
102981
102982
102983
)


// ************************************************************************* //
