/*--------------------------------*- C++ -*----------------------------------*\
  =========                 |
  \\      /  F ield         | OpenFOAM: The Open Source CFD Toolbox
   \\    /   O peration     | Website:  https://openfoam.org
    \\  /    A nd           | Version:  7
     \\/     M anipulation  |
\*---------------------------------------------------------------------------*/
FoamFile
{
    version     2.0;
    format      ascii;
    class       labelList;
    location    "constant/polyMesh";
    object      cellProcAddressing;
}
// * * * * * * * * * * * * * * * * * * * * * * * * * * * * * * * * * * * * * //


1271
(
1583
1607
1619
1631
1643
1655
1667
1679
1691
1703
1715
1727
1751
1763
1775
1787
1799
1811
1823
1835
1847
1859
1871
1895
1907
1919
1931
1943
1955
1967
1979
1991
2003
2015
2039
2051
2063
2075
2087
2099
2111
2123
2135
2147
2159
2183
2195
2207
2219
2231
2243
2255
2267
2279
2291
2303
2327
2339
2351
2363
2375
2387
2399
2411
2423
2435
2447
2471
2483
2495
2507
2519
2531
2543
2555
2567
2579
2591
2615
2627
2639
2651
2663
2675
2687
2699
2711
2723
2735
2759
2771
2783
2795
2807
2819
2831
2843
2855
2867
2879
2903
2915
2927
2939
2951
2963
2975
2987
2999
3011
3023
13537
13556
13557
13575
13576
13577
13594
13595
13596
13597
13612
13613
13614
13615
13616
13617
13631
13632
13633
13634
13635
13636
13637
13650
13651
13652
13653
13654
13655
13656
13657
13669
13670
13671
13672
13673
13674
13675
13676
13677
13688
13689
13690
13691
13692
13693
13694
13695
13696
13697
13708
13709
13710
13711
13712
13713
13714
13715
13716
13717
13748
13749
13750
13751
13752
13753
13754
13755
13756
13757
13768
13769
13770
13771
13772
13773
13774
13775
13776
13777
13788
13789
13790
13791
13792
13793
13794
13795
13796
13797
13808
13809
13810
13811
13812
13813
13814
13815
13816
13817
13828
13829
13830
13831
13832
13833
13834
13835
13836
13837
13848
13849
13850
13851
13852
13853
13854
13855
13856
13857
13868
13869
13870
13871
13872
13873
13874
13875
13876
13877
13888
13889
13890
13891
13892
13893
13894
13895
13896
13897
13908
13909
13910
13911
13912
13913
13914
13915
13916
13917
13928
13929
13930
13931
13932
13933
13934
13935
13936
13937
13948
13949
13950
13951
13952
13953
13954
13955
13956
13957
13988
13989
13990
13991
13992
13993
13994
13995
13996
13997
14008
14009
14010
14011
14012
14013
14014
14015
14016
14017
14028
14029
14030
14031
14032
14033
14034
14035
14036
14037
14048
14049
14050
14051
14052
14053
14054
14055
14056
14057
14068
14069
14070
14071
14072
14073
14074
14075
14076
14077
14088
14089
14090
14091
14092
14093
14094
14095
14096
14097
14108
14109
14110
14111
14112
14113
14114
14115
14116
14117
14128
14129
14130
14131
14132
14133
14134
14135
14136
14137
14148
14149
14150
14151
14152
14153
14154
14155
14156
14157
14168
14169
14170
14171
14172
14173
14174
14175
14176
14177
14188
14189
14190
14191
14192
14193
14194
14195
14196
14197
14228
14229
14230
14231
14232
14233
14234
14235
14236
14237
14248
14249
14250
14251
14252
14253
14254
14255
14256
14257
14268
14269
14270
14271
14272
14273
14274
14275
14276
14277
14288
14289
14290
14291
14292
14293
14294
14295
14296
14297
14308
14309
14310
14311
14312
14313
14314
14315
14316
14317
14328
14329
14330
14331
14332
14333
14334
14335
14336
14337
14348
14349
14350
14351
14352
14353
14354
14355
14356
14357
14368
14369
14370
14371
14372
14373
14374
14375
14376
14377
14388
14389
14390
14391
14392
14393
14394
14395
14396
14397
14408
14409
14410
14411
14412
14413
14414
14415
14416
14417
14428
14429
14430
14431
14432
14433
14434
14435
14436
14437
14468
14469
14470
14471
14472
14473
14474
14475
14476
14477
14488
14489
14490
14491
14492
14493
14494
14495
14496
14497
14508
14509
14510
14511
14512
14513
14514
14515
14516
14517
14528
14529
14530
14531
14532
14533
14534
14535
14536
14537
14548
14549
14550
14551
14552
14553
14554
14555
14556
14557
14568
14569
14570
14571
14572
14573
14574
14575
14576
14577
14588
14589
14590
14591
14592
14593
14594
14595
14596
14597
14608
14609
14610
14611
14612
14613
14614
14615
14616
14617
14628
14629
14630
14631
14632
14633
14634
14635
14636
14637
14648
14649
14650
14651
14652
14653
14654
14655
14656
14657
14668
14669
14670
14671
14672
14673
14674
14675
14676
14677
14708
14709
14710
14711
14712
14713
14714
14715
14716
14717
14728
14729
14730
14731
14732
14733
14734
14735
14736
14737
14748
14749
14750
14751
14752
14753
14754
14755
14756
14757
14768
14769
14770
14771
14772
14773
14774
14775
14776
14777
14788
14789
14790
14791
14792
14793
14794
14795
14796
14797
14808
14809
14810
14811
14812
14813
14814
14815
14816
14817
14828
14829
14830
14831
14832
14833
14834
14835
14836
14837
14848
14849
14850
14851
14852
14853
14854
14855
14856
14857
14868
14869
14870
14871
14872
14873
14874
14875
14876
14877
14888
14889
14890
14891
14892
14893
14894
14895
14896
14897
14908
14909
14910
14911
14912
14913
14914
14915
14916
14917
14948
14949
14950
14951
14952
14953
14954
14955
14956
14957
14968
14969
14970
14971
14972
14973
14974
14975
14976
14977
14988
14989
14990
14991
14992
14993
14994
14995
14996
14997
15008
15009
15010
15011
15012
15013
15014
15015
15016
15017
15028
15029
15030
15031
15032
15033
15034
15035
15036
15037
15048
15049
15050
15051
15052
15053
15054
15055
15056
15057
15068
15069
15070
15071
15072
15073
15074
15075
15076
15077
15088
15089
15090
15091
15092
15093
15094
15095
15096
15097
15108
15109
15110
15111
15112
15113
15114
15115
15116
15117
15128
15129
15130
15131
15132
15133
15134
15135
15136
15137
15148
15149
15150
15151
15152
15153
15154
15155
15156
15157
15188
15189
15190
15191
15192
15193
15194
15195
15196
15197
15208
15209
15210
15211
15212
15213
15214
15215
15216
15217
15228
15229
15230
15231
15232
15233
15234
15235
15236
15237
15248
15249
15250
15251
15252
15253
15254
15255
15256
15257
15268
15269
15270
15271
15272
15273
15274
15275
15276
15277
15288
15289
15290
15291
15292
15293
15294
15295
15296
15297
15308
15309
15310
15311
15312
15313
15314
15315
15316
15317
15328
15329
15330
15331
15332
15333
15334
15335
15336
15337
15348
15349
15350
15351
15352
15353
15354
15355
15356
15357
15368
15369
15370
15371
15372
15373
15374
15375
15376
15377
15388
15389
15390
15391
15392
15393
15394
15395
15396
15397
15428
15429
15430
15431
15432
15433
15434
15435
15436
15437
15448
15449
15450
15451
15452
15453
15454
15455
15456
15457
15468
15469
15470
15471
15472
15473
15474
15475
15476
15477
15488
15489
15490
15491
15492
15493
15494
15495
15496
15497
15508
15509
15510
15511
15512
15513
15514
15515
15516
15517
15528
15529
15530
15531
15532
15533
15534
15535
15536
15537
15548
15549
15550
15551
15552
15553
15554
15555
15556
15557
15568
15569
15570
15571
15572
15573
15574
15575
15576
15577
15588
15589
15590
15591
15592
15593
15594
15595
15596
15597
15608
15609
15610
15611
15612
15613
15614
15615
15616
15617
15628
15629
15630
15631
15632
15633
15634
15635
15636
15637
15668
15669
15670
15671
15672
15673
15674
15675
15676
15677
15688
15689
15690
15691
15692
15693
15694
15695
15696
15697
15708
15709
15710
15711
15712
15713
15714
15715
15716
15717
15728
15729
15730
15731
15732
15733
15734
15735
15736
15737
15748
15749
15750
15751
15752
15753
15754
15755
15756
15757
15768
15769
15770
15771
15772
15773
15774
15775
15776
15777
15788
15789
15790
15791
15792
15793
15794
15795
15796
15797
15808
15809
15810
15811
15812
15813
15814
15815
15816
15817
15828
15829
15830
15831
15832
15833
15834
15835
15836
15837
15848
15849
15850
15851
15852
15853
15854
15855
15856
15857
15868
15869
15870
15871
15872
15873
15874
15875
15876
15877
15908
15909
15910
15911
15912
15913
15914
15915
15916
15917
15928
15929
15930
15931
15932
15933
15934
15935
15936
15937
15948
15949
15950
15951
15952
15953
15954
15955
15956
15957
15968
15969
15970
15971
15972
15973
15974
15975
15976
15977
15988
15989
15990
15991
15992
15993
15994
15995
15996
15997
16008
16009
16010
16011
16012
16013
16014
16015
16016
16017
16028
16029
16030
16031
16032
16033
16034
16035
16036
16037
16048
16049
16050
16051
16052
16053
16054
16055
16056
16057
16068
16069
16070
16071
16072
16073
16074
16075
16076
16077
16088
16089
16090
16091
16092
16093
16094
16095
16096
16097
16108
16109
16110
16111
16112
16113
16114
16115
16116
16117
)


// ************************************************************************* //
