/*--------------------------------*- C++ -*----------------------------------*\
  =========                 |
  \\      /  F ield         | OpenFOAM: The Open Source CFD Toolbox
   \\    /   O peration     | Website:  https://openfoam.org
    \\  /    A nd           | Version:  7
     \\/     M anipulation  |
\*---------------------------------------------------------------------------*/
FoamFile
{
    version     2.0;
    format      ascii;
    class       labelList;
    location    "constant/polyMesh";
    object      faceProcAddressing;
}
// * * * * * * * * * * * * * * * * * * * * * * * * * * * * * * * * * * * * * //


4175
(
4751
4752
4834
4835
4836
4870
4871
4872
4906
4907
4908
4942
4943
4944
4978
4979
4980
5014
5015
5016
5050
5051
5052
5086
5087
5088
5122
5123
5124
5158
5159
5160
5183
5184
5266
5267
5268
5302
5303
5304
5338
5339
5340
5374
5375
5376
5410
5411
5412
5446
5447
5448
5482
5483
5484
5518
5519
5520
5554
5555
5556
5590
5591
5592
5615
5616
5698
5699
5700
5734
5735
5736
5770
5771
5772
5806
5807
5808
5842
5843
5844
5878
5879
5880
5914
5915
5916
5950
5951
5952
5986
5987
5988
6022
6023
6024
6047
6048
6130
6131
6132
6166
6167
6168
6202
6203
6204
6238
6239
6240
6274
6275
6276
6310
6311
6312
6346
6347
6348
6382
6383
6384
6418
6419
6420
6454
6455
6456
6479
6480
6562
6563
6564
6598
6599
6600
6634
6635
6636
6670
6671
6672
6706
6707
6708
6742
6743
6744
6778
6779
6780
6814
6815
6816
6850
6851
6852
6886
6887
6888
6911
6912
6994
6995
6996
7030
7031
7032
7066
7067
7068
7102
7103
7104
7138
7139
7140
7174
7175
7176
7210
7211
7212
7246
7247
7248
7282
7283
7284
7318
7319
7320
7343
7344
7426
7427
7428
7462
7463
7464
7498
7499
7500
7534
7535
7536
7570
7571
7572
7606
7607
7608
7642
7643
7644
7678
7679
7680
7714
7715
7716
7750
7751
7752
7775
7776
7858
7859
7860
7894
7895
7896
7930
7931
7932
7966
7967
7968
8002
8003
8004
8038
8039
8040
8074
8075
8076
8110
8111
8112
8146
8147
8148
8182
8183
8184
8207
8208
8290
8291
8292
8326
8327
8328
8362
8363
8364
8398
8399
8400
8434
8435
8436
8470
8471
8472
8506
8507
8508
8542
8543
8544
8578
8579
8580
8614
8615
8616
8639
8640
8699
8700
8723
8724
8747
8748
8771
8772
8795
8796
8819
8820
8843
8844
8867
8868
8891
8892
8915
8916
8928
39853
39854
39909
39910
39911
39913
39914
39966
39967
39968
39969
39970
39971
39973
39974
40023
40024
40025
40026
40027
40028
40029
40030
40031
40033
40034
40077
40078
40079
40080
40081
40082
40083
40084
40085
40086
40087
40088
40089
40090
40091
40093
40094
40134
40135
40136
40137
40138
40139
40140
40141
40142
40143
40144
40145
40146
40147
40148
40149
40150
40151
40153
40154
40191
40192
40193
40194
40195
40196
40197
40198
40199
40200
40201
40202
40203
40204
40205
40206
40207
40208
40209
40210
40211
40213
40214
40248
40249
40250
40251
40252
40253
40254
40255
40256
40257
40258
40259
40260
40261
40262
40263
40264
40265
40266
40267
40268
40269
40270
40271
40273
40274
40305
40306
40307
40308
40309
40310
40311
40312
40313
40314
40315
40316
40317
40318
40319
40320
40321
40322
40323
40324
40325
40326
40327
40328
40329
40330
40331
40333
40334
40365
40366
40367
40368
40369
40370
40371
40372
40373
40374
40375
40376
40377
40378
40379
40380
40381
40382
40384
40485
40486
40487
40488
40489
40490
40491
40492
40493
40494
40495
40496
40497
40498
40499
40500
40501
40502
40503
40504
40505
40506
40507
40508
40509
40510
40511
40513
40514
40545
40546
40547
40548
40549
40550
40551
40552
40553
40554
40555
40556
40557
40558
40559
40560
40561
40562
40563
40564
40565
40566
40567
40568
40569
40570
40571
40573
40574
40605
40606
40607
40608
40609
40610
40611
40612
40613
40614
40615
40616
40617
40618
40619
40620
40621
40622
40623
40624
40625
40626
40627
40628
40629
40630
40631
40633
40634
40665
40666
40667
40668
40669
40670
40671
40672
40673
40674
40675
40676
40677
40678
40679
40680
40681
40682
40683
40684
40685
40686
40687
40688
40689
40690
40691
40693
40694
40725
40726
40727
40728
40729
40730
40731
40732
40733
40734
40735
40736
40737
40738
40739
40740
40741
40742
40743
40744
40745
40746
40747
40748
40749
40750
40751
40753
40754
40785
40786
40787
40788
40789
40790
40791
40792
40793
40794
40795
40796
40797
40798
40799
40800
40801
40802
40803
40804
40805
40806
40807
40808
40809
40810
40811
40813
40814
40845
40846
40847
40848
40849
40850
40851
40852
40853
40854
40855
40856
40857
40858
40859
40860
40861
40862
40863
40864
40865
40866
40867
40868
40869
40870
40871
40873
40874
40905
40906
40907
40908
40909
40910
40911
40912
40913
40914
40915
40916
40917
40918
40919
40920
40921
40922
40923
40924
40925
40926
40927
40928
40929
40930
40931
40933
40934
40965
40966
40967
40968
40969
40970
40971
40972
40973
40974
40975
40976
40977
40978
40979
40980
40981
40982
40983
40984
40985
40986
40987
40988
40989
40990
40991
40993
40994
41025
41026
41027
41028
41029
41030
41031
41032
41033
41034
41035
41036
41037
41038
41039
41040
41041
41042
41043
41044
41045
41046
41047
41048
41049
41050
41051
41053
41054
41085
41086
41087
41088
41089
41090
41091
41092
41093
41094
41095
41096
41097
41098
41099
41100
41101
41102
41104
41205
41206
41207
41208
41209
41210
41211
41212
41213
41214
41215
41216
41217
41218
41219
41220
41221
41222
41223
41224
41225
41226
41227
41228
41229
41230
41231
41233
41234
41265
41266
41267
41268
41269
41270
41271
41272
41273
41274
41275
41276
41277
41278
41279
41280
41281
41282
41283
41284
41285
41286
41287
41288
41289
41290
41291
41293
41294
41325
41326
41327
41328
41329
41330
41331
41332
41333
41334
41335
41336
41337
41338
41339
41340
41341
41342
41343
41344
41345
41346
41347
41348
41349
41350
41351
41353
41354
41385
41386
41387
41388
41389
41390
41391
41392
41393
41394
41395
41396
41397
41398
41399
41400
41401
41402
41403
41404
41405
41406
41407
41408
41409
41410
41411
41413
41414
41445
41446
41447
41448
41449
41450
41451
41452
41453
41454
41455
41456
41457
41458
41459
41460
41461
41462
41463
41464
41465
41466
41467
41468
41469
41470
41471
41473
41474
41505
41506
41507
41508
41509
41510
41511
41512
41513
41514
41515
41516
41517
41518
41519
41520
41521
41522
41523
41524
41525
41526
41527
41528
41529
41530
41531
41533
41534
41565
41566
41567
41568
41569
41570
41571
41572
41573
41574
41575
41576
41577
41578
41579
41580
41581
41582
41583
41584
41585
41586
41587
41588
41589
41590
41591
41593
41594
41625
41626
41627
41628
41629
41630
41631
41632
41633
41634
41635
41636
41637
41638
41639
41640
41641
41642
41643
41644
41645
41646
41647
41648
41649
41650
41651
41653
41654
41685
41686
41687
41688
41689
41690
41691
41692
41693
41694
41695
41696
41697
41698
41699
41700
41701
41702
41703
41704
41705
41706
41707
41708
41709
41710
41711
41713
41714
41745
41746
41747
41748
41749
41750
41751
41752
41753
41754
41755
41756
41757
41758
41759
41760
41761
41762
41763
41764
41765
41766
41767
41768
41769
41770
41771
41773
41774
41805
41806
41807
41808
41809
41810
41811
41812
41813
41814
41815
41816
41817
41818
41819
41820
41821
41822
41824
41925
41926
41927
41928
41929
41930
41931
41932
41933
41934
41935
41936
41937
41938
41939
41940
41941
41942
41943
41944
41945
41946
41947
41948
41949
41950
41951
41953
41954
41985
41986
41987
41988
41989
41990
41991
41992
41993
41994
41995
41996
41997
41998
41999
42000
42001
42002
42003
42004
42005
42006
42007
42008
42009
42010
42011
42013
42014
42045
42046
42047
42048
42049
42050
42051
42052
42053
42054
42055
42056
42057
42058
42059
42060
42061
42062
42063
42064
42065
42066
42067
42068
42069
42070
42071
42073
42074
42105
42106
42107
42108
42109
42110
42111
42112
42113
42114
42115
42116
42117
42118
42119
42120
42121
42122
42123
42124
42125
42126
42127
42128
42129
42130
42131
42133
42134
42165
42166
42167
42168
42169
42170
42171
42172
42173
42174
42175
42176
42177
42178
42179
42180
42181
42182
42183
42184
42185
42186
42187
42188
42189
42190
42191
42193
42194
42225
42226
42227
42228
42229
42230
42231
42232
42233
42234
42235
42236
42237
42238
42239
42240
42241
42242
42243
42244
42245
42246
42247
42248
42249
42250
42251
42253
42254
42285
42286
42287
42288
42289
42290
42291
42292
42293
42294
42295
42296
42297
42298
42299
42300
42301
42302
42303
42304
42305
42306
42307
42308
42309
42310
42311
42313
42314
42345
42346
42347
42348
42349
42350
42351
42352
42353
42354
42355
42356
42357
42358
42359
42360
42361
42362
42363
42364
42365
42366
42367
42368
42369
42370
42371
42373
42374
42405
42406
42407
42408
42409
42410
42411
42412
42413
42414
42415
42416
42417
42418
42419
42420
42421
42422
42423
42424
42425
42426
42427
42428
42429
42430
42431
42433
42434
42465
42466
42467
42468
42469
42470
42471
42472
42473
42474
42475
42476
42477
42478
42479
42480
42481
42482
42483
42484
42485
42486
42487
42488
42489
42490
42491
42493
42494
42525
42526
42527
42528
42529
42530
42531
42532
42533
42534
42535
42536
42537
42538
42539
42540
42541
42542
42544
42645
42646
42647
42648
42649
42650
42651
42652
42653
42654
42655
42656
42657
42658
42659
42660
42661
42662
42663
42664
42665
42666
42667
42668
42669
42670
42671
42673
42674
42705
42706
42707
42708
42709
42710
42711
42712
42713
42714
42715
42716
42717
42718
42719
42720
42721
42722
42723
42724
42725
42726
42727
42728
42729
42730
42731
42733
42734
42765
42766
42767
42768
42769
42770
42771
42772
42773
42774
42775
42776
42777
42778
42779
42780
42781
42782
42783
42784
42785
42786
42787
42788
42789
42790
42791
42793
42794
42825
42826
42827
42828
42829
42830
42831
42832
42833
42834
42835
42836
42837
42838
42839
42840
42841
42842
42843
42844
42845
42846
42847
42848
42849
42850
42851
42853
42854
42885
42886
42887
42888
42889
42890
42891
42892
42893
42894
42895
42896
42897
42898
42899
42900
42901
42902
42903
42904
42905
42906
42907
42908
42909
42910
42911
42913
42914
42945
42946
42947
42948
42949
42950
42951
42952
42953
42954
42955
42956
42957
42958
42959
42960
42961
42962
42963
42964
42965
42966
42967
42968
42969
42970
42971
42973
42974
43005
43006
43007
43008
43009
43010
43011
43012
43013
43014
43015
43016
43017
43018
43019
43020
43021
43022
43023
43024
43025
43026
43027
43028
43029
43030
43031
43033
43034
43065
43066
43067
43068
43069
43070
43071
43072
43073
43074
43075
43076
43077
43078
43079
43080
43081
43082
43083
43084
43085
43086
43087
43088
43089
43090
43091
43093
43094
43125
43126
43127
43128
43129
43130
43131
43132
43133
43134
43135
43136
43137
43138
43139
43140
43141
43142
43143
43144
43145
43146
43147
43148
43149
43150
43151
43153
43154
43185
43186
43187
43188
43189
43190
43191
43192
43193
43194
43195
43196
43197
43198
43199
43200
43201
43202
43203
43204
43205
43206
43207
43208
43209
43210
43211
43213
43214
43245
43246
43247
43248
43249
43250
43251
43252
43253
43254
43255
43256
43257
43258
43259
43260
43261
43262
43264
43365
43366
43367
43368
43369
43370
43371
43372
43373
43374
43375
43376
43377
43378
43379
43380
43381
43382
43383
43384
43385
43386
43387
43388
43389
43390
43391
43393
43394
43425
43426
43427
43428
43429
43430
43431
43432
43433
43434
43435
43436
43437
43438
43439
43440
43441
43442
43443
43444
43445
43446
43447
43448
43449
43450
43451
43453
43454
43485
43486
43487
43488
43489
43490
43491
43492
43493
43494
43495
43496
43497
43498
43499
43500
43501
43502
43503
43504
43505
43506
43507
43508
43509
43510
43511
43513
43514
43545
43546
43547
43548
43549
43550
43551
43552
43553
43554
43555
43556
43557
43558
43559
43560
43561
43562
43563
43564
43565
43566
43567
43568
43569
43570
43571
43573
43574
43605
43606
43607
43608
43609
43610
43611
43612
43613
43614
43615
43616
43617
43618
43619
43620
43621
43622
43623
43624
43625
43626
43627
43628
43629
43630
43631
43633
43634
43665
43666
43667
43668
43669
43670
43671
43672
43673
43674
43675
43676
43677
43678
43679
43680
43681
43682
43683
43684
43685
43686
43687
43688
43689
43690
43691
43693
43694
43725
43726
43727
43728
43729
43730
43731
43732
43733
43734
43735
43736
43737
43738
43739
43740
43741
43742
43743
43744
43745
43746
43747
43748
43749
43750
43751
43753
43754
43785
43786
43787
43788
43789
43790
43791
43792
43793
43794
43795
43796
43797
43798
43799
43800
43801
43802
43803
43804
43805
43806
43807
43808
43809
43810
43811
43813
43814
43845
43846
43847
43848
43849
43850
43851
43852
43853
43854
43855
43856
43857
43858
43859
43860
43861
43862
43863
43864
43865
43866
43867
43868
43869
43870
43871
43873
43874
43905
43906
43907
43908
43909
43910
43911
43912
43913
43914
43915
43916
43917
43918
43919
43920
43921
43922
43923
43924
43925
43926
43927
43928
43929
43930
43931
43933
43934
43965
43966
43967
43968
43969
43970
43971
43972
43973
43974
43975
43976
43977
43978
43979
43980
43981
43982
43984
44085
44086
44087
44088
44089
44090
44091
44092
44093
44094
44095
44096
44097
44098
44099
44100
44101
44102
44103
44104
44105
44106
44107
44108
44109
44110
44111
44113
44114
44145
44146
44147
44148
44149
44150
44151
44152
44153
44154
44155
44156
44157
44158
44159
44160
44161
44162
44163
44164
44165
44166
44167
44168
44169
44170
44171
44173
44174
44205
44206
44207
44208
44209
44210
44211
44212
44213
44214
44215
44216
44217
44218
44219
44220
44221
44222
44223
44224
44225
44226
44227
44228
44229
44230
44231
44233
44234
44265
44266
44267
44268
44269
44270
44271
44272
44273
44274
44275
44276
44277
44278
44279
44280
44281
44282
44283
44284
44285
44286
44287
44288
44289
44290
44291
44293
44294
44325
44326
44327
44328
44329
44330
44331
44332
44333
44334
44335
44336
44337
44338
44339
44340
44341
44342
44343
44344
44345
44346
44347
44348
44349
44350
44351
44353
44354
44385
44386
44387
44388
44389
44390
44391
44392
44393
44394
44395
44396
44397
44398
44399
44400
44401
44402
44403
44404
44405
44406
44407
44408
44409
44410
44411
44413
44414
44445
44446
44447
44448
44449
44450
44451
44452
44453
44454
44455
44456
44457
44458
44459
44460
44461
44462
44463
44464
44465
44466
44467
44468
44469
44470
44471
44473
44474
44505
44506
44507
44508
44509
44510
44511
44512
44513
44514
44515
44516
44517
44518
44519
44520
44521
44522
44523
44524
44525
44526
44527
44528
44529
44530
44531
44533
44534
44565
44566
44567
44568
44569
44570
44571
44572
44573
44574
44575
44576
44577
44578
44579
44580
44581
44582
44583
44584
44585
44586
44587
44588
44589
44590
44591
44593
44594
44625
44626
44627
44628
44629
44630
44631
44632
44633
44634
44635
44636
44637
44638
44639
44640
44641
44642
44643
44644
44645
44646
44647
44648
44649
44650
44651
44653
44654
44685
44686
44687
44688
44689
44690
44691
44692
44693
44694
44695
44696
44697
44698
44699
44700
44701
44702
44704
44805
44806
44807
44808
44809
44810
44811
44812
44813
44814
44815
44816
44817
44818
44819
44820
44821
44822
44823
44824
44825
44826
44827
44828
44829
44830
44831
44833
44834
44865
44866
44867
44868
44869
44870
44871
44872
44873
44874
44875
44876
44877
44878
44879
44880
44881
44882
44883
44884
44885
44886
44887
44888
44889
44890
44891
44893
44894
44925
44926
44927
44928
44929
44930
44931
44932
44933
44934
44935
44936
44937
44938
44939
44940
44941
44942
44943
44944
44945
44946
44947
44948
44949
44950
44951
44953
44954
44985
44986
44987
44988
44989
44990
44991
44992
44993
44994
44995
44996
44997
44998
44999
45000
45001
45002
45003
45004
45005
45006
45007
45008
45009
45010
45011
45013
45014
45045
45046
45047
45048
45049
45050
45051
45052
45053
45054
45055
45056
45057
45058
45059
45060
45061
45062
45063
45064
45065
45066
45067
45068
45069
45070
45071
45073
45074
45105
45106
45107
45108
45109
45110
45111
45112
45113
45114
45115
45116
45117
45118
45119
45120
45121
45122
45123
45124
45125
45126
45127
45128
45129
45130
45131
45133
45134
45165
45166
45167
45168
45169
45170
45171
45172
45173
45174
45175
45176
45177
45178
45179
45180
45181
45182
45183
45184
45185
45186
45187
45188
45189
45190
45191
45193
45194
45225
45226
45227
45228
45229
45230
45231
45232
45233
45234
45235
45236
45237
45238
45239
45240
45241
45242
45243
45244
45245
45246
45247
45248
45249
45250
45251
45253
45254
45285
45286
45287
45288
45289
45290
45291
45292
45293
45294
45295
45296
45297
45298
45299
45300
45301
45302
45303
45304
45305
45306
45307
45308
45309
45310
45311
45313
45314
45345
45346
45347
45348
45349
45350
45351
45352
45353
45354
45355
45356
45357
45358
45359
45360
45361
45362
45363
45364
45365
45366
45367
45368
45369
45370
45371
45373
45374
45405
45406
45407
45408
45409
45410
45411
45412
45413
45414
45415
45416
45417
45418
45419
45420
45421
45422
45424
45525
45526
45527
45528
45529
45530
45531
45532
45533
45534
45535
45536
45537
45538
45539
45540
45541
45542
45543
45544
45545
45546
45547
45548
45549
45550
45551
45553
45554
45585
45586
45587
45588
45589
45590
45591
45592
45593
45594
45595
45596
45597
45598
45599
45600
45601
45602
45603
45604
45605
45606
45607
45608
45609
45610
45611
45613
45614
45645
45646
45647
45648
45649
45650
45651
45652
45653
45654
45655
45656
45657
45658
45659
45660
45661
45662
45663
45664
45665
45666
45667
45668
45669
45670
45671
45673
45674
45705
45706
45707
45708
45709
45710
45711
45712
45713
45714
45715
45716
45717
45718
45719
45720
45721
45722
45723
45724
45725
45726
45727
45728
45729
45730
45731
45733
45734
45765
45766
45767
45768
45769
45770
45771
45772
45773
45774
45775
45776
45777
45778
45779
45780
45781
45782
45783
45784
45785
45786
45787
45788
45789
45790
45791
45793
45794
45825
45826
45827
45828
45829
45830
45831
45832
45833
45834
45835
45836
45837
45838
45839
45840
45841
45842
45843
45844
45845
45846
45847
45848
45849
45850
45851
45853
45854
45885
45886
45887
45888
45889
45890
45891
45892
45893
45894
45895
45896
45897
45898
45899
45900
45901
45902
45903
45904
45905
45906
45907
45908
45909
45910
45911
45913
45914
45945
45946
45947
45948
45949
45950
45951
45952
45953
45954
45955
45956
45957
45958
45959
45960
45961
45962
45963
45964
45965
45966
45967
45968
45969
45970
45971
45973
45974
46005
46006
46007
46008
46009
46010
46011
46012
46013
46014
46015
46016
46017
46018
46019
46020
46021
46022
46023
46024
46025
46026
46027
46028
46029
46030
46031
46033
46034
46065
46066
46067
46068
46069
46070
46071
46072
46073
46074
46075
46076
46077
46078
46079
46080
46081
46082
46083
46084
46085
46086
46087
46088
46089
46090
46091
46093
46094
46125
46126
46127
46128
46129
46130
46131
46132
46133
46134
46135
46136
46137
46138
46139
46140
46141
46142
46144
46245
46246
46247
46248
46249
46250
46251
46252
46253
46254
46255
46256
46257
46258
46259
46260
46261
46262
46263
46264
46265
46266
46267
46268
46269
46270
46271
46273
46274
46305
46306
46307
46308
46309
46310
46311
46312
46313
46314
46315
46316
46317
46318
46319
46320
46321
46322
46323
46324
46325
46326
46327
46328
46329
46330
46331
46333
46334
46365
46366
46367
46368
46369
46370
46371
46372
46373
46374
46375
46376
46377
46378
46379
46380
46381
46382
46383
46384
46385
46386
46387
46388
46389
46390
46391
46393
46394
46425
46426
46427
46428
46429
46430
46431
46432
46433
46434
46435
46436
46437
46438
46439
46440
46441
46442
46443
46444
46445
46446
46447
46448
46449
46450
46451
46453
46454
46485
46486
46487
46488
46489
46490
46491
46492
46493
46494
46495
46496
46497
46498
46499
46500
46501
46502
46503
46504
46505
46506
46507
46508
46509
46510
46511
46513
46514
46545
46546
46547
46548
46549
46550
46551
46552
46553
46554
46555
46556
46557
46558
46559
46560
46561
46562
46563
46564
46565
46566
46567
46568
46569
46570
46571
46573
46574
46605
46606
46607
46608
46609
46610
46611
46612
46613
46614
46615
46616
46617
46618
46619
46620
46621
46622
46623
46624
46625
46626
46627
46628
46629
46630
46631
46633
46634
46665
46666
46667
46668
46669
46670
46671
46672
46673
46674
46675
46676
46677
46678
46679
46680
46681
46682
46683
46684
46685
46686
46687
46688
46689
46690
46691
46693
46694
46725
46726
46727
46728
46729
46730
46731
46732
46733
46734
46735
46736
46737
46738
46739
46740
46741
46742
46743
46744
46745
46746
46747
46748
46749
46750
46751
46753
46754
46785
46786
46787
46788
46789
46790
46791
46792
46793
46794
46795
46796
46797
46798
46799
46800
46801
46802
46803
46804
46805
46806
46807
46808
46809
46810
46811
46813
46814
46845
46846
46847
46848
46849
46850
46851
46852
46853
46854
46855
46856
46857
46858
46859
46860
46861
46862
46864
46945
46946
46947
46948
46949
46950
46951
46952
46953
46954
46955
46956
46957
46958
46959
46960
46961
46962
46964
46985
46986
46987
46988
46989
46990
46991
46992
46993
46994
46995
46996
46997
46998
46999
47000
47001
47002
47004
47025
47026
47027
47028
47029
47030
47031
47032
47033
47034
47035
47036
47037
47038
47039
47040
47041
47042
47044
47065
47066
47067
47068
47069
47070
47071
47072
47073
47074
47075
47076
47077
47078
47079
47080
47081
47082
47084
47105
47106
47107
47108
47109
47110
47111
47112
47113
47114
47115
47116
47117
47118
47119
47120
47121
47122
47124
47145
47146
47147
47148
47149
47150
47151
47152
47153
47154
47155
47156
47157
47158
47159
47160
47161
47162
47164
47185
47186
47187
47188
47189
47190
47191
47192
47193
47194
47195
47196
47197
47198
47199
47200
47201
47202
47204
47225
47226
47227
47228
47229
47230
47231
47232
47233
47234
47235
47236
47237
47238
47239
47240
47241
47242
47244
47265
47266
47267
47268
47269
47270
47271
47272
47273
47274
47275
47276
47277
47278
47279
47280
47281
47282
47284
47305
47306
47307
47308
47309
47310
47311
47312
47313
47314
47315
47316
47317
47318
47319
47320
47321
47322
47324
47345
47346
47347
47348
47349
47350
47351
47352
47353
119350
119351
119352
119353
119354
119355
119356
119357
119358
119359
119360
119371
119372
119373
119374
119375
119376
119377
119378
119379
119380
119381
119392
119393
119394
119395
119396
119397
119398
119399
119400
119401
119402
119413
119414
119415
119416
119417
119418
119419
119420
119421
119422
119423
119434
119435
119436
119437
119438
119439
119440
119441
119442
119443
119444
119455
119456
119457
119458
119459
119460
119461
119462
119463
119464
119465
119476
119477
119478
119479
119480
119481
119482
119483
119484
119485
119486
119497
119498
119499
119500
119501
119502
119503
119504
119505
119506
119507
119518
119519
119520
119521
119522
119523
119524
119525
119526
119527
119528
119539
119540
119541
119542
119543
119544
119545
119546
119547
119548
119549
119560
119561
119562
119563
119564
119565
119566
119567
119568
119569
119570
125358
125359
125360
125361
125362
125363
125364
125365
125366
125367
125368
125370
125371
125372
125373
125374
125375
125376
125377
125378
125379
125380
125382
125383
125384
125385
125386
125387
125388
125389
125390
125391
125392
125394
125395
125396
125397
125398
125399
125400
125401
125402
125403
125404
125406
125407
125408
125409
125410
125411
125412
125413
125414
125415
125416
125418
125419
125420
125421
125422
125423
125424
125425
125426
125427
125428
125430
125431
125432
125433
125434
125435
125436
125437
125438
125439
125440
125442
125443
125444
125445
125446
125447
125448
125449
125450
125451
125452
125454
125455
125456
125457
125458
125459
125460
125461
125462
125463
125464
125466
125467
125468
125469
125470
125471
125472
125473
125474
125475
125476
125478
125479
125480
125481
125482
125483
125484
125485
125486
125487
125488
-4319
-4403
-4439
-4475
-4511
-4547
-4583
-4619
-4655
-4691
-4726
-4727
-4728
-39134
-39191
-39194
-39248
-39251
-39254
-39305
-39308
-39311
-39314
-39359
-39362
-39365
-39368
-39371
-39374
-39416
-39419
-39422
-39425
-39428
-39431
-39434
-39473
-39476
-39479
-39482
-39485
-39488
-39491
-39494
-39530
-39533
-39536
-39539
-39542
-39545
-39548
-39551
-39554
-39587
-39590
-39593
-39596
-39599
-39602
-39605
-39608
-39611
-39614
-39646
-39648
-39650
-39652
-39654
-39656
-39658
-39660
-39662
-39664
-39767
-39770
-39773
-39776
-39779
-39782
-39785
-39788
-39791
-39793
-39794
-39827
-39830
-39833
-39836
-39839
-39842
-39845
-39848
-39849
-39850
-39851
-39887
-39890
-39893
-39896
-39899
-39902
-39905
-39906
-39907
-39908
-39947
-39950
-39953
-39956
-39959
-39962
-39963
-39964
-39965
-40007
-40010
-40013
-40016
-40018
-40019
-40020
-40021
-40022
-40067
-40070
-40073
-40074
-40075
-40076
-40127
-40130
-40131
-40132
-40133
-40187
-40188
-40189
-40190
-40245
-40246
-40247
39852
39912
39972
40032
40092
40152
40212
40272
40332
-4797
-5229
-5661
-6093
-6525
-6957
-7389
-7821
-8253
-8674
-40406
-40410
-40414
-40418
-40422
-40426
-40430
-40434
-40438
-40442
-41126
-41130
-41134
-41138
-41142
-41146
-41150
-41154
-41158
-41162
-41846
-41850
-41854
-41858
-41862
-41866
-41870
-41874
-41878
-41882
-42566
-42570
-42574
-42578
-42582
-42586
-42590
-42594
-42598
-42602
-43286
-43290
-43294
-43298
-43302
-43306
-43310
-43314
-43318
-43322
-44006
-44010
-44014
-44018
-44022
-44026
-44030
-44034
-44038
-44042
-44726
-44730
-44734
-44738
-44742
-44746
-44750
-44754
-44758
-44762
-45446
-45450
-45454
-45458
-45462
-45466
-45470
-45474
-45478
-45482
-46166
-46170
-46174
-46178
-46182
-46186
-46190
-46194
-46198
-46202
-46886
-46889
-46892
-46895
-46898
-46901
-46904
-46907
-46910
-46913
-4749
-4831
-4867
-4903
-4939
-4975
-5011
-5047
-5083
-5119
-5155
-5181
-5263
-5299
-5335
-5371
-5407
-5443
-5479
-5515
-5551
-5587
-5613
-5695
-5731
-5767
-5803
-5839
-5875
-5911
-5947
-5983
-6019
-6045
-6127
-6163
-6199
-6235
-6271
-6307
-6343
-6379
-6415
-6451
-6477
-6559
-6595
-6631
-6667
-6703
-6739
-6775
-6811
-6847
-6883
-6909
-6991
-7027
-7063
-7099
-7135
-7171
-7207
-7243
-7279
-7315
-7341
-7423
-7459
-7495
-7531
-7567
-7603
-7639
-7675
-7711
-7747
-7773
-7855
-7891
-7927
-7963
-7999
-8035
-8071
-8107
-8143
-8179
-8205
-8287
-8323
-8359
-8395
-8431
-8467
-8503
-8539
-8575
-8611
-8637
-8697
-8721
-8745
-8769
-8793
-8817
-8841
-8865
-8889
-8913
-8927
40383
40512
40572
40632
40692
40752
40812
40872
40932
40992
41052
41103
41232
41292
41352
41412
41472
41532
41592
41652
41712
41772
41823
41952
42012
42072
42132
42192
42252
42312
42372
42432
42492
42543
42672
42732
42792
42852
42912
42972
43032
43092
43152
43212
43263
43392
43452
43512
43572
43632
43692
43752
43812
43872
43932
43983
44112
44172
44232
44292
44352
44412
44472
44532
44592
44652
44703
44832
44892
44952
45012
45072
45132
45192
45252
45312
45372
45423
45552
45612
45672
45732
45792
45852
45912
45972
46032
46092
46143
46272
46332
46392
46452
46512
46572
46632
46692
46752
46812
46863
46963
47003
47043
47083
47123
47163
47203
47243
47283
47323
47354
)


// ************************************************************************* //
