/*--------------------------------*- C++ -*----------------------------------*\
  =========                 |
  \\      /  F ield         | OpenFOAM: The Open Source CFD Toolbox
   \\    /   O peration     | Website:  https://openfoam.org
    \\  /    A nd           | Version:  7
     \\/     M anipulation  |
\*---------------------------------------------------------------------------*/
FoamFile
{
    version     2.0;
    format      ascii;
    class       labelList;
    location    "constant/polyMesh";
    object      pointProcAddressing;
}
// * * * * * * * * * * * * * * * * * * * * * * * * * * * * * * * * * * * * * //


1667
(
1832
1844
1845
1857
1858
1883
1884
1896
1897
1909
1910
1922
1923
1935
1936
1948
1949
1961
1962
1974
1975
1987
1988
2000
2001
2013
2014
2026
2027
2052
2053
2065
2066
2078
2079
2091
2092
2104
2105
2117
2118
2130
2131
2143
2144
2156
2157
2169
2170
2182
2183
2195
2196
2221
2222
2234
2235
2247
2248
2260
2261
2273
2274
2286
2287
2299
2300
2312
2313
2325
2326
2338
2339
2351
2352
2364
2365
2390
2391
2403
2404
2416
2417
2429
2430
2442
2443
2455
2456
2468
2469
2481
2482
2494
2495
2507
2508
2520
2521
2533
2534
2559
2560
2572
2573
2585
2586
2598
2599
2611
2612
2624
2625
2637
2638
2650
2651
2663
2664
2676
2677
2689
2690
2702
2703
2728
2729
2741
2742
2754
2755
2767
2768
2780
2781
2793
2794
2806
2807
2819
2820
2832
2833
2845
2846
2858
2859
2871
2872
2897
2898
2910
2911
2923
2924
2936
2937
2949
2950
2962
2963
2975
2976
2988
2989
3001
3002
3014
3015
3027
3028
3040
3041
3066
3067
3079
3080
3092
3093
3105
3106
3118
3119
3131
3132
3144
3145
3157
3158
3170
3171
3183
3184
3196
3197
3209
3210
3235
3236
3248
3249
3261
3262
3274
3275
3287
3288
3300
3301
3313
3314
3326
3327
3339
3340
3352
3353
3365
3366
3378
3379
3404
3405
3417
3418
3430
3431
3443
3444
3456
3457
3469
3470
3482
3483
3495
3496
3508
3509
3521
3522
3534
3535
3547
3548
3573
3574
3586
3587
3599
3600
3612
3613
3625
3626
3638
3639
3651
3652
3664
3665
3677
3678
3690
3691
3703
3704
3716
3717
15518
15519
15537
15538
15539
15556
15557
15558
15559
15575
15576
15577
15578
15579
15593
15594
15595
15596
15597
15598
15599
15612
15613
15614
15615
15616
15617
15618
15619
15631
15632
15633
15634
15635
15636
15637
15638
15639
15650
15651
15652
15653
15654
15655
15656
15657
15658
15659
15670
15671
15672
15673
15674
15675
15676
15677
15678
15679
15690
15691
15692
15693
15694
15695
15696
15697
15698
15699
15710
15711
15712
15713
15714
15715
15716
15717
15718
15719
15750
15751
15752
15753
15754
15755
15756
15757
15758
15759
15770
15771
15772
15773
15774
15775
15776
15777
15778
15779
15790
15791
15792
15793
15794
15795
15796
15797
15798
15799
15810
15811
15812
15813
15814
15815
15816
15817
15818
15819
15830
15831
15832
15833
15834
15835
15836
15837
15838
15839
15850
15851
15852
15853
15854
15855
15856
15857
15858
15859
15870
15871
15872
15873
15874
15875
15876
15877
15878
15879
15890
15891
15892
15893
15894
15895
15896
15897
15898
15899
15910
15911
15912
15913
15914
15915
15916
15917
15918
15919
15930
15931
15932
15933
15934
15935
15936
15937
15938
15939
15950
15951
15952
15953
15954
15955
15956
15957
15958
15959
15970
15971
15972
15973
15974
15975
15976
15977
15978
15979
16010
16011
16012
16013
16014
16015
16016
16017
16018
16019
16030
16031
16032
16033
16034
16035
16036
16037
16038
16039
16050
16051
16052
16053
16054
16055
16056
16057
16058
16059
16070
16071
16072
16073
16074
16075
16076
16077
16078
16079
16090
16091
16092
16093
16094
16095
16096
16097
16098
16099
16110
16111
16112
16113
16114
16115
16116
16117
16118
16119
16130
16131
16132
16133
16134
16135
16136
16137
16138
16139
16150
16151
16152
16153
16154
16155
16156
16157
16158
16159
16170
16171
16172
16173
16174
16175
16176
16177
16178
16179
16190
16191
16192
16193
16194
16195
16196
16197
16198
16199
16210
16211
16212
16213
16214
16215
16216
16217
16218
16219
16230
16231
16232
16233
16234
16235
16236
16237
16238
16239
16270
16271
16272
16273
16274
16275
16276
16277
16278
16279
16290
16291
16292
16293
16294
16295
16296
16297
16298
16299
16310
16311
16312
16313
16314
16315
16316
16317
16318
16319
16330
16331
16332
16333
16334
16335
16336
16337
16338
16339
16350
16351
16352
16353
16354
16355
16356
16357
16358
16359
16370
16371
16372
16373
16374
16375
16376
16377
16378
16379
16390
16391
16392
16393
16394
16395
16396
16397
16398
16399
16410
16411
16412
16413
16414
16415
16416
16417
16418
16419
16430
16431
16432
16433
16434
16435
16436
16437
16438
16439
16450
16451
16452
16453
16454
16455
16456
16457
16458
16459
16470
16471
16472
16473
16474
16475
16476
16477
16478
16479
16490
16491
16492
16493
16494
16495
16496
16497
16498
16499
16530
16531
16532
16533
16534
16535
16536
16537
16538
16539
16550
16551
16552
16553
16554
16555
16556
16557
16558
16559
16570
16571
16572
16573
16574
16575
16576
16577
16578
16579
16590
16591
16592
16593
16594
16595
16596
16597
16598
16599
16610
16611
16612
16613
16614
16615
16616
16617
16618
16619
16630
16631
16632
16633
16634
16635
16636
16637
16638
16639
16650
16651
16652
16653
16654
16655
16656
16657
16658
16659
16670
16671
16672
16673
16674
16675
16676
16677
16678
16679
16690
16691
16692
16693
16694
16695
16696
16697
16698
16699
16710
16711
16712
16713
16714
16715
16716
16717
16718
16719
16730
16731
16732
16733
16734
16735
16736
16737
16738
16739
16750
16751
16752
16753
16754
16755
16756
16757
16758
16759
16790
16791
16792
16793
16794
16795
16796
16797
16798
16799
16810
16811
16812
16813
16814
16815
16816
16817
16818
16819
16830
16831
16832
16833
16834
16835
16836
16837
16838
16839
16850
16851
16852
16853
16854
16855
16856
16857
16858
16859
16870
16871
16872
16873
16874
16875
16876
16877
16878
16879
16890
16891
16892
16893
16894
16895
16896
16897
16898
16899
16910
16911
16912
16913
16914
16915
16916
16917
16918
16919
16930
16931
16932
16933
16934
16935
16936
16937
16938
16939
16950
16951
16952
16953
16954
16955
16956
16957
16958
16959
16970
16971
16972
16973
16974
16975
16976
16977
16978
16979
16990
16991
16992
16993
16994
16995
16996
16997
16998
16999
17010
17011
17012
17013
17014
17015
17016
17017
17018
17019
17050
17051
17052
17053
17054
17055
17056
17057
17058
17059
17070
17071
17072
17073
17074
17075
17076
17077
17078
17079
17090
17091
17092
17093
17094
17095
17096
17097
17098
17099
17110
17111
17112
17113
17114
17115
17116
17117
17118
17119
17130
17131
17132
17133
17134
17135
17136
17137
17138
17139
17150
17151
17152
17153
17154
17155
17156
17157
17158
17159
17170
17171
17172
17173
17174
17175
17176
17177
17178
17179
17190
17191
17192
17193
17194
17195
17196
17197
17198
17199
17210
17211
17212
17213
17214
17215
17216
17217
17218
17219
17230
17231
17232
17233
17234
17235
17236
17237
17238
17239
17250
17251
17252
17253
17254
17255
17256
17257
17258
17259
17270
17271
17272
17273
17274
17275
17276
17277
17278
17279
17310
17311
17312
17313
17314
17315
17316
17317
17318
17319
17330
17331
17332
17333
17334
17335
17336
17337
17338
17339
17350
17351
17352
17353
17354
17355
17356
17357
17358
17359
17370
17371
17372
17373
17374
17375
17376
17377
17378
17379
17390
17391
17392
17393
17394
17395
17396
17397
17398
17399
17410
17411
17412
17413
17414
17415
17416
17417
17418
17419
17430
17431
17432
17433
17434
17435
17436
17437
17438
17439
17450
17451
17452
17453
17454
17455
17456
17457
17458
17459
17470
17471
17472
17473
17474
17475
17476
17477
17478
17479
17490
17491
17492
17493
17494
17495
17496
17497
17498
17499
17510
17511
17512
17513
17514
17515
17516
17517
17518
17519
17530
17531
17532
17533
17534
17535
17536
17537
17538
17539
17570
17571
17572
17573
17574
17575
17576
17577
17578
17579
17590
17591
17592
17593
17594
17595
17596
17597
17598
17599
17610
17611
17612
17613
17614
17615
17616
17617
17618
17619
17630
17631
17632
17633
17634
17635
17636
17637
17638
17639
17650
17651
17652
17653
17654
17655
17656
17657
17658
17659
17670
17671
17672
17673
17674
17675
17676
17677
17678
17679
17690
17691
17692
17693
17694
17695
17696
17697
17698
17699
17710
17711
17712
17713
17714
17715
17716
17717
17718
17719
17730
17731
17732
17733
17734
17735
17736
17737
17738
17739
17750
17751
17752
17753
17754
17755
17756
17757
17758
17759
17770
17771
17772
17773
17774
17775
17776
17777
17778
17779
17790
17791
17792
17793
17794
17795
17796
17797
17798
17799
17830
17831
17832
17833
17834
17835
17836
17837
17838
17839
17850
17851
17852
17853
17854
17855
17856
17857
17858
17859
17870
17871
17872
17873
17874
17875
17876
17877
17878
17879
17890
17891
17892
17893
17894
17895
17896
17897
17898
17899
17910
17911
17912
17913
17914
17915
17916
17917
17918
17919
17930
17931
17932
17933
17934
17935
17936
17937
17938
17939
17950
17951
17952
17953
17954
17955
17956
17957
17958
17959
17970
17971
17972
17973
17974
17975
17976
17977
17978
17979
17990
17991
17992
17993
17994
17995
17996
17997
17998
17999
18010
18011
18012
18013
18014
18015
18016
18017
18018
18019
18030
18031
18032
18033
18034
18035
18036
18037
18038
18039
18050
18051
18052
18053
18054
18055
18056
18057
18058
18059
18090
18091
18092
18093
18094
18095
18096
18097
18098
18099
18110
18111
18112
18113
18114
18115
18116
18117
18118
18119
18130
18131
18132
18133
18134
18135
18136
18137
18138
18139
18150
18151
18152
18153
18154
18155
18156
18157
18158
18159
18170
18171
18172
18173
18174
18175
18176
18177
18178
18179
18190
18191
18192
18193
18194
18195
18196
18197
18198
18199
18210
18211
18212
18213
18214
18215
18216
18217
18218
18219
18230
18231
18232
18233
18234
18235
18236
18237
18238
18239
18250
18251
18252
18253
18254
18255
18256
18257
18258
18259
18270
18271
18272
18273
18274
18275
18276
18277
18278
18279
18290
18291
18292
18293
18294
18295
18296
18297
18298
18299
18310
18311
18312
18313
18314
18315
18316
18317
18318
18319
18350
18351
18352
18353
18354
18355
18356
18357
18358
18359
18370
18371
18372
18373
18374
18375
18376
18377
18378
18379
18390
18391
18392
18393
18394
18395
18396
18397
18398
18399
18410
18411
18412
18413
18414
18415
18416
18417
18418
18419
18430
18431
18432
18433
18434
18435
18436
18437
18438
18439
18450
18451
18452
18453
18454
18455
18456
18457
18458
18459
18470
18471
18472
18473
18474
18475
18476
18477
18478
18479
18490
18491
18492
18493
18494
18495
18496
18497
18498
18499
18510
18511
18512
18513
18514
18515
18516
18517
18518
18519
18530
18531
18532
18533
18534
18535
18536
18537
18538
18539
18550
18551
18552
18553
18554
18555
18556
18557
18558
18559
18570
18571
18572
18573
18574
18575
18576
18577
18578
18579
)


// ************************************************************************* //
