/*--------------------------------*- C++ -*----------------------------------*\
  =========                 |
  \\      /  F ield         | OpenFOAM: The Open Source CFD Toolbox
   \\    /   O peration     | Website:  https://openfoam.org
    \\  /    A nd           | Version:  7
     \\/     M anipulation  |
\*---------------------------------------------------------------------------*/
FoamFile
{
    version     2.0;
    format      ascii;
    class       labelList;
    location    "constant/polyMesh";
    object      cellProcAddressing;
}
// * * * * * * * * * * * * * * * * * * * * * * * * * * * * * * * * * * * * * //


1271
(
13498
13499
13500
13501
13502
13503
13504
13505
13506
13507
13738
13739
13740
13741
13742
13743
13744
13745
13746
13747
13978
13979
13980
13981
13982
13983
13984
13985
13986
13987
14218
14219
14220
14221
14222
14223
14224
14225
14226
14227
14458
14459
14460
14461
14462
14463
14464
14465
14466
14467
14698
14699
14700
14701
14702
14703
14704
14705
14706
14707
14938
14939
14940
14941
14942
14943
14944
14945
14946
14947
15178
15179
15180
15181
15182
15183
15184
15185
15186
15187
15418
15419
15420
15421
15422
15423
15424
15425
15426
15427
15658
15659
15660
15661
15662
15663
15664
15665
15666
15667
15898
15899
15900
15901
15902
15903
15904
15905
15906
15907
25407
25426
25427
25445
25446
25447
25464
25465
25466
25467
25484
25485
25486
25487
25503
25504
25505
25506
25507
25522
25523
25524
25525
25526
25527
25541
25542
25543
25544
25545
25546
25547
25560
25561
25562
25563
25564
25565
25566
25567
25778
25779
25780
25781
25782
25783
25784
25785
25786
25787
25798
25799
25800
25801
25802
25803
25804
25805
25806
25807
25818
25819
25820
25821
25822
25823
25824
25825
25826
25827
25838
25839
25840
25841
25842
25843
25844
25845
25846
25847
25858
25859
25860
25861
25862
25863
25864
25865
25866
25867
25878
25879
25880
25881
25882
25883
25884
25885
25886
25887
25898
25899
25900
25901
25902
25903
25904
25905
25906
25907
25918
25919
25920
25921
25922
25923
25924
25925
25926
25927
25938
25939
25940
25941
25942
25943
25944
25945
25946
25947
25958
25959
25960
25961
25962
25963
25964
25965
25966
25967
26178
26179
26180
26181
26182
26183
26184
26185
26186
26187
26198
26199
26200
26201
26202
26203
26204
26205
26206
26207
26218
26219
26220
26221
26222
26223
26224
26225
26226
26227
26238
26239
26240
26241
26242
26243
26244
26245
26246
26247
26258
26259
26260
26261
26262
26263
26264
26265
26266
26267
26278
26279
26280
26281
26282
26283
26284
26285
26286
26287
26298
26299
26300
26301
26302
26303
26304
26305
26306
26307
26318
26319
26320
26321
26322
26323
26324
26325
26326
26327
26338
26339
26340
26341
26342
26343
26344
26345
26346
26347
26358
26359
26360
26361
26362
26363
26364
26365
26366
26367
26578
26579
26580
26581
26582
26583
26584
26585
26586
26587
26598
26599
26600
26601
26602
26603
26604
26605
26606
26607
26618
26619
26620
26621
26622
26623
26624
26625
26626
26627
26638
26639
26640
26641
26642
26643
26644
26645
26646
26647
26658
26659
26660
26661
26662
26663
26664
26665
26666
26667
26678
26679
26680
26681
26682
26683
26684
26685
26686
26687
26698
26699
26700
26701
26702
26703
26704
26705
26706
26707
26718
26719
26720
26721
26722
26723
26724
26725
26726
26727
26738
26739
26740
26741
26742
26743
26744
26745
26746
26747
26758
26759
26760
26761
26762
26763
26764
26765
26766
26767
26978
26979
26980
26981
26982
26983
26984
26985
26986
26987
26998
26999
27000
27001
27002
27003
27004
27005
27006
27007
27018
27019
27020
27021
27022
27023
27024
27025
27026
27027
27038
27039
27040
27041
27042
27043
27044
27045
27046
27047
27058
27059
27060
27061
27062
27063
27064
27065
27066
27067
27078
27079
27080
27081
27082
27083
27084
27085
27086
27087
27098
27099
27100
27101
27102
27103
27104
27105
27106
27107
27118
27119
27120
27121
27122
27123
27124
27125
27126
27127
27138
27139
27140
27141
27142
27143
27144
27145
27146
27147
27158
27159
27160
27161
27162
27163
27164
27165
27166
27167
27378
27379
27380
27381
27382
27383
27384
27385
27386
27387
27398
27399
27400
27401
27402
27403
27404
27405
27406
27407
27418
27419
27420
27421
27422
27423
27424
27425
27426
27427
27438
27439
27440
27441
27442
27443
27444
27445
27446
27447
27458
27459
27460
27461
27462
27463
27464
27465
27466
27467
27478
27479
27480
27481
27482
27483
27484
27485
27486
27487
27498
27499
27500
27501
27502
27503
27504
27505
27506
27507
27518
27519
27520
27521
27522
27523
27524
27525
27526
27527
27538
27539
27540
27541
27542
27543
27544
27545
27546
27547
27558
27559
27560
27561
27562
27563
27564
27565
27566
27567
27778
27779
27780
27781
27782
27783
27784
27785
27786
27787
27798
27799
27800
27801
27802
27803
27804
27805
27806
27807
27818
27819
27820
27821
27822
27823
27824
27825
27826
27827
27838
27839
27840
27841
27842
27843
27844
27845
27846
27847
27858
27859
27860
27861
27862
27863
27864
27865
27866
27867
27878
27879
27880
27881
27882
27883
27884
27885
27886
27887
27898
27899
27900
27901
27902
27903
27904
27905
27906
27907
27918
27919
27920
27921
27922
27923
27924
27925
27926
27927
27938
27939
27940
27941
27942
27943
27944
27945
27946
27947
27958
27959
27960
27961
27962
27963
27964
27965
27966
27967
28178
28179
28180
28181
28182
28183
28184
28185
28186
28187
28198
28199
28200
28201
28202
28203
28204
28205
28206
28207
28218
28219
28220
28221
28222
28223
28224
28225
28226
28227
28238
28239
28240
28241
28242
28243
28244
28245
28246
28247
28258
28259
28260
28261
28262
28263
28264
28265
28266
28267
28278
28279
28280
28281
28282
28283
28284
28285
28286
28287
28298
28299
28300
28301
28302
28303
28304
28305
28306
28307
28318
28319
28320
28321
28322
28323
28324
28325
28326
28327
28338
28339
28340
28341
28342
28343
28344
28345
28346
28347
28358
28359
28360
28361
28362
28363
28364
28365
28366
28367
28578
28579
28580
28581
28582
28583
28584
28585
28586
28587
28598
28599
28600
28601
28602
28603
28604
28605
28606
28607
28618
28619
28620
28621
28622
28623
28624
28625
28626
28627
28638
28639
28640
28641
28642
28643
28644
28645
28646
28647
28658
28659
28660
28661
28662
28663
28664
28665
28666
28667
28678
28679
28680
28681
28682
28683
28684
28685
28686
28687
28698
28699
28700
28701
28702
28703
28704
28705
28706
28707
28718
28719
28720
28721
28722
28723
28724
28725
28726
28727
28738
28739
28740
28741
28742
28743
28744
28745
28746
28747
28758
28759
28760
28761
28762
28763
28764
28765
28766
28767
28978
28979
28980
28981
28982
28983
28984
28985
28986
28987
28998
28999
29000
29001
29002
29003
29004
29005
29006
29007
29018
29019
29020
29021
29022
29023
29024
29025
29026
29027
29038
29039
29040
29041
29042
29043
29044
29045
29046
29047
29058
29059
29060
29061
29062
29063
29064
29065
29066
29067
29078
29079
29080
29081
29082
29083
29084
29085
29086
29087
29098
29099
29100
29101
29102
29103
29104
29105
29106
29107
29118
29119
29120
29121
29122
29123
29124
29125
29126
29127
29138
29139
29140
29141
29142
29143
29144
29145
29146
29147
29158
29159
29160
29161
29162
29163
29164
29165
29166
29167
29378
29379
29380
29381
29382
29383
29384
29385
29386
29387
29398
29399
29400
29401
29402
29403
29404
29405
29406
29407
29418
29419
29420
29421
29422
29423
29424
29425
29426
29427
29438
29439
29440
29441
29442
29443
29444
29445
29446
29447
29458
29459
29460
29461
29462
29463
29464
29465
29466
29467
29478
29479
29480
29481
29482
29483
29484
29485
29486
29487
29498
29499
29500
29501
29502
29503
29504
29505
29506
29507
29518
29519
29520
29521
29522
29523
29524
29525
29526
29527
29538
29539
29540
29541
29542
29543
29544
29545
29546
29547
29558
29559
29560
29561
29562
29563
29564
29565
29566
29567
31008
31152
31296
31440
31584
31728
31872
32016
32160
32304
32448
35112
35124
35136
35148
35160
35172
35184
35196
35208
35220
35352
35364
35376
35388
35400
35412
35424
35436
35448
35460
35592
35604
35616
35628
35640
35652
35664
35676
35688
35700
35832
35844
35856
35868
35880
35892
35904
35916
35928
35940
36072
36084
36096
36108
36120
36132
36144
36156
36168
36180
36312
36324
36336
36348
36360
36372
36384
36396
36408
36420
36552
36564
36576
36588
36600
36612
36624
36636
36648
36660
36792
36804
36816
36828
36840
36852
36864
36876
36888
36900
37032
37044
37056
37068
37080
37092
37104
37116
37128
37140
37272
37284
37296
37308
37320
37332
37344
37356
37368
37380
37512
37524
37536
37548
37560
37572
37584
37596
37608
37620
)


// ************************************************************************* //
