/*--------------------------------*- C++ -*----------------------------------*\
  =========                 |
  \\      /  F ield         | OpenFOAM: The Open Source CFD Toolbox
   \\    /   O peration     | Website:  https://openfoam.org
    \\  /    A nd           | Version:  7
     \\/     M anipulation  |
\*---------------------------------------------------------------------------*/
FoamFile
{
    version     2.0;
    format      ascii;
    class       labelList;
    location    "constant/polyMesh";
    object      faceProcAddressing;
}
// * * * * * * * * * * * * * * * * * * * * * * * * * * * * * * * * * * * * * //


4176
(
39725
39727
39729
39731
39733
39735
39736
39737
39739
39740
39741
39743
39744
39745
39747
39748
39749
39751
39752
39753
39755
39756
39757
39759
39760
39762
39763
39764
40445
40447
40448
40449
40451
40452
40453
40455
40456
40457
40459
40460
40461
40463
40464
40465
40467
40468
40469
40471
40472
40473
40475
40476
40477
40479
40480
40482
40483
40484
41165
41167
41168
41169
41171
41172
41173
41175
41176
41177
41179
41180
41181
41183
41184
41185
41187
41188
41189
41191
41192
41193
41195
41196
41197
41199
41200
41202
41203
41204
41885
41887
41888
41889
41891
41892
41893
41895
41896
41897
41899
41900
41901
41903
41904
41905
41907
41908
41909
41911
41912
41913
41915
41916
41917
41919
41920
41922
41923
41924
42605
42607
42608
42609
42611
42612
42613
42615
42616
42617
42619
42620
42621
42623
42624
42625
42627
42628
42629
42631
42632
42633
42635
42636
42637
42639
42640
42642
42643
42644
43325
43327
43328
43329
43331
43332
43333
43335
43336
43337
43339
43340
43341
43343
43344
43345
43347
43348
43349
43351
43352
43353
43355
43356
43357
43359
43360
43362
43363
43364
44045
44047
44048
44049
44051
44052
44053
44055
44056
44057
44059
44060
44061
44063
44064
44065
44067
44068
44069
44071
44072
44073
44075
44076
44077
44079
44080
44082
44083
44084
44765
44767
44768
44769
44771
44772
44773
44775
44776
44777
44779
44780
44781
44783
44784
44785
44787
44788
44789
44791
44792
44793
44795
44796
44797
44799
44800
44802
44803
44804
45485
45487
45488
45489
45491
45492
45493
45495
45496
45497
45499
45500
45501
45503
45504
45505
45507
45508
45509
45511
45512
45513
45515
45516
45517
45519
45520
45522
45523
45524
46205
46207
46208
46209
46211
46212
46213
46215
46216
46217
46219
46220
46221
46223
46224
46225
46227
46228
46229
46231
46232
46233
46235
46236
46237
46239
46240
46242
46243
46244
46915
46917
46918
46920
46921
46923
46924
46926
46927
46929
46930
46932
46933
46935
46936
46938
46939
46941
46943
46944
74762
74763
74764
74819
74820
74821
74822
74823
74824
74876
74877
74878
74879
74880
74881
74882
74883
74884
74933
74934
74935
74936
74937
74938
74939
74940
74941
74942
74943
74944
74993
74994
74995
74996
74997
74998
74999
75000
75001
75002
75003
75004
75050
75051
75052
75053
75054
75055
75056
75057
75058
75059
75060
75061
75062
75063
75064
75107
75108
75109
75110
75111
75112
75113
75114
75115
75116
75117
75118
75119
75120
75121
75122
75123
75124
75164
75165
75166
75167
75168
75169
75170
75171
75172
75173
75174
75175
75176
75177
75178
75179
75180
75181
75182
75183
75184
75209
75210
75211
75212
75213
75214
75215
75216
75217
75218
75219
75220
75221
75222
75223
75224
75855
75856
75857
75858
75859
75860
75861
75862
75863
75864
75865
75866
75867
75868
75869
75870
75871
75872
75873
75874
75875
75876
75877
75878
75879
75880
75881
75882
75883
75884
75915
75916
75917
75918
75919
75920
75921
75922
75923
75924
75925
75926
75927
75928
75929
75930
75931
75932
75933
75934
75935
75936
75937
75938
75939
75940
75941
75942
75943
75944
75975
75976
75977
75978
75979
75980
75981
75982
75983
75984
75985
75986
75987
75988
75989
75990
75991
75992
75993
75994
75995
75996
75997
75998
75999
76000
76001
76002
76003
76004
76035
76036
76037
76038
76039
76040
76041
76042
76043
76044
76045
76046
76047
76048
76049
76050
76051
76052
76053
76054
76055
76056
76057
76058
76059
76060
76061
76062
76063
76064
76095
76096
76097
76098
76099
76100
76101
76102
76103
76104
76105
76106
76107
76108
76109
76110
76111
76112
76113
76114
76115
76116
76117
76118
76119
76120
76121
76122
76123
76124
76155
76156
76157
76158
76159
76160
76161
76162
76163
76164
76165
76166
76167
76168
76169
76170
76171
76172
76173
76174
76175
76176
76177
76178
76179
76180
76181
76182
76183
76184
76215
76216
76217
76218
76219
76220
76221
76222
76223
76224
76225
76226
76227
76228
76229
76230
76231
76232
76233
76234
76235
76236
76237
76238
76239
76240
76241
76242
76243
76244
76275
76276
76277
76278
76279
76280
76281
76282
76283
76284
76285
76286
76287
76288
76289
76290
76291
76292
76293
76294
76295
76296
76297
76298
76299
76300
76301
76302
76303
76304
76335
76336
76337
76338
76339
76340
76341
76342
76343
76344
76345
76346
76347
76348
76349
76350
76351
76352
76353
76354
76355
76356
76357
76358
76359
76360
76361
76362
76363
76364
76385
76386
76387
76388
76389
76390
76391
76392
76393
76394
76395
76396
76397
76398
76399
76400
76401
76402
76403
76404
77035
77036
77037
77038
77039
77040
77041
77042
77043
77044
77045
77046
77047
77048
77049
77050
77051
77052
77053
77054
77055
77056
77057
77058
77059
77060
77061
77062
77063
77064
77095
77096
77097
77098
77099
77100
77101
77102
77103
77104
77105
77106
77107
77108
77109
77110
77111
77112
77113
77114
77115
77116
77117
77118
77119
77120
77121
77122
77123
77124
77155
77156
77157
77158
77159
77160
77161
77162
77163
77164
77165
77166
77167
77168
77169
77170
77171
77172
77173
77174
77175
77176
77177
77178
77179
77180
77181
77182
77183
77184
77215
77216
77217
77218
77219
77220
77221
77222
77223
77224
77225
77226
77227
77228
77229
77230
77231
77232
77233
77234
77235
77236
77237
77238
77239
77240
77241
77242
77243
77244
77275
77276
77277
77278
77279
77280
77281
77282
77283
77284
77285
77286
77287
77288
77289
77290
77291
77292
77293
77294
77295
77296
77297
77298
77299
77300
77301
77302
77303
77304
77335
77336
77337
77338
77339
77340
77341
77342
77343
77344
77345
77346
77347
77348
77349
77350
77351
77352
77353
77354
77355
77356
77357
77358
77359
77360
77361
77362
77363
77364
77395
77396
77397
77398
77399
77400
77401
77402
77403
77404
77405
77406
77407
77408
77409
77410
77411
77412
77413
77414
77415
77416
77417
77418
77419
77420
77421
77422
77423
77424
77455
77456
77457
77458
77459
77460
77461
77462
77463
77464
77465
77466
77467
77468
77469
77470
77471
77472
77473
77474
77475
77476
77477
77478
77479
77480
77481
77482
77483
77484
77515
77516
77517
77518
77519
77520
77521
77522
77523
77524
77525
77526
77527
77528
77529
77530
77531
77532
77533
77534
77535
77536
77537
77538
77539
77540
77541
77542
77543
77544
77565
77566
77567
77568
77569
77570
77571
77572
77573
77574
77575
77576
77577
77578
77579
77580
77581
77582
77583
77584
78215
78216
78217
78218
78219
78220
78221
78222
78223
78224
78225
78226
78227
78228
78229
78230
78231
78232
78233
78234
78235
78236
78237
78238
78239
78240
78241
78242
78243
78244
78275
78276
78277
78278
78279
78280
78281
78282
78283
78284
78285
78286
78287
78288
78289
78290
78291
78292
78293
78294
78295
78296
78297
78298
78299
78300
78301
78302
78303
78304
78335
78336
78337
78338
78339
78340
78341
78342
78343
78344
78345
78346
78347
78348
78349
78350
78351
78352
78353
78354
78355
78356
78357
78358
78359
78360
78361
78362
78363
78364
78395
78396
78397
78398
78399
78400
78401
78402
78403
78404
78405
78406
78407
78408
78409
78410
78411
78412
78413
78414
78415
78416
78417
78418
78419
78420
78421
78422
78423
78424
78455
78456
78457
78458
78459
78460
78461
78462
78463
78464
78465
78466
78467
78468
78469
78470
78471
78472
78473
78474
78475
78476
78477
78478
78479
78480
78481
78482
78483
78484
78515
78516
78517
78518
78519
78520
78521
78522
78523
78524
78525
78526
78527
78528
78529
78530
78531
78532
78533
78534
78535
78536
78537
78538
78539
78540
78541
78542
78543
78544
78575
78576
78577
78578
78579
78580
78581
78582
78583
78584
78585
78586
78587
78588
78589
78590
78591
78592
78593
78594
78595
78596
78597
78598
78599
78600
78601
78602
78603
78604
78635
78636
78637
78638
78639
78640
78641
78642
78643
78644
78645
78646
78647
78648
78649
78650
78651
78652
78653
78654
78655
78656
78657
78658
78659
78660
78661
78662
78663
78664
78695
78696
78697
78698
78699
78700
78701
78702
78703
78704
78705
78706
78707
78708
78709
78710
78711
78712
78713
78714
78715
78716
78717
78718
78719
78720
78721
78722
78723
78724
78745
78746
78747
78748
78749
78750
78751
78752
78753
78754
78755
78756
78757
78758
78759
78760
78761
78762
78763
78764
79395
79396
79397
79398
79399
79400
79401
79402
79403
79404
79405
79406
79407
79408
79409
79410
79411
79412
79413
79414
79415
79416
79417
79418
79419
79420
79421
79422
79423
79424
79455
79456
79457
79458
79459
79460
79461
79462
79463
79464
79465
79466
79467
79468
79469
79470
79471
79472
79473
79474
79475
79476
79477
79478
79479
79480
79481
79482
79483
79484
79515
79516
79517
79518
79519
79520
79521
79522
79523
79524
79525
79526
79527
79528
79529
79530
79531
79532
79533
79534
79535
79536
79537
79538
79539
79540
79541
79542
79543
79544
79575
79576
79577
79578
79579
79580
79581
79582
79583
79584
79585
79586
79587
79588
79589
79590
79591
79592
79593
79594
79595
79596
79597
79598
79599
79600
79601
79602
79603
79604
79635
79636
79637
79638
79639
79640
79641
79642
79643
79644
79645
79646
79647
79648
79649
79650
79651
79652
79653
79654
79655
79656
79657
79658
79659
79660
79661
79662
79663
79664
79695
79696
79697
79698
79699
79700
79701
79702
79703
79704
79705
79706
79707
79708
79709
79710
79711
79712
79713
79714
79715
79716
79717
79718
79719
79720
79721
79722
79723
79724
79755
79756
79757
79758
79759
79760
79761
79762
79763
79764
79765
79766
79767
79768
79769
79770
79771
79772
79773
79774
79775
79776
79777
79778
79779
79780
79781
79782
79783
79784
79815
79816
79817
79818
79819
79820
79821
79822
79823
79824
79825
79826
79827
79828
79829
79830
79831
79832
79833
79834
79835
79836
79837
79838
79839
79840
79841
79842
79843
79844
79875
79876
79877
79878
79879
79880
79881
79882
79883
79884
79885
79886
79887
79888
79889
79890
79891
79892
79893
79894
79895
79896
79897
79898
79899
79900
79901
79902
79903
79904
79925
79926
79927
79928
79929
79930
79931
79932
79933
79934
79935
79936
79937
79938
79939
79940
79941
79942
79943
79944
80575
80576
80577
80578
80579
80580
80581
80582
80583
80584
80585
80586
80587
80588
80589
80590
80591
80592
80593
80594
80595
80596
80597
80598
80599
80600
80601
80602
80603
80604
80635
80636
80637
80638
80639
80640
80641
80642
80643
80644
80645
80646
80647
80648
80649
80650
80651
80652
80653
80654
80655
80656
80657
80658
80659
80660
80661
80662
80663
80664
80695
80696
80697
80698
80699
80700
80701
80702
80703
80704
80705
80706
80707
80708
80709
80710
80711
80712
80713
80714
80715
80716
80717
80718
80719
80720
80721
80722
80723
80724
80755
80756
80757
80758
80759
80760
80761
80762
80763
80764
80765
80766
80767
80768
80769
80770
80771
80772
80773
80774
80775
80776
80777
80778
80779
80780
80781
80782
80783
80784
80815
80816
80817
80818
80819
80820
80821
80822
80823
80824
80825
80826
80827
80828
80829
80830
80831
80832
80833
80834
80835
80836
80837
80838
80839
80840
80841
80842
80843
80844
80875
80876
80877
80878
80879
80880
80881
80882
80883
80884
80885
80886
80887
80888
80889
80890
80891
80892
80893
80894
80895
80896
80897
80898
80899
80900
80901
80902
80903
80904
80935
80936
80937
80938
80939
80940
80941
80942
80943
80944
80945
80946
80947
80948
80949
80950
80951
80952
80953
80954
80955
80956
80957
80958
80959
80960
80961
80962
80963
80964
80995
80996
80997
80998
80999
81000
81001
81002
81003
81004
81005
81006
81007
81008
81009
81010
81011
81012
81013
81014
81015
81016
81017
81018
81019
81020
81021
81022
81023
81024
81055
81056
81057
81058
81059
81060
81061
81062
81063
81064
81065
81066
81067
81068
81069
81070
81071
81072
81073
81074
81075
81076
81077
81078
81079
81080
81081
81082
81083
81084
81105
81106
81107
81108
81109
81110
81111
81112
81113
81114
81115
81116
81117
81118
81119
81120
81121
81122
81123
81124
81755
81756
81757
81758
81759
81760
81761
81762
81763
81764
81765
81766
81767
81768
81769
81770
81771
81772
81773
81774
81775
81776
81777
81778
81779
81780
81781
81782
81783
81784
81815
81816
81817
81818
81819
81820
81821
81822
81823
81824
81825
81826
81827
81828
81829
81830
81831
81832
81833
81834
81835
81836
81837
81838
81839
81840
81841
81842
81843
81844
81875
81876
81877
81878
81879
81880
81881
81882
81883
81884
81885
81886
81887
81888
81889
81890
81891
81892
81893
81894
81895
81896
81897
81898
81899
81900
81901
81902
81903
81904
81935
81936
81937
81938
81939
81940
81941
81942
81943
81944
81945
81946
81947
81948
81949
81950
81951
81952
81953
81954
81955
81956
81957
81958
81959
81960
81961
81962
81963
81964
81995
81996
81997
81998
81999
82000
82001
82002
82003
82004
82005
82006
82007
82008
82009
82010
82011
82012
82013
82014
82015
82016
82017
82018
82019
82020
82021
82022
82023
82024
82055
82056
82057
82058
82059
82060
82061
82062
82063
82064
82065
82066
82067
82068
82069
82070
82071
82072
82073
82074
82075
82076
82077
82078
82079
82080
82081
82082
82083
82084
82115
82116
82117
82118
82119
82120
82121
82122
82123
82124
82125
82126
82127
82128
82129
82130
82131
82132
82133
82134
82135
82136
82137
82138
82139
82140
82141
82142
82143
82144
82175
82176
82177
82178
82179
82180
82181
82182
82183
82184
82185
82186
82187
82188
82189
82190
82191
82192
82193
82194
82195
82196
82197
82198
82199
82200
82201
82202
82203
82204
82235
82236
82237
82238
82239
82240
82241
82242
82243
82244
82245
82246
82247
82248
82249
82250
82251
82252
82253
82254
82255
82256
82257
82258
82259
82260
82261
82262
82263
82264
82285
82286
82287
82288
82289
82290
82291
82292
82293
82294
82295
82296
82297
82298
82299
82300
82301
82302
82303
82304
82935
82936
82937
82938
82939
82940
82941
82942
82943
82944
82945
82946
82947
82948
82949
82950
82951
82952
82953
82954
82955
82956
82957
82958
82959
82960
82961
82962
82963
82964
82995
82996
82997
82998
82999
83000
83001
83002
83003
83004
83005
83006
83007
83008
83009
83010
83011
83012
83013
83014
83015
83016
83017
83018
83019
83020
83021
83022
83023
83024
83055
83056
83057
83058
83059
83060
83061
83062
83063
83064
83065
83066
83067
83068
83069
83070
83071
83072
83073
83074
83075
83076
83077
83078
83079
83080
83081
83082
83083
83084
83115
83116
83117
83118
83119
83120
83121
83122
83123
83124
83125
83126
83127
83128
83129
83130
83131
83132
83133
83134
83135
83136
83137
83138
83139
83140
83141
83142
83143
83144
83175
83176
83177
83178
83179
83180
83181
83182
83183
83184
83185
83186
83187
83188
83189
83190
83191
83192
83193
83194
83195
83196
83197
83198
83199
83200
83201
83202
83203
83204
83235
83236
83237
83238
83239
83240
83241
83242
83243
83244
83245
83246
83247
83248
83249
83250
83251
83252
83253
83254
83255
83256
83257
83258
83259
83260
83261
83262
83263
83264
83295
83296
83297
83298
83299
83300
83301
83302
83303
83304
83305
83306
83307
83308
83309
83310
83311
83312
83313
83314
83315
83316
83317
83318
83319
83320
83321
83322
83323
83324
83355
83356
83357
83358
83359
83360
83361
83362
83363
83364
83365
83366
83367
83368
83369
83370
83371
83372
83373
83374
83375
83376
83377
83378
83379
83380
83381
83382
83383
83384
83415
83416
83417
83418
83419
83420
83421
83422
83423
83424
83425
83426
83427
83428
83429
83430
83431
83432
83433
83434
83435
83436
83437
83438
83439
83440
83441
83442
83443
83444
83465
83466
83467
83468
83469
83470
83471
83472
83473
83474
83475
83476
83477
83478
83479
83480
83481
83482
83483
83484
84115
84116
84117
84118
84119
84120
84121
84122
84123
84124
84125
84126
84127
84128
84129
84130
84131
84132
84133
84134
84135
84136
84137
84138
84139
84140
84141
84142
84143
84144
84175
84176
84177
84178
84179
84180
84181
84182
84183
84184
84185
84186
84187
84188
84189
84190
84191
84192
84193
84194
84195
84196
84197
84198
84199
84200
84201
84202
84203
84204
84235
84236
84237
84238
84239
84240
84241
84242
84243
84244
84245
84246
84247
84248
84249
84250
84251
84252
84253
84254
84255
84256
84257
84258
84259
84260
84261
84262
84263
84264
84295
84296
84297
84298
84299
84300
84301
84302
84303
84304
84305
84306
84307
84308
84309
84310
84311
84312
84313
84314
84315
84316
84317
84318
84319
84320
84321
84322
84323
84324
84355
84356
84357
84358
84359
84360
84361
84362
84363
84364
84365
84366
84367
84368
84369
84370
84371
84372
84373
84374
84375
84376
84377
84378
84379
84380
84381
84382
84383
84384
84415
84416
84417
84418
84419
84420
84421
84422
84423
84424
84425
84426
84427
84428
84429
84430
84431
84432
84433
84434
84435
84436
84437
84438
84439
84440
84441
84442
84443
84444
84475
84476
84477
84478
84479
84480
84481
84482
84483
84484
84485
84486
84487
84488
84489
84490
84491
84492
84493
84494
84495
84496
84497
84498
84499
84500
84501
84502
84503
84504
84535
84536
84537
84538
84539
84540
84541
84542
84543
84544
84545
84546
84547
84548
84549
84550
84551
84552
84553
84554
84555
84556
84557
84558
84559
84560
84561
84562
84563
84564
84595
84596
84597
84598
84599
84600
84601
84602
84603
84604
84605
84606
84607
84608
84609
84610
84611
84612
84613
84614
84615
84616
84617
84618
84619
84620
84621
84622
84623
84624
84645
84646
84647
84648
84649
84650
84651
84652
84653
84654
84655
84656
84657
84658
84659
84660
84661
84662
84663
84664
85295
85296
85297
85298
85299
85300
85301
85302
85303
85304
85305
85306
85307
85308
85309
85310
85311
85312
85313
85314
85315
85316
85317
85318
85319
85320
85321
85322
85323
85324
85355
85356
85357
85358
85359
85360
85361
85362
85363
85364
85365
85366
85367
85368
85369
85370
85371
85372
85373
85374
85375
85376
85377
85378
85379
85380
85381
85382
85383
85384
85415
85416
85417
85418
85419
85420
85421
85422
85423
85424
85425
85426
85427
85428
85429
85430
85431
85432
85433
85434
85435
85436
85437
85438
85439
85440
85441
85442
85443
85444
85475
85476
85477
85478
85479
85480
85481
85482
85483
85484
85485
85486
85487
85488
85489
85490
85491
85492
85493
85494
85495
85496
85497
85498
85499
85500
85501
85502
85503
85504
85535
85536
85537
85538
85539
85540
85541
85542
85543
85544
85545
85546
85547
85548
85549
85550
85551
85552
85553
85554
85555
85556
85557
85558
85559
85560
85561
85562
85563
85564
85595
85596
85597
85598
85599
85600
85601
85602
85603
85604
85605
85606
85607
85608
85609
85610
85611
85612
85613
85614
85615
85616
85617
85618
85619
85620
85621
85622
85623
85624
85655
85656
85657
85658
85659
85660
85661
85662
85663
85664
85665
85666
85667
85668
85669
85670
85671
85672
85673
85674
85675
85676
85677
85678
85679
85680
85681
85682
85683
85684
85715
85716
85717
85718
85719
85720
85721
85722
85723
85724
85725
85726
85727
85728
85729
85730
85731
85732
85733
85734
85735
85736
85737
85738
85739
85740
85741
85742
85743
85744
85775
85776
85777
85778
85779
85780
85781
85782
85783
85784
85785
85786
85787
85788
85789
85790
85791
85792
85793
85794
85795
85796
85797
85798
85799
85800
85801
85802
85803
85804
85825
85826
85827
85828
85829
85830
85831
85832
85833
85834
85835
85836
85837
85838
85839
85840
85841
85842
85843
85844
86265
86266
86267
86268
86269
86270
86271
86272
86273
86274
86275
86276
86277
86278
86279
86280
86281
86282
86283
86284
86305
86306
86307
86308
86309
86310
86311
86312
86313
86314
86315
86316
86317
86318
86319
86320
86321
86322
86323
86324
86345
86346
86347
86348
86349
86350
86351
86352
86353
86354
86355
86356
86357
86358
86359
86360
86361
86362
86363
86364
86385
86386
86387
86388
86389
86390
86391
86392
86393
86394
86395
86396
86397
86398
86399
86400
86401
86402
86403
86404
86425
86426
86427
86428
86429
86430
86431
86432
86433
86434
86435
86436
86437
86438
86439
86440
86441
86442
86443
86444
86465
86466
86467
86468
86469
86470
86471
86472
86473
86474
86475
86476
86477
86478
86479
86480
86481
86482
86483
86484
86505
86506
86507
86508
86509
86510
86511
86512
86513
86514
86515
86516
86517
86518
86519
86520
86521
86522
86523
86524
86545
86546
86547
86548
86549
86550
86551
86552
86553
86554
86555
86556
86557
86558
86559
86560
86561
86562
86563
86564
86585
86586
86587
86588
86589
86590
86591
86592
86593
86594
86595
86596
86597
86598
86599
86600
86601
86602
86603
86604
86615
86616
86617
86618
86619
86620
86621
86622
86623
86624
90827
90828
91247
91248
91667
91668
92087
92088
92507
92508
92927
92928
93347
93348
93767
93768
94187
94188
94607
94608
95027
102664
102665
102699
102700
102734
102735
102769
102770
102804
102805
102839
102840
102874
102875
102909
102910
102944
102945
102979
103364
103365
103399
103400
103434
103435
103469
103470
103504
103505
103539
103540
103574
103575
103609
103610
103644
103645
103679
104064
104065
104099
104100
104134
104135
104169
104170
104204
104205
104239
104240
104274
104275
104309
104310
104344
104345
104379
104764
104765
104799
104800
104834
104835
104869
104870
104904
104905
104939
104940
104974
104975
105009
105010
105044
105045
105079
105464
105465
105499
105500
105534
105535
105569
105570
105604
105605
105639
105640
105674
105675
105709
105710
105744
105745
105779
106164
106165
106199
106200
106234
106235
106269
106270
106304
106305
106339
106340
106374
106375
106409
106410
106444
106445
106479
106864
106865
106899
106900
106934
106935
106969
106970
107004
107005
107039
107040
107074
107075
107109
107110
107144
107145
107179
107564
107565
107599
107600
107634
107635
107669
107670
107704
107705
107739
107740
107774
107775
107809
107810
107844
107845
107879
108264
108265
108299
108300
108334
108335
108369
108370
108404
108405
108439
108440
108474
108475
108509
108510
108544
108545
108579
108964
108965
108999
109000
109034
109035
109069
109070
109104
109105
109139
109140
109174
109175
109209
109210
109244
109245
109279
109544
109567
109590
109613
109636
109659
109682
109705
109728
124795
124796
124797
124798
124799
124800
124801
124802
124803
124804
124815
124816
124817
124818
124819
124820
124821
124822
124823
124824
124835
124836
124837
124838
124839
124840
124841
124842
124843
124844
124855
124856
124857
124858
124859
124860
124861
124862
124863
124864
124875
124876
124877
124878
124879
124880
124881
124882
124883
124884
124895
124896
124897
124898
124899
124900
124901
124902
124903
124904
124915
124916
124917
124918
124919
124920
124921
124922
124923
124924
124935
124936
124937
124938
124939
124940
124941
124942
124943
124944
124955
124956
124957
124958
124959
124960
124961
124962
124963
124964
124975
124976
124977
124978
124979
124980
124981
124982
124983
124984
124995
124996
124997
124998
124999
125000
125001
125002
125003
125004
125489
125501
125513
125525
125537
125549
125561
125573
125585
125597
125609
-39007
-39011
-39015
-39019
-39023
-39027
-39031
-39035
-39039
-39042
39728
39732
-73583
-73641
-73643
-73698
-73701
-73703
-73755
-73758
-73761
-73763
-73815
-73818
-73821
-73823
-73872
-73875
-73878
-73881
-73883
-73929
-73932
-73935
-73938
-73941
-73943
-73986
-73989
-73992
-73995
-73998
-74001
-74003
-74030
-74032
-74034
-74036
-74038
-74040
-74042
-74043
-74677
-74680
-74683
-74686
-74689
-74692
-74695
-74698
-74701
-74702
-74703
-74704
-74737
-74740
-74743
-74746
-74749
-74752
-74755
-74758
-74759
-74760
-74761
-74797
-74800
-74803
-74806
-74809
-74812
-74815
-74816
-74817
-74818
-74857
-74860
-74863
-74866
-74869
-74872
-74873
-74874
-74875
-74917
-74920
-74923
-74926
-74929
-74930
-74932
-74977
-74980
-74983
-74986
-74989
-74990
-74991
-74992
-75037
-75040
-75043
-75046
-75047
-75048
-75049
-75097
-75100
-75103
-75104
-75105
-75106
-75157
-75160
-75161
-75162
-75163
-75206
-75207
-75208
-90407
-101965
-102000
-102035
-102070
-102105
-102140
-102175
-102210
-102245
-102279
90825
102663
102698
102733
102768
102803
102838
102873
102908
102943
102978
39726
39730
39734
39738
39742
39746
39750
39754
39758
39761
90826
-75796
-75799
-75802
-75805
-75808
-75811
-75814
-75817
-75820
-75822
-76976
-76979
-76982
-76985
-76988
-76991
-76994
-76997
-77000
-77002
-78156
-78159
-78162
-78165
-78168
-78171
-78174
-78177
-78180
-78182
-79336
-79339
-79342
-79345
-79348
-79351
-79354
-79357
-79360
-79362
-80516
-80519
-80522
-80525
-80528
-80531
-80534
-80537
-80540
-80542
-81696
-81699
-81702
-81705
-81708
-81711
-81714
-81717
-81720
-81722
-82876
-82879
-82882
-82885
-82888
-82891
-82894
-82897
-82900
-82902
-84056
-84059
-84062
-84065
-84068
-84071
-84074
-84077
-84080
-84082
-85236
-85239
-85242
-85245
-85248
-85251
-85254
-85257
-85260
-85262
-86226
-86228
-86230
-86232
-86234
-86236
-86238
-86240
-86242
-86243
-102629
-103329
-104029
-104729
-105429
-106129
-106829
-107529
-108229
-108929
-109521
-39721
-40441
-41161
-41881
-42601
-43321
-44041
-44761
-45481
-46201
-46912
-75852
-75912
-75972
-76032
-76092
-76152
-76212
-76272
-76332
-76383
-77032
-77092
-77152
-77212
-77272
-77332
-77392
-77452
-77512
-77563
-78212
-78272
-78332
-78392
-78452
-78512
-78572
-78632
-78692
-78743
-79392
-79452
-79512
-79572
-79632
-79692
-79752
-79812
-79872
-79923
-80572
-80632
-80692
-80752
-80812
-80872
-80932
-80992
-81052
-81103
-81752
-81812
-81872
-81932
-81992
-82052
-82112
-82172
-82232
-82283
-82932
-82992
-83052
-83112
-83172
-83232
-83292
-83352
-83412
-83463
-84112
-84172
-84232
-84292
-84352
-84412
-84472
-84532
-84592
-84643
-85292
-85352
-85412
-85472
-85532
-85592
-85652
-85712
-85772
-85823
-86263
-86303
-86343
-86383
-86423
-86463
-86503
-86543
-86583
-86614
91245
91665
92085
92505
92925
93345
93765
94185
94605
95025
103363
103398
103433
103468
103503
103538
103573
103608
103643
103678
104063
104098
104133
104168
104203
104238
104273
104308
104343
104378
104763
104798
104833
104868
104903
104938
104973
105008
105043
105078
105463
105498
105533
105568
105603
105638
105673
105708
105743
105778
106163
106198
106233
106268
106303
106338
106373
106408
106443
106478
106863
106898
106933
106968
107003
107038
107073
107108
107143
107178
107563
107598
107633
107668
107703
107738
107773
107808
107843
107878
108263
108298
108333
108368
108403
108438
108473
108508
108543
108578
108963
108998
109033
109068
109103
109138
109173
109208
109243
109278
109543
109566
109589
109612
109635
109658
109681
109704
109727
109750
40446
40450
40454
40458
40462
40466
40470
40474
40478
40481
41166
41170
41174
41178
41182
41186
41190
41194
41198
41201
41886
41890
41894
41898
41902
41906
41910
41914
41918
41921
42606
42610
42614
42618
42622
42626
42630
42634
42638
42641
43326
43330
43334
43338
43342
43346
43350
43354
43358
43361
44046
44050
44054
44058
44062
44066
44070
44074
44078
44081
44766
44770
44774
44778
44782
44786
44790
44794
44798
44801
45486
45490
45494
45498
45502
45506
45510
45514
45518
45521
46206
46210
46214
46218
46222
46226
46230
46234
46238
46241
46916
46919
46922
46925
46928
46931
46934
46937
46940
46942
91246
91666
92086
92506
92926
93346
93766
94186
94606
95026
)


// ************************************************************************* //
