/*--------------------------------*- C++ -*----------------------------------*\
  =========                 |
  \\      /  F ield         | OpenFOAM: The Open Source CFD Toolbox
   \\    /   O peration     | Website:  https://openfoam.org
    \\  /    A nd           | Version:  7
     \\/     M anipulation  |
\*---------------------------------------------------------------------------*/
FoamFile
{
    version     2.0;
    format      ascii;
    class       labelList;
    location    "constant/polyMesh";
    object      pointProcAddressing;
}
// * * * * * * * * * * * * * * * * * * * * * * * * * * * * * * * * * * * * * //


1668
(
15479
15480
15481
15482
15483
15484
15485
15486
15487
15488
15489
15499
15500
15501
15502
15503
15504
15505
15506
15507
15508
15509
15739
15740
15741
15742
15743
15744
15745
15746
15747
15748
15749
15759
15760
15761
15762
15763
15764
15765
15766
15767
15768
15769
15999
16000
16001
16002
16003
16004
16005
16006
16007
16008
16009
16019
16020
16021
16022
16023
16024
16025
16026
16027
16028
16029
16259
16260
16261
16262
16263
16264
16265
16266
16267
16268
16269
16279
16280
16281
16282
16283
16284
16285
16286
16287
16288
16289
16519
16520
16521
16522
16523
16524
16525
16526
16527
16528
16529
16539
16540
16541
16542
16543
16544
16545
16546
16547
16548
16549
16779
16780
16781
16782
16783
16784
16785
16786
16787
16788
16789
16799
16800
16801
16802
16803
16804
16805
16806
16807
16808
16809
17039
17040
17041
17042
17043
17044
17045
17046
17047
17048
17049
17059
17060
17061
17062
17063
17064
17065
17066
17067
17068
17069
17299
17300
17301
17302
17303
17304
17305
17306
17307
17308
17309
17319
17320
17321
17322
17323
17324
17325
17326
17327
17328
17329
17559
17560
17561
17562
17563
17564
17565
17566
17567
17568
17569
17579
17580
17581
17582
17583
17584
17585
17586
17587
17588
17589
17819
17820
17821
17822
17823
17824
17825
17826
17827
17828
17829
17839
17840
17841
17842
17843
17844
17845
17846
17847
17848
17849
18079
18080
18081
18082
18083
18084
18085
18086
18087
18088
18089
18099
18100
18101
18102
18103
18104
18105
18106
18107
18108
18109
18339
18340
18341
18342
18343
18344
18345
18346
18347
18348
18349
18359
18360
18361
18362
18363
18364
18365
18366
18367
18368
18369
28309
28328
28329
28347
28348
28349
28366
28367
28368
28369
28385
28386
28387
28388
28389
28405
28406
28407
28408
28409
28424
28425
28426
28427
28428
28429
28443
28444
28445
28446
28447
28448
28449
28462
28463
28464
28465
28466
28467
28468
28469
28481
28482
28483
28484
28485
28486
28487
28488
28489
28679
28680
28681
28682
28683
28684
28685
28686
28687
28688
28689
28699
28700
28701
28702
28703
28704
28705
28706
28707
28708
28709
28719
28720
28721
28722
28723
28724
28725
28726
28727
28728
28729
28739
28740
28741
28742
28743
28744
28745
28746
28747
28748
28749
28759
28760
28761
28762
28763
28764
28765
28766
28767
28768
28769
28779
28780
28781
28782
28783
28784
28785
28786
28787
28788
28789
28799
28800
28801
28802
28803
28804
28805
28806
28807
28808
28809
28819
28820
28821
28822
28823
28824
28825
28826
28827
28828
28829
28839
28840
28841
28842
28843
28844
28845
28846
28847
28848
28849
28859
28860
28861
28862
28863
28864
28865
28866
28867
28868
28869
29059
29060
29061
29062
29063
29064
29065
29066
29067
29068
29069
29079
29080
29081
29082
29083
29084
29085
29086
29087
29088
29089
29099
29100
29101
29102
29103
29104
29105
29106
29107
29108
29109
29119
29120
29121
29122
29123
29124
29125
29126
29127
29128
29129
29139
29140
29141
29142
29143
29144
29145
29146
29147
29148
29149
29159
29160
29161
29162
29163
29164
29165
29166
29167
29168
29169
29179
29180
29181
29182
29183
29184
29185
29186
29187
29188
29189
29199
29200
29201
29202
29203
29204
29205
29206
29207
29208
29209
29219
29220
29221
29222
29223
29224
29225
29226
29227
29228
29229
29239
29240
29241
29242
29243
29244
29245
29246
29247
29248
29249
29439
29440
29441
29442
29443
29444
29445
29446
29447
29448
29449
29459
29460
29461
29462
29463
29464
29465
29466
29467
29468
29469
29479
29480
29481
29482
29483
29484
29485
29486
29487
29488
29489
29499
29500
29501
29502
29503
29504
29505
29506
29507
29508
29509
29519
29520
29521
29522
29523
29524
29525
29526
29527
29528
29529
29539
29540
29541
29542
29543
29544
29545
29546
29547
29548
29549
29559
29560
29561
29562
29563
29564
29565
29566
29567
29568
29569
29579
29580
29581
29582
29583
29584
29585
29586
29587
29588
29589
29599
29600
29601
29602
29603
29604
29605
29606
29607
29608
29609
29619
29620
29621
29622
29623
29624
29625
29626
29627
29628
29629
29819
29820
29821
29822
29823
29824
29825
29826
29827
29828
29829
29839
29840
29841
29842
29843
29844
29845
29846
29847
29848
29849
29859
29860
29861
29862
29863
29864
29865
29866
29867
29868
29869
29879
29880
29881
29882
29883
29884
29885
29886
29887
29888
29889
29899
29900
29901
29902
29903
29904
29905
29906
29907
29908
29909
29919
29920
29921
29922
29923
29924
29925
29926
29927
29928
29929
29939
29940
29941
29942
29943
29944
29945
29946
29947
29948
29949
29959
29960
29961
29962
29963
29964
29965
29966
29967
29968
29969
29979
29980
29981
29982
29983
29984
29985
29986
29987
29988
29989
29999
30000
30001
30002
30003
30004
30005
30006
30007
30008
30009
30199
30200
30201
30202
30203
30204
30205
30206
30207
30208
30209
30219
30220
30221
30222
30223
30224
30225
30226
30227
30228
30229
30239
30240
30241
30242
30243
30244
30245
30246
30247
30248
30249
30259
30260
30261
30262
30263
30264
30265
30266
30267
30268
30269
30279
30280
30281
30282
30283
30284
30285
30286
30287
30288
30289
30299
30300
30301
30302
30303
30304
30305
30306
30307
30308
30309
30319
30320
30321
30322
30323
30324
30325
30326
30327
30328
30329
30339
30340
30341
30342
30343
30344
30345
30346
30347
30348
30349
30359
30360
30361
30362
30363
30364
30365
30366
30367
30368
30369
30379
30380
30381
30382
30383
30384
30385
30386
30387
30388
30389
30579
30580
30581
30582
30583
30584
30585
30586
30587
30588
30589
30599
30600
30601
30602
30603
30604
30605
30606
30607
30608
30609
30619
30620
30621
30622
30623
30624
30625
30626
30627
30628
30629
30639
30640
30641
30642
30643
30644
30645
30646
30647
30648
30649
30659
30660
30661
30662
30663
30664
30665
30666
30667
30668
30669
30679
30680
30681
30682
30683
30684
30685
30686
30687
30688
30689
30699
30700
30701
30702
30703
30704
30705
30706
30707
30708
30709
30719
30720
30721
30722
30723
30724
30725
30726
30727
30728
30729
30739
30740
30741
30742
30743
30744
30745
30746
30747
30748
30749
30759
30760
30761
30762
30763
30764
30765
30766
30767
30768
30769
30959
30960
30961
30962
30963
30964
30965
30966
30967
30968
30969
30979
30980
30981
30982
30983
30984
30985
30986
30987
30988
30989
30999
31000
31001
31002
31003
31004
31005
31006
31007
31008
31009
31019
31020
31021
31022
31023
31024
31025
31026
31027
31028
31029
31039
31040
31041
31042
31043
31044
31045
31046
31047
31048
31049
31059
31060
31061
31062
31063
31064
31065
31066
31067
31068
31069
31079
31080
31081
31082
31083
31084
31085
31086
31087
31088
31089
31099
31100
31101
31102
31103
31104
31105
31106
31107
31108
31109
31119
31120
31121
31122
31123
31124
31125
31126
31127
31128
31129
31139
31140
31141
31142
31143
31144
31145
31146
31147
31148
31149
31339
31340
31341
31342
31343
31344
31345
31346
31347
31348
31349
31359
31360
31361
31362
31363
31364
31365
31366
31367
31368
31369
31379
31380
31381
31382
31383
31384
31385
31386
31387
31388
31389
31399
31400
31401
31402
31403
31404
31405
31406
31407
31408
31409
31419
31420
31421
31422
31423
31424
31425
31426
31427
31428
31429
31439
31440
31441
31442
31443
31444
31445
31446
31447
31448
31449
31459
31460
31461
31462
31463
31464
31465
31466
31467
31468
31469
31479
31480
31481
31482
31483
31484
31485
31486
31487
31488
31489
31499
31500
31501
31502
31503
31504
31505
31506
31507
31508
31509
31519
31520
31521
31522
31523
31524
31525
31526
31527
31528
31529
31719
31720
31721
31722
31723
31724
31725
31726
31727
31728
31729
31739
31740
31741
31742
31743
31744
31745
31746
31747
31748
31749
31759
31760
31761
31762
31763
31764
31765
31766
31767
31768
31769
31779
31780
31781
31782
31783
31784
31785
31786
31787
31788
31789
31799
31800
31801
31802
31803
31804
31805
31806
31807
31808
31809
31819
31820
31821
31822
31823
31824
31825
31826
31827
31828
31829
31839
31840
31841
31842
31843
31844
31845
31846
31847
31848
31849
31859
31860
31861
31862
31863
31864
31865
31866
31867
31868
31869
31879
31880
31881
31882
31883
31884
31885
31886
31887
31888
31889
31899
31900
31901
31902
31903
31904
31905
31906
31907
31908
31909
32099
32100
32101
32102
32103
32104
32105
32106
32107
32108
32109
32119
32120
32121
32122
32123
32124
32125
32126
32127
32128
32129
32139
32140
32141
32142
32143
32144
32145
32146
32147
32148
32149
32159
32160
32161
32162
32163
32164
32165
32166
32167
32168
32169
32179
32180
32181
32182
32183
32184
32185
32186
32187
32188
32189
32199
32200
32201
32202
32203
32204
32205
32206
32207
32208
32209
32219
32220
32221
32222
32223
32224
32225
32226
32227
32228
32229
32239
32240
32241
32242
32243
32244
32245
32246
32247
32248
32249
32259
32260
32261
32262
32263
32264
32265
32266
32267
32268
32269
32279
32280
32281
32282
32283
32284
32285
32286
32287
32288
32289
32479
32480
32481
32482
32483
32484
32485
32486
32487
32488
32489
32499
32500
32501
32502
32503
32504
32505
32506
32507
32508
32509
32519
32520
32521
32522
32523
32524
32525
32526
32527
32528
32529
32539
32540
32541
32542
32543
32544
32545
32546
32547
32548
32549
32559
32560
32561
32562
32563
32564
32565
32566
32567
32568
32569
32579
32580
32581
32582
32583
32584
32585
32586
32587
32588
32589
32599
32600
32601
32602
32603
32604
32605
32606
32607
32608
32609
32619
32620
32621
32622
32623
32624
32625
32626
32627
32628
32629
32639
32640
32641
32642
32643
32644
32645
32646
32647
32648
32649
32659
32660
32661
32662
32663
32664
32665
32666
32667
32668
32669
34230
34242
34386
34398
34542
34554
34698
34710
34854
34866
35010
35022
35166
35178
35322
35334
35478
35490
35634
35646
35790
35802
35946
35958
38622
38634
38646
38658
38670
38682
38694
38706
38718
38730
38862
38874
38886
38898
38910
38922
38934
38946
38958
38970
39102
39114
39126
39138
39150
39162
39174
39186
39198
39210
39342
39354
39366
39378
39390
39402
39414
39426
39438
39450
39582
39594
39606
39618
39630
39642
39654
39666
39678
39690
39822
39834
39846
39858
39870
39882
39894
39906
39918
39930
40062
40074
40086
40098
40110
40122
40134
40146
40158
40170
40302
40314
40326
40338
40350
40362
40374
40386
40398
40410
40542
40554
40566
40578
40590
40602
40614
40626
40638
40650
40782
40794
40806
40818
40830
40842
40854
40866
40878
40890
41022
41034
41046
41058
41070
41082
41094
41106
41118
41130
41262
41274
41286
41298
41310
41322
41334
41346
41358
41370
)


// ************************************************************************* //
