/*--------------------------------*- C++ -*----------------------------------*\
  =========                 |
  \\      /  F ield         | OpenFOAM: The Open Source CFD Toolbox
   \\    /   O peration     | Website:  https://openfoam.org
    \\  /    A nd           | Version:  7
     \\/     M anipulation  |
\*---------------------------------------------------------------------------*/
FoamFile
{
    version     2.0;
    format      ascii;
    class       labelList;
    location    "constant/polyMesh";
    object      cellProcAddressing;
}
// * * * * * * * * * * * * * * * * * * * * * * * * * * * * * * * * * * * * * //


1270
(
16138
16139
16140
16141
16142
16143
16144
16145
16146
16147
16158
16159
16160
16161
16162
16163
16164
16165
16166
16167
16178
16179
16180
16181
16182
16183
16184
16185
16186
16187
16198
16199
16200
16201
16202
16203
16204
16205
16206
16207
16218
16219
16220
16221
16222
16223
16224
16225
16226
16227
16238
16239
16240
16241
16242
16243
16244
16245
16246
16247
16258
16259
16260
16261
16262
16263
16264
16265
16266
16267
16278
16279
16280
16281
16282
16283
16284
16285
16286
16287
16298
16299
16300
16301
16302
16303
16304
16305
16306
16307
16318
16319
16320
16321
16322
16323
16324
16325
16326
16327
16338
16339
16340
16341
16342
16343
16344
16345
16346
16347
16378
16379
16380
16381
16382
16383
16384
16385
16386
16387
16398
16399
16400
16401
16402
16403
16404
16405
16406
16407
16418
16419
16420
16421
16422
16423
16424
16425
16426
16427
16438
16439
16440
16441
16442
16443
16444
16445
16446
16447
16458
16459
16460
16461
16462
16463
16464
16465
16466
16467
16478
16479
16480
16481
16482
16483
16484
16485
16486
16487
16498
16499
16500
16501
16502
16503
16504
16505
16506
16507
16518
16519
16520
16521
16522
16523
16524
16525
16526
16527
16538
16539
16540
16541
16542
16543
16544
16545
16546
16547
16558
16559
16560
16561
16562
16563
16564
16565
16566
16567
16578
16579
16580
16581
16582
16583
16584
16585
16586
16587
16618
16619
16620
16621
16622
16623
16624
16625
16626
16627
16638
16639
16640
16641
16642
16643
16644
16645
16646
16647
16658
16659
16660
16661
16662
16663
16664
16665
16666
16667
16678
16679
16680
16681
16682
16683
16684
16685
16686
16687
16698
16699
16700
16701
16702
16703
16704
16705
16706
16707
16718
16719
16720
16721
16722
16723
16724
16725
16726
16727
16738
16739
16740
16741
16742
16743
16744
16745
16746
16747
16758
16759
16760
16761
16762
16763
16764
16765
16766
16767
16778
16779
16780
16781
16782
16783
16784
16785
16786
16787
16798
16799
16800
16801
16802
16803
16804
16805
16806
16807
16818
16819
16820
16821
16822
16823
16824
16825
16826
16827
16858
16859
16860
16861
16862
16863
16864
16865
16866
16867
16878
16879
16880
16881
16882
16883
16884
16885
16886
16887
16898
16899
16900
16901
16902
16903
16904
16905
16906
16907
16918
16919
16920
16921
16922
16923
16924
16925
16926
16927
16938
16939
16940
16941
16942
16943
16944
16945
16946
16947
16958
16959
16960
16961
16962
16963
16964
16965
16966
16967
16978
16979
16980
16981
16982
16983
16984
16985
16986
16987
16998
16999
17000
17001
17002
17003
17004
17005
17006
17007
17018
17019
17020
17021
17022
17023
17024
17025
17026
17027
17038
17039
17040
17041
17042
17043
17044
17045
17046
17047
17058
17059
17060
17061
17062
17063
17064
17065
17066
17067
17098
17099
17100
17101
17102
17103
17104
17105
17106
17107
17118
17119
17120
17121
17122
17123
17124
17125
17126
17127
17138
17139
17140
17141
17142
17143
17144
17145
17146
17147
17158
17159
17160
17161
17162
17163
17164
17165
17166
17167
17178
17179
17180
17181
17182
17183
17184
17185
17186
17187
17198
17199
17200
17201
17202
17203
17204
17205
17206
17207
17218
17219
17220
17221
17222
17223
17224
17225
17226
17227
17238
17239
17240
17241
17242
17243
17244
17245
17246
17247
17258
17259
17260
17261
17262
17263
17264
17265
17266
17267
17278
17279
17280
17281
17282
17283
17284
17285
17286
17287
17298
17299
17300
17301
17302
17303
17304
17305
17306
17307
17338
17339
17340
17341
17342
17343
17344
17345
17346
17347
17358
17359
17360
17361
17362
17363
17364
17365
17366
17367
17378
17379
17380
17381
17382
17383
17384
17385
17386
17387
17398
17399
17400
17401
17402
17403
17404
17405
17406
17407
17418
17419
17420
17421
17422
17423
17424
17425
17426
17427
17438
17439
17440
17441
17442
17443
17444
17445
17446
17447
17458
17459
17460
17461
17462
17463
17464
17465
17466
17467
17478
17479
17480
17481
17482
17483
17484
17485
17486
17487
17498
17499
17500
17501
17502
17503
17504
17505
17506
17507
17518
17519
17520
17521
17522
17523
17524
17525
17526
17527
17538
17539
17540
17541
17542
17543
17544
17545
17546
17547
17578
17579
17580
17581
17582
17583
17584
17585
17586
17587
17598
17599
17600
17601
17602
17603
17604
17605
17606
17607
17618
17619
17620
17621
17622
17623
17624
17625
17626
17627
17638
17639
17640
17641
17642
17643
17644
17645
17646
17647
17658
17659
17660
17661
17662
17663
17664
17665
17666
17667
17678
17679
17680
17681
17682
17683
17684
17685
17686
17687
17698
17699
17700
17701
17702
17703
17704
17705
17706
17707
17718
17719
17720
17721
17722
17723
17724
17725
17726
17727
17738
17739
17740
17741
17742
17743
17744
17745
17746
17747
17758
17759
17760
17761
17762
17763
17764
17765
17766
17767
17778
17779
17780
17781
17782
17783
17784
17785
17786
17787
17818
17819
17820
17821
17822
17823
17824
17825
17826
17827
17838
17839
17840
17841
17842
17843
17844
17845
17846
17847
17858
17859
17860
17861
17862
17863
17864
17865
17866
17867
17878
17879
17880
17881
17882
17883
17884
17885
17886
17887
17898
17899
17900
17901
17902
17903
17904
17905
17906
17907
17918
17919
17920
17921
17922
17923
17924
17925
17926
17927
17938
17939
17940
17941
17942
17943
17944
17945
17946
17947
17958
17959
17960
17961
17962
17963
17964
17965
17966
17967
17978
17979
17980
17981
17982
17983
17984
17985
17986
17987
17998
17999
18000
18001
18002
18003
18004
18005
18006
18007
18018
18019
18020
18021
18022
18023
18024
18025
18026
18027
18058
18059
18060
18061
18062
18063
18064
18065
18066
18067
18078
18079
18080
18081
18082
18083
18084
18085
18086
18087
18098
18099
18100
18101
18102
18103
18104
18105
18106
18107
18118
18119
18120
18121
18122
18123
18124
18125
18126
18127
18138
18139
18140
18141
18142
18143
18144
18145
18146
18147
18158
18159
18160
18161
18162
18163
18164
18165
18166
18167
18178
18179
18180
18181
18182
18183
18184
18185
18186
18187
18198
18199
18200
18201
18202
18203
18204
18205
18206
18207
18218
18219
18220
18221
18222
18223
18224
18225
18226
18227
18238
18239
18240
18241
18242
18243
18244
18245
18246
18247
18258
18259
18260
18261
18262
18263
18264
18265
18266
18267
18298
18299
18300
18301
18302
18303
18304
18305
18306
18307
18318
18319
18320
18321
18322
18323
18324
18325
18326
18327
18338
18339
18340
18341
18342
18343
18344
18345
18346
18347
18358
18359
18360
18361
18362
18363
18364
18365
18366
18367
18378
18379
18380
18381
18382
18383
18384
18385
18386
18387
18398
18399
18400
18401
18402
18403
18404
18405
18406
18407
18418
18419
18420
18421
18422
18423
18424
18425
18426
18427
18438
18439
18440
18441
18442
18443
18444
18445
18446
18447
18458
18459
18460
18461
18462
18463
18464
18465
18466
18467
18478
18479
18480
18481
18482
18483
18484
18485
18486
18487
18498
18499
18500
18501
18502
18503
18504
18505
18506
18507
18538
18539
18540
18541
18542
18543
18544
18545
18546
18547
18558
18559
18560
18561
18562
18563
18564
18565
18566
18567
18578
18579
18580
18581
18582
18583
18584
18585
18586
18598
18599
18600
18601
18602
18603
18604
18605
18618
18619
18620
18621
18622
18623
18624
18638
18639
18640
18641
18642
18658
18659
18660
18661
18678
18679
18680
18698
18699
18718
37632
37644
37656
37668
37680
37692
37704
37716
37728
37740
37752
37776
37788
37800
37812
37824
37836
37848
37860
37872
37884
37896
37920
37932
37944
37956
37968
37980
37992
38004
38016
38028
38040
38064
38076
38088
38100
38112
38124
38136
38148
38160
38172
38184
38208
38220
38232
38244
38256
38268
38280
38292
38304
38316
38328
38352
38364
38376
38388
38400
38412
38424
38436
38448
38460
38472
38496
38508
38520
38532
38544
38556
38568
38580
38592
38604
38616
38640
38652
38664
38676
38688
38700
38712
38724
38736
38748
38760
38784
38796
38808
38820
38832
38844
38856
38868
38880
38892
38904
38928
38940
38952
38964
38976
38988
39000
39012
39024
39036
39048
39072
)


// ************************************************************************* //
