/*--------------------------------*- C++ -*----------------------------------*\
  =========                 |
  \\      /  F ield         | OpenFOAM: The Open Source CFD Toolbox
   \\    /   O peration     | Website:  https://openfoam.org
    \\  /    A nd           | Version:  7
     \\/     M anipulation  |
\*---------------------------------------------------------------------------*/
FoamFile
{
    version     2.0;
    format      ascii;
    class       labelList;
    location    "constant/polyMesh";
    object      faceProcAddressing;
}
// * * * * * * * * * * * * * * * * * * * * * * * * * * * * * * * * * * * * * //


4172
(
47395
47396
47397
47398
47399
47400
47401
47402
47403
47404
47405
47406
47407
47408
47409
47410
47411
47412
47413
47414
47415
47416
47417
47418
47419
47420
47421
47422
47423
47424
47455
47456
47457
47458
47459
47460
47461
47462
47463
47464
47465
47466
47467
47468
47469
47470
47471
47472
47473
47474
47475
47476
47477
47478
47479
47480
47481
47482
47483
47484
47515
47516
47517
47518
47519
47520
47521
47522
47523
47524
47525
47526
47527
47528
47529
47530
47531
47532
47533
47534
47535
47536
47537
47538
47539
47540
47541
47542
47543
47544
47575
47576
47577
47578
47579
47580
47581
47582
47583
47584
47585
47586
47587
47588
47589
47590
47591
47592
47593
47594
47595
47596
47597
47598
47599
47600
47601
47602
47603
47604
47635
47636
47637
47638
47639
47640
47641
47642
47643
47644
47645
47646
47647
47648
47649
47650
47651
47652
47653
47654
47655
47656
47657
47658
47659
47660
47661
47662
47663
47664
47695
47696
47697
47698
47699
47700
47701
47702
47703
47704
47705
47706
47707
47708
47709
47710
47711
47712
47713
47714
47715
47716
47717
47718
47719
47720
47721
47722
47723
47724
47755
47756
47757
47758
47759
47760
47761
47762
47763
47764
47765
47766
47767
47768
47769
47770
47771
47772
47773
47774
47775
47776
47777
47778
47779
47780
47781
47782
47783
47784
47815
47816
47817
47818
47819
47820
47821
47822
47823
47824
47825
47826
47827
47828
47829
47830
47831
47832
47833
47834
47835
47836
47837
47838
47839
47840
47841
47842
47843
47844
47875
47876
47877
47878
47879
47880
47881
47882
47883
47884
47885
47886
47887
47888
47889
47890
47891
47892
47893
47894
47895
47896
47897
47898
47899
47900
47901
47902
47903
47904
47935
47936
47937
47938
47939
47940
47941
47942
47943
47944
47945
47946
47947
47948
47949
47950
47951
47952
47953
47954
47955
47956
47957
47958
47959
47960
47961
47962
47963
47964
47995
47997
47998
48000
48001
48003
48004
48006
48007
48009
48010
48012
48013
48015
48016
48018
48019
48021
48023
48024
48115
48116
48117
48118
48119
48120
48121
48122
48123
48124
48125
48126
48127
48128
48129
48130
48131
48132
48133
48134
48135
48136
48137
48138
48139
48140
48141
48142
48143
48144
48175
48176
48177
48178
48179
48180
48181
48182
48183
48184
48185
48186
48187
48188
48189
48190
48191
48192
48193
48194
48195
48196
48197
48198
48199
48200
48201
48202
48203
48204
48235
48236
48237
48238
48239
48240
48241
48242
48243
48244
48245
48246
48247
48248
48249
48250
48251
48252
48253
48254
48255
48256
48257
48258
48259
48260
48261
48262
48263
48264
48295
48296
48297
48298
48299
48300
48301
48302
48303
48304
48305
48306
48307
48308
48309
48310
48311
48312
48313
48314
48315
48316
48317
48318
48319
48320
48321
48322
48323
48324
48355
48356
48357
48358
48359
48360
48361
48362
48363
48364
48365
48366
48367
48368
48369
48370
48371
48372
48373
48374
48375
48376
48377
48378
48379
48380
48381
48382
48383
48384
48415
48416
48417
48418
48419
48420
48421
48422
48423
48424
48425
48426
48427
48428
48429
48430
48431
48432
48433
48434
48435
48436
48437
48438
48439
48440
48441
48442
48443
48444
48475
48476
48477
48478
48479
48480
48481
48482
48483
48484
48485
48486
48487
48488
48489
48490
48491
48492
48493
48494
48495
48496
48497
48498
48499
48500
48501
48502
48503
48504
48535
48536
48537
48538
48539
48540
48541
48542
48543
48544
48545
48546
48547
48548
48549
48550
48551
48552
48553
48554
48555
48556
48557
48558
48559
48560
48561
48562
48563
48564
48595
48596
48597
48598
48599
48600
48601
48602
48603
48604
48605
48606
48607
48608
48609
48610
48611
48612
48613
48614
48615
48616
48617
48618
48619
48620
48621
48622
48623
48624
48655
48656
48657
48658
48659
48660
48661
48662
48663
48664
48665
48666
48667
48668
48669
48670
48671
48672
48673
48674
48675
48676
48677
48678
48679
48680
48681
48682
48683
48684
48715
48717
48718
48720
48721
48723
48724
48726
48727
48729
48730
48732
48733
48735
48736
48738
48739
48741
48743
48744
48835
48836
48837
48838
48839
48840
48841
48842
48843
48844
48845
48846
48847
48848
48849
48850
48851
48852
48853
48854
48855
48856
48857
48858
48859
48860
48861
48862
48863
48864
48895
48896
48897
48898
48899
48900
48901
48902
48903
48904
48905
48906
48907
48908
48909
48910
48911
48912
48913
48914
48915
48916
48917
48918
48919
48920
48921
48922
48923
48924
48955
48956
48957
48958
48959
48960
48961
48962
48963
48964
48965
48966
48967
48968
48969
48970
48971
48972
48973
48974
48975
48976
48977
48978
48979
48980
48981
48982
48983
48984
49015
49016
49017
49018
49019
49020
49021
49022
49023
49024
49025
49026
49027
49028
49029
49030
49031
49032
49033
49034
49035
49036
49037
49038
49039
49040
49041
49042
49043
49044
49075
49076
49077
49078
49079
49080
49081
49082
49083
49084
49085
49086
49087
49088
49089
49090
49091
49092
49093
49094
49095
49096
49097
49098
49099
49100
49101
49102
49103
49104
49135
49136
49137
49138
49139
49140
49141
49142
49143
49144
49145
49146
49147
49148
49149
49150
49151
49152
49153
49154
49155
49156
49157
49158
49159
49160
49161
49162
49163
49164
49195
49196
49197
49198
49199
49200
49201
49202
49203
49204
49205
49206
49207
49208
49209
49210
49211
49212
49213
49214
49215
49216
49217
49218
49219
49220
49221
49222
49223
49224
49255
49256
49257
49258
49259
49260
49261
49262
49263
49264
49265
49266
49267
49268
49269
49270
49271
49272
49273
49274
49275
49276
49277
49278
49279
49280
49281
49282
49283
49284
49315
49316
49317
49318
49319
49320
49321
49322
49323
49324
49325
49326
49327
49328
49329
49330
49331
49332
49333
49334
49335
49336
49337
49338
49339
49340
49341
49342
49343
49344
49375
49376
49377
49378
49379
49380
49381
49382
49383
49384
49385
49386
49387
49388
49389
49390
49391
49392
49393
49394
49395
49396
49397
49398
49399
49400
49401
49402
49403
49404
49435
49437
49438
49440
49441
49443
49444
49446
49447
49449
49450
49452
49453
49455
49456
49458
49459
49461
49463
49464
49555
49556
49557
49558
49559
49560
49561
49562
49563
49564
49565
49566
49567
49568
49569
49570
49571
49572
49573
49574
49575
49576
49577
49578
49579
49580
49581
49582
49583
49584
49615
49616
49617
49618
49619
49620
49621
49622
49623
49624
49625
49626
49627
49628
49629
49630
49631
49632
49633
49634
49635
49636
49637
49638
49639
49640
49641
49642
49643
49644
49675
49676
49677
49678
49679
49680
49681
49682
49683
49684
49685
49686
49687
49688
49689
49690
49691
49692
49693
49694
49695
49696
49697
49698
49699
49700
49701
49702
49703
49704
49735
49736
49737
49738
49739
49740
49741
49742
49743
49744
49745
49746
49747
49748
49749
49750
49751
49752
49753
49754
49755
49756
49757
49758
49759
49760
49761
49762
49763
49764
49795
49796
49797
49798
49799
49800
49801
49802
49803
49804
49805
49806
49807
49808
49809
49810
49811
49812
49813
49814
49815
49816
49817
49818
49819
49820
49821
49822
49823
49824
49855
49856
49857
49858
49859
49860
49861
49862
49863
49864
49865
49866
49867
49868
49869
49870
49871
49872
49873
49874
49875
49876
49877
49878
49879
49880
49881
49882
49883
49884
49915
49916
49917
49918
49919
49920
49921
49922
49923
49924
49925
49926
49927
49928
49929
49930
49931
49932
49933
49934
49935
49936
49937
49938
49939
49940
49941
49942
49943
49944
49975
49976
49977
49978
49979
49980
49981
49982
49983
49984
49985
49986
49987
49988
49989
49990
49991
49992
49993
49994
49995
49996
49997
49998
49999
50000
50001
50002
50003
50004
50035
50036
50037
50038
50039
50040
50041
50042
50043
50044
50045
50046
50047
50048
50049
50050
50051
50052
50053
50054
50055
50056
50057
50058
50059
50060
50061
50062
50063
50064
50095
50096
50097
50098
50099
50100
50101
50102
50103
50104
50105
50106
50107
50108
50109
50110
50111
50112
50113
50114
50115
50116
50117
50118
50119
50120
50121
50122
50123
50124
50155
50157
50158
50160
50161
50163
50164
50166
50167
50169
50170
50172
50173
50175
50176
50178
50179
50181
50183
50184
50275
50276
50277
50278
50279
50280
50281
50282
50283
50284
50285
50286
50287
50288
50289
50290
50291
50292
50293
50294
50295
50296
50297
50298
50299
50300
50301
50302
50303
50304
50335
50336
50337
50338
50339
50340
50341
50342
50343
50344
50345
50346
50347
50348
50349
50350
50351
50352
50353
50354
50355
50356
50357
50358
50359
50360
50361
50362
50363
50364
50395
50396
50397
50398
50399
50400
50401
50402
50403
50404
50405
50406
50407
50408
50409
50410
50411
50412
50413
50414
50415
50416
50417
50418
50419
50420
50421
50422
50423
50424
50455
50456
50457
50458
50459
50460
50461
50462
50463
50464
50465
50466
50467
50468
50469
50470
50471
50472
50473
50474
50475
50476
50477
50478
50479
50480
50481
50482
50483
50484
50515
50516
50517
50518
50519
50520
50521
50522
50523
50524
50525
50526
50527
50528
50529
50530
50531
50532
50533
50534
50535
50536
50537
50538
50539
50540
50541
50542
50543
50544
50575
50576
50577
50578
50579
50580
50581
50582
50583
50584
50585
50586
50587
50588
50589
50590
50591
50592
50593
50594
50595
50596
50597
50598
50599
50600
50601
50602
50603
50604
50635
50636
50637
50638
50639
50640
50641
50642
50643
50644
50645
50646
50647
50648
50649
50650
50651
50652
50653
50654
50655
50656
50657
50658
50659
50660
50661
50662
50663
50664
50695
50696
50697
50698
50699
50700
50701
50702
50703
50704
50705
50706
50707
50708
50709
50710
50711
50712
50713
50714
50715
50716
50717
50718
50719
50720
50721
50722
50723
50724
50755
50756
50757
50758
50759
50760
50761
50762
50763
50764
50765
50766
50767
50768
50769
50770
50771
50772
50773
50774
50775
50776
50777
50778
50779
50780
50781
50782
50783
50784
50815
50816
50817
50818
50819
50820
50821
50822
50823
50824
50825
50826
50827
50828
50829
50830
50831
50832
50833
50834
50835
50836
50837
50838
50839
50840
50841
50842
50843
50844
50875
50877
50878
50880
50881
50883
50884
50886
50887
50889
50890
50892
50893
50895
50896
50898
50899
50901
50903
50904
50995
50996
50997
50998
50999
51000
51001
51002
51003
51004
51005
51006
51007
51008
51009
51010
51011
51012
51013
51014
51015
51016
51017
51018
51019
51020
51021
51022
51023
51024
51055
51056
51057
51058
51059
51060
51061
51062
51063
51064
51065
51066
51067
51068
51069
51070
51071
51072
51073
51074
51075
51076
51077
51078
51079
51080
51081
51082
51083
51084
51115
51116
51117
51118
51119
51120
51121
51122
51123
51124
51125
51126
51127
51128
51129
51130
51131
51132
51133
51134
51135
51136
51137
51138
51139
51140
51141
51142
51143
51144
51175
51176
51177
51178
51179
51180
51181
51182
51183
51184
51185
51186
51187
51188
51189
51190
51191
51192
51193
51194
51195
51196
51197
51198
51199
51200
51201
51202
51203
51204
51235
51236
51237
51238
51239
51240
51241
51242
51243
51244
51245
51246
51247
51248
51249
51250
51251
51252
51253
51254
51255
51256
51257
51258
51259
51260
51261
51262
51263
51264
51295
51296
51297
51298
51299
51300
51301
51302
51303
51304
51305
51306
51307
51308
51309
51310
51311
51312
51313
51314
51315
51316
51317
51318
51319
51320
51321
51322
51323
51324
51355
51356
51357
51358
51359
51360
51361
51362
51363
51364
51365
51366
51367
51368
51369
51370
51371
51372
51373
51374
51375
51376
51377
51378
51379
51380
51381
51382
51383
51384
51415
51416
51417
51418
51419
51420
51421
51422
51423
51424
51425
51426
51427
51428
51429
51430
51431
51432
51433
51434
51435
51436
51437
51438
51439
51440
51441
51442
51443
51444
51475
51476
51477
51478
51479
51480
51481
51482
51483
51484
51485
51486
51487
51488
51489
51490
51491
51492
51493
51494
51495
51496
51497
51498
51499
51500
51501
51502
51503
51504
51535
51536
51537
51538
51539
51540
51541
51542
51543
51544
51545
51546
51547
51548
51549
51550
51551
51552
51553
51554
51555
51556
51557
51558
51559
51560
51561
51562
51563
51564
51595
51597
51598
51600
51601
51603
51604
51606
51607
51609
51610
51612
51613
51615
51616
51618
51619
51621
51623
51624
51715
51716
51717
51718
51719
51720
51721
51722
51723
51724
51725
51726
51727
51728
51729
51730
51731
51732
51733
51734
51735
51736
51737
51738
51739
51740
51741
51742
51743
51744
51775
51776
51777
51778
51779
51780
51781
51782
51783
51784
51785
51786
51787
51788
51789
51790
51791
51792
51793
51794
51795
51796
51797
51798
51799
51800
51801
51802
51803
51804
51835
51836
51837
51838
51839
51840
51841
51842
51843
51844
51845
51846
51847
51848
51849
51850
51851
51852
51853
51854
51855
51856
51857
51858
51859
51860
51861
51862
51863
51864
51895
51896
51897
51898
51899
51900
51901
51902
51903
51904
51905
51906
51907
51908
51909
51910
51911
51912
51913
51914
51915
51916
51917
51918
51919
51920
51921
51922
51923
51924
51955
51956
51957
51958
51959
51960
51961
51962
51963
51964
51965
51966
51967
51968
51969
51970
51971
51972
51973
51974
51975
51976
51977
51978
51979
51980
51981
51982
51983
51984
52015
52016
52017
52018
52019
52020
52021
52022
52023
52024
52025
52026
52027
52028
52029
52030
52031
52032
52033
52034
52035
52036
52037
52038
52039
52040
52041
52042
52043
52044
52075
52076
52077
52078
52079
52080
52081
52082
52083
52084
52085
52086
52087
52088
52089
52090
52091
52092
52093
52094
52095
52096
52097
52098
52099
52100
52101
52102
52103
52104
52135
52136
52137
52138
52139
52140
52141
52142
52143
52144
52145
52146
52147
52148
52149
52150
52151
52152
52153
52154
52155
52156
52157
52158
52159
52160
52161
52162
52163
52164
52195
52196
52197
52198
52199
52200
52201
52202
52203
52204
52205
52206
52207
52208
52209
52210
52211
52212
52213
52214
52215
52216
52217
52218
52219
52220
52221
52222
52223
52224
52255
52256
52257
52258
52259
52260
52261
52262
52263
52264
52265
52266
52267
52268
52269
52270
52271
52272
52273
52274
52275
52276
52277
52278
52279
52280
52281
52282
52283
52284
52315
52317
52318
52320
52321
52323
52324
52326
52327
52329
52330
52332
52333
52335
52336
52338
52339
52341
52343
52344
52435
52436
52437
52438
52439
52440
52441
52442
52443
52444
52445
52446
52447
52448
52449
52450
52451
52452
52453
52454
52455
52456
52457
52458
52459
52460
52461
52462
52463
52464
52495
52496
52497
52498
52499
52500
52501
52502
52503
52504
52505
52506
52507
52508
52509
52510
52511
52512
52513
52514
52515
52516
52517
52518
52519
52520
52521
52522
52523
52524
52555
52556
52557
52558
52559
52560
52561
52562
52563
52564
52565
52566
52567
52568
52569
52570
52571
52572
52573
52574
52575
52576
52577
52578
52579
52580
52581
52582
52583
52584
52615
52616
52617
52618
52619
52620
52621
52622
52623
52624
52625
52626
52627
52628
52629
52630
52631
52632
52633
52634
52635
52636
52637
52638
52639
52640
52641
52642
52643
52644
52675
52676
52677
52678
52679
52680
52681
52682
52683
52684
52685
52686
52687
52688
52689
52690
52691
52692
52693
52694
52695
52696
52697
52698
52699
52700
52701
52702
52703
52704
52735
52736
52737
52738
52739
52740
52741
52742
52743
52744
52745
52746
52747
52748
52749
52750
52751
52752
52753
52754
52755
52756
52757
52758
52759
52760
52761
52762
52763
52764
52795
52796
52797
52798
52799
52800
52801
52802
52803
52804
52805
52806
52807
52808
52809
52810
52811
52812
52813
52814
52815
52816
52817
52818
52819
52820
52821
52822
52823
52824
52855
52856
52857
52858
52859
52860
52861
52862
52863
52864
52865
52866
52867
52868
52869
52870
52871
52872
52873
52874
52875
52876
52877
52878
52879
52880
52881
52882
52883
52884
52915
52916
52917
52918
52919
52920
52921
52922
52923
52924
52925
52926
52927
52928
52929
52930
52931
52932
52933
52934
52935
52936
52937
52938
52939
52940
52941
52942
52943
52944
52975
52976
52977
52978
52979
52980
52981
52982
52983
52984
52985
52986
52987
52988
52989
52990
52991
52992
52993
52994
52995
52996
52997
52998
52999
53000
53001
53002
53003
53004
53035
53037
53038
53040
53041
53043
53044
53046
53047
53049
53050
53052
53053
53055
53056
53058
53059
53061
53063
53064
53155
53156
53157
53158
53159
53160
53161
53162
53163
53164
53165
53166
53167
53168
53169
53170
53171
53172
53173
53174
53175
53176
53177
53178
53179
53180
53181
53182
53183
53184
53215
53216
53217
53218
53219
53220
53221
53222
53223
53224
53225
53226
53227
53228
53229
53230
53231
53232
53233
53234
53235
53236
53237
53238
53239
53240
53241
53242
53243
53244
53275
53276
53277
53278
53279
53280
53281
53282
53283
53284
53285
53286
53287
53288
53289
53290
53291
53292
53293
53294
53295
53296
53297
53298
53299
53300
53301
53302
53303
53304
53335
53336
53337
53338
53339
53340
53341
53342
53343
53344
53345
53346
53347
53348
53349
53350
53351
53352
53353
53354
53355
53356
53357
53358
53359
53360
53361
53362
53363
53364
53395
53396
53397
53398
53399
53400
53401
53402
53403
53404
53405
53406
53407
53408
53409
53410
53411
53412
53413
53414
53415
53416
53417
53418
53419
53420
53421
53422
53423
53424
53455
53456
53457
53458
53459
53460
53461
53462
53463
53464
53465
53466
53467
53468
53469
53470
53471
53472
53473
53474
53475
53476
53477
53478
53479
53480
53481
53482
53483
53484
53515
53516
53517
53518
53519
53520
53521
53522
53523
53524
53525
53526
53527
53528
53529
53530
53531
53532
53533
53534
53535
53536
53537
53538
53539
53540
53541
53542
53543
53544
53575
53576
53577
53578
53579
53580
53581
53582
53583
53584
53585
53586
53587
53588
53589
53590
53591
53592
53593
53594
53595
53596
53597
53598
53599
53600
53601
53602
53603
53604
53635
53636
53637
53638
53639
53640
53641
53642
53643
53644
53645
53646
53647
53648
53649
53650
53651
53652
53653
53654
53655
53656
53657
53658
53659
53660
53661
53662
53663
53664
53695
53696
53697
53698
53699
53700
53701
53702
53703
53704
53705
53706
53707
53708
53709
53710
53711
53712
53713
53714
53715
53716
53717
53718
53719
53720
53721
53722
53723
53724
53755
53757
53758
53760
53761
53763
53764
53766
53767
53769
53770
53772
53773
53775
53776
53778
53779
53781
53783
53784
53875
53876
53877
53878
53879
53880
53881
53882
53883
53884
53885
53886
53887
53888
53889
53890
53891
53892
53893
53894
53895
53896
53897
53898
53899
53900
53901
53902
53903
53904
53935
53936
53937
53938
53939
53940
53941
53942
53943
53944
53945
53946
53947
53948
53949
53950
53951
53952
53953
53954
53955
53956
53957
53958
53959
53960
53961
53962
53963
53964
53995
53996
53997
53998
53999
54000
54001
54002
54003
54004
54005
54006
54007
54008
54009
54010
54011
54012
54013
54014
54015
54016
54017
54018
54019
54020
54021
54022
54024
54055
54056
54057
54058
54059
54060
54061
54062
54063
54064
54065
54066
54067
54068
54069
54070
54071
54072
54073
54074
54075
54076
54077
54078
54079
54080
54082
54084
54115
54116
54117
54118
54119
54120
54121
54122
54123
54124
54125
54126
54127
54128
54129
54130
54131
54132
54133
54134
54135
54136
54137
54139
54140
54142
54144
54175
54176
54177
54178
54179
54180
54181
54182
54183
54184
54185
54186
54187
54188
54189
54190
54191
54193
54194
54196
54197
54199
54200
54202
54204
54235
54236
54237
54238
54239
54240
54241
54242
54243
54244
54245
54246
54247
54248
54250
54251
54253
54254
54256
54257
54259
54260
54262
54264
54295
54296
54297
54298
54299
54300
54301
54302
54303
54304
54305
54307
54308
54310
54311
54313
54314
54316
54317
54319
54320
54322
54324
54355
54356
54357
54358
54359
54360
54361
54362
54364
54365
54367
54368
54370
54371
54373
54374
54376
54377
54379
54380
54382
54384
54415
54416
54417
54418
54419
54421
54422
54424
54425
54427
54428
54430
54431
54433
54434
54436
54437
54439
54440
54442
54444
54475
54478
54481
54484
54487
54490
54493
54496
54499
54504
54595
54596
54598
54599
54601
54602
54604
54605
54607
54608
54610
54611
54613
54614
54616
54617
54619
54620
54622
54624
54655
54656
54658
54659
54661
54662
54664
54665
54667
54668
54670
54671
54673
54674
54676
54677
54679
54680
54715
54716
54718
54719
54721
54722
54724
54725
54727
54728
54730
54731
54733
54734
54736
54737
54775
54776
54778
54779
54781
54782
54784
54785
54787
54788
54790
54791
54793
54794
54835
54836
54838
54839
54841
54842
54844
54845
54847
54848
54850
54895
54896
54898
54899
54901
54902
54904
54905
54955
54956
54958
54959
54961
54962
55015
55016
55018
55019
55075
55076
109762
109763
109797
109798
109832
109833
109867
109868
109902
109903
109937
109938
109972
109973
110007
110008
110042
110043
110077
110078
110113
110170
110171
110205
110206
110240
110241
110275
110276
110310
110311
110345
110346
110380
110381
110415
110416
110450
110451
110485
110486
110521
110578
110579
110613
110614
110648
110649
110683
110684
110718
110719
110753
110754
110788
110789
110823
110824
110858
110859
110893
110894
110929
110986
110987
111021
111022
111056
111057
111091
111092
111126
111127
111161
111162
111196
111197
111231
111232
111266
111267
111301
111302
111337
111394
111395
111429
111430
111464
111465
111499
111500
111534
111535
111569
111570
111604
111605
111639
111640
111674
111675
111709
111710
111745
111802
111803
111837
111838
111872
111873
111907
111908
111942
111943
111977
111978
112012
112013
112047
112048
112082
112083
112117
112118
112153
112210
112211
112245
112246
112280
112281
112315
112316
112350
112351
112385
112386
112420
112421
112455
112456
112490
112491
112525
112526
112561
112618
112619
112653
112654
112688
112689
112723
112724
112758
112759
112793
112794
112828
112829
112863
112864
112898
112899
112933
112934
112969
113026
113027
113061
113062
113096
113097
113131
113132
113166
113167
113201
113202
113236
113237
113271
113272
113306
113307
113341
113342
113377
113434
113435
113469
113504
113539
113574
113609
113644
113679
113714
113749
118647
118648
118649
118650
118651
118652
118653
118654
118655
118656
118657
118668
118669
118670
118671
118672
118673
118674
118675
118676
118677
118678
118689
118690
118691
118692
118693
118694
118695
118696
118697
118698
118699
118710
118711
118712
118713
118714
118715
118716
118717
118718
118719
118720
118731
118732
118733
118734
118735
118736
118737
118738
118739
118740
118741
118752
118753
118754
118755
118756
118757
118758
118759
118760
118761
118762
118773
118774
118775
118776
118777
118778
118779
118780
118781
118782
118783
118794
118795
118796
118797
118798
118799
118800
118801
118802
118803
118804
118815
118816
118817
118818
118819
118820
118821
118822
118823
118824
118825
118836
118837
118838
118839
118840
118841
118842
118843
118844
118845
118846
118857
118858
118859
118860
118861
118862
118863
118864
118865
118866
118867
122145
122146
122147
122148
122149
122150
122151
122152
122153
122154
122155
122157
122158
122159
122160
122161
122162
122163
122164
122165
122166
122167
122169
122170
122171
122172
122173
122174
122175
122176
122177
122178
122179
122181
122182
122183
122184
122185
122186
122187
122188
122189
122190
122191
122193
122194
122195
122196
122197
122198
122199
122200
122201
122202
122203
122205
122206
122207
122208
122209
122210
122211
122212
122213
122214
122215
122217
122218
122219
122220
122221
122222
122223
122224
122225
122226
122227
122229
122230
122231
122232
122233
122234
122235
122236
122237
122238
122239
122241
122242
122243
122244
122245
122246
122247
122248
122249
122250
122251
122253
122254
122255
122256
122257
122258
122259
122260
122261
122262
122263
122265
122266
122267
122268
122269
122270
122271
122272
122273
122274
122275
-47392
-47452
-47512
-47572
-47632
-47692
-47752
-47812
-47872
-47932
-47992
-48112
-48172
-48232
-48292
-48352
-48412
-48472
-48532
-48592
-48652
-48712
-48832
-48892
-48952
-49012
-49072
-49132
-49192
-49252
-49312
-49372
-49432
-49552
-49612
-49672
-49732
-49792
-49852
-49912
-49972
-50032
-50092
-50152
-50272
-50332
-50392
-50452
-50512
-50572
-50632
-50692
-50752
-50812
-50872
-50992
-51052
-51112
-51172
-51232
-51292
-51352
-51412
-51472
-51532
-51592
-51712
-51772
-51832
-51892
-51952
-52012
-52072
-52132
-52192
-52252
-52312
-52432
-52492
-52552
-52612
-52672
-52732
-52792
-52852
-52912
-52972
-53032
-53152
-53212
-53272
-53332
-53392
-53452
-53512
-53572
-53632
-53692
-53752
-53872
-53932
-53992
-54052
-54112
-54172
-54232
-54292
-54352
-54412
-54472
-54592
109761
109796
109831
109866
109901
109936
109971
110006
110041
110076
110111
110169
110204
110239
110274
110309
110344
110379
110414
110449
110484
110519
110577
110612
110647
110682
110717
110752
110787
110822
110857
110892
110927
110985
111020
111055
111090
111125
111160
111195
111230
111265
111300
111335
111393
111428
111463
111498
111533
111568
111603
111638
111673
111708
111743
111801
111836
111871
111906
111941
111976
112011
112046
112081
112116
112151
112209
112244
112279
112314
112349
112384
112419
112454
112489
112524
112559
112617
112652
112687
112722
112757
112792
112827
112862
112897
112932
112967
113025
113060
113095
113130
113165
113200
113235
113270
113305
113340
113375
113433
113468
113503
113538
113573
113608
113643
113678
113713
113748
113783
113841
47996
47999
48002
48005
48008
48011
48014
48017
48020
48022
48716
48719
48722
48725
48728
48731
48734
48737
48740
48742
49436
49439
49442
49445
49448
49451
49454
49457
49460
49462
50156
50159
50162
50165
50168
50171
50174
50177
50180
50182
50876
50879
50882
50885
50888
50891
50894
50897
50900
50902
51596
51599
51602
51605
51608
51611
51614
51617
51620
51622
52316
52319
52322
52325
52328
52331
52334
52337
52340
52342
53036
53039
53042
53045
53048
53051
53054
53057
53060
53062
53756
53759
53762
53765
53768
53771
53774
53777
53780
53782
54476
54479
54482
54485
54488
54491
54494
54497
54500
54502
110112
110520
110928
111336
111744
112152
112560
112968
113376
113784
-54652
-54712
-54772
-54832
-54892
-54952
-55012
-55072
-55132
54023
54081
54083
54138
54141
54143
54192
54195
54198
54201
54203
54249
54252
54255
54258
54261
54263
54306
54309
54312
54315
54318
54321
54323
54363
54366
54369
54372
54375
54378
54381
54383
54420
54423
54426
54429
54432
54435
54438
54441
54443
54477
54480
54483
54486
54489
54492
54495
54498
54501
54503
54597
54600
54603
54606
54609
54612
54615
54618
54621
54623
54657
54660
54663
54666
54669
54672
54675
54678
54681
54682
54683
54684
54717
54720
54723
54726
54729
54732
54735
54738
54739
54740
54741
54777
54780
54783
54786
54789
54792
54795
54796
54797
54798
54837
54840
54843
54846
54849
54851
54852
54853
54854
54855
54897
54900
54903
54906
54907
54908
54909
54957
54960
54963
54964
54965
54966
55017
55020
55021
55022
55023
55077
55078
55079
55080
55135
55136
55137
113470
113505
113540
113575
113610
113645
113680
113715
113750
113785
113842
113843
)


// ************************************************************************* //
