/*--------------------------------*- C++ -*----------------------------------*\
  =========                 |
  \\      /  F ield         | OpenFOAM: The Open Source CFD Toolbox
   \\    /   O peration     | Website:  https://openfoam.org
    \\  /    A nd           | Version:  7
     \\/     M anipulation  |
\*---------------------------------------------------------------------------*/
FoamFile
{
    version     2.0;
    format      ascii;
    class       labelList;
    location    "constant/polyMesh";
    object      pointProcAddressing;
}
// * * * * * * * * * * * * * * * * * * * * * * * * * * * * * * * * * * * * * //


1666
(
18599
18600
18601
18602
18603
18604
18605
18606
18607
18608
18609
18619
18620
18621
18622
18623
18624
18625
18626
18627
18628
18629
18639
18640
18641
18642
18643
18644
18645
18646
18647
18648
18649
18659
18660
18661
18662
18663
18664
18665
18666
18667
18668
18669
18679
18680
18681
18682
18683
18684
18685
18686
18687
18688
18689
18699
18700
18701
18702
18703
18704
18705
18706
18707
18708
18709
18719
18720
18721
18722
18723
18724
18725
18726
18727
18728
18729
18739
18740
18741
18742
18743
18744
18745
18746
18747
18748
18749
18759
18760
18761
18762
18763
18764
18765
18766
18767
18768
18769
18779
18780
18781
18782
18783
18784
18785
18786
18787
18788
18789
18799
18800
18801
18802
18803
18804
18805
18806
18807
18808
18809
18819
18820
18821
18822
18823
18824
18825
18826
18827
18828
18829
18859
18860
18861
18862
18863
18864
18865
18866
18867
18868
18869
18879
18880
18881
18882
18883
18884
18885
18886
18887
18888
18889
18899
18900
18901
18902
18903
18904
18905
18906
18907
18908
18909
18919
18920
18921
18922
18923
18924
18925
18926
18927
18928
18929
18939
18940
18941
18942
18943
18944
18945
18946
18947
18948
18949
18959
18960
18961
18962
18963
18964
18965
18966
18967
18968
18969
18979
18980
18981
18982
18983
18984
18985
18986
18987
18988
18989
18999
19000
19001
19002
19003
19004
19005
19006
19007
19008
19009
19019
19020
19021
19022
19023
19024
19025
19026
19027
19028
19029
19039
19040
19041
19042
19043
19044
19045
19046
19047
19048
19049
19059
19060
19061
19062
19063
19064
19065
19066
19067
19068
19069
19079
19080
19081
19082
19083
19084
19085
19086
19087
19088
19089
19119
19120
19121
19122
19123
19124
19125
19126
19127
19128
19129
19139
19140
19141
19142
19143
19144
19145
19146
19147
19148
19149
19159
19160
19161
19162
19163
19164
19165
19166
19167
19168
19169
19179
19180
19181
19182
19183
19184
19185
19186
19187
19188
19189
19199
19200
19201
19202
19203
19204
19205
19206
19207
19208
19209
19219
19220
19221
19222
19223
19224
19225
19226
19227
19228
19229
19239
19240
19241
19242
19243
19244
19245
19246
19247
19248
19249
19259
19260
19261
19262
19263
19264
19265
19266
19267
19268
19269
19279
19280
19281
19282
19283
19284
19285
19286
19287
19288
19289
19299
19300
19301
19302
19303
19304
19305
19306
19307
19308
19309
19319
19320
19321
19322
19323
19324
19325
19326
19327
19328
19329
19339
19340
19341
19342
19343
19344
19345
19346
19347
19348
19349
19379
19380
19381
19382
19383
19384
19385
19386
19387
19388
19389
19399
19400
19401
19402
19403
19404
19405
19406
19407
19408
19409
19419
19420
19421
19422
19423
19424
19425
19426
19427
19428
19429
19439
19440
19441
19442
19443
19444
19445
19446
19447
19448
19449
19459
19460
19461
19462
19463
19464
19465
19466
19467
19468
19469
19479
19480
19481
19482
19483
19484
19485
19486
19487
19488
19489
19499
19500
19501
19502
19503
19504
19505
19506
19507
19508
19509
19519
19520
19521
19522
19523
19524
19525
19526
19527
19528
19529
19539
19540
19541
19542
19543
19544
19545
19546
19547
19548
19549
19559
19560
19561
19562
19563
19564
19565
19566
19567
19568
19569
19579
19580
19581
19582
19583
19584
19585
19586
19587
19588
19589
19599
19600
19601
19602
19603
19604
19605
19606
19607
19608
19609
19639
19640
19641
19642
19643
19644
19645
19646
19647
19648
19649
19659
19660
19661
19662
19663
19664
19665
19666
19667
19668
19669
19679
19680
19681
19682
19683
19684
19685
19686
19687
19688
19689
19699
19700
19701
19702
19703
19704
19705
19706
19707
19708
19709
19719
19720
19721
19722
19723
19724
19725
19726
19727
19728
19729
19739
19740
19741
19742
19743
19744
19745
19746
19747
19748
19749
19759
19760
19761
19762
19763
19764
19765
19766
19767
19768
19769
19779
19780
19781
19782
19783
19784
19785
19786
19787
19788
19789
19799
19800
19801
19802
19803
19804
19805
19806
19807
19808
19809
19819
19820
19821
19822
19823
19824
19825
19826
19827
19828
19829
19839
19840
19841
19842
19843
19844
19845
19846
19847
19848
19849
19859
19860
19861
19862
19863
19864
19865
19866
19867
19868
19869
19899
19900
19901
19902
19903
19904
19905
19906
19907
19908
19909
19919
19920
19921
19922
19923
19924
19925
19926
19927
19928
19929
19939
19940
19941
19942
19943
19944
19945
19946
19947
19948
19949
19959
19960
19961
19962
19963
19964
19965
19966
19967
19968
19969
19979
19980
19981
19982
19983
19984
19985
19986
19987
19988
19989
19999
20000
20001
20002
20003
20004
20005
20006
20007
20008
20009
20019
20020
20021
20022
20023
20024
20025
20026
20027
20028
20029
20039
20040
20041
20042
20043
20044
20045
20046
20047
20048
20049
20059
20060
20061
20062
20063
20064
20065
20066
20067
20068
20069
20079
20080
20081
20082
20083
20084
20085
20086
20087
20088
20089
20099
20100
20101
20102
20103
20104
20105
20106
20107
20108
20109
20119
20120
20121
20122
20123
20124
20125
20126
20127
20128
20129
20159
20160
20161
20162
20163
20164
20165
20166
20167
20168
20169
20179
20180
20181
20182
20183
20184
20185
20186
20187
20188
20189
20199
20200
20201
20202
20203
20204
20205
20206
20207
20208
20209
20219
20220
20221
20222
20223
20224
20225
20226
20227
20228
20229
20239
20240
20241
20242
20243
20244
20245
20246
20247
20248
20249
20259
20260
20261
20262
20263
20264
20265
20266
20267
20268
20269
20279
20280
20281
20282
20283
20284
20285
20286
20287
20288
20289
20299
20300
20301
20302
20303
20304
20305
20306
20307
20308
20309
20319
20320
20321
20322
20323
20324
20325
20326
20327
20328
20329
20339
20340
20341
20342
20343
20344
20345
20346
20347
20348
20349
20359
20360
20361
20362
20363
20364
20365
20366
20367
20368
20369
20379
20380
20381
20382
20383
20384
20385
20386
20387
20388
20389
20419
20420
20421
20422
20423
20424
20425
20426
20427
20428
20429
20439
20440
20441
20442
20443
20444
20445
20446
20447
20448
20449
20459
20460
20461
20462
20463
20464
20465
20466
20467
20468
20469
20479
20480
20481
20482
20483
20484
20485
20486
20487
20488
20489
20499
20500
20501
20502
20503
20504
20505
20506
20507
20508
20509
20519
20520
20521
20522
20523
20524
20525
20526
20527
20528
20529
20539
20540
20541
20542
20543
20544
20545
20546
20547
20548
20549
20559
20560
20561
20562
20563
20564
20565
20566
20567
20568
20569
20579
20580
20581
20582
20583
20584
20585
20586
20587
20588
20589
20599
20600
20601
20602
20603
20604
20605
20606
20607
20608
20609
20619
20620
20621
20622
20623
20624
20625
20626
20627
20628
20629
20639
20640
20641
20642
20643
20644
20645
20646
20647
20648
20649
20679
20680
20681
20682
20683
20684
20685
20686
20687
20688
20689
20699
20700
20701
20702
20703
20704
20705
20706
20707
20708
20709
20719
20720
20721
20722
20723
20724
20725
20726
20727
20728
20729
20739
20740
20741
20742
20743
20744
20745
20746
20747
20748
20749
20759
20760
20761
20762
20763
20764
20765
20766
20767
20768
20769
20779
20780
20781
20782
20783
20784
20785
20786
20787
20788
20789
20799
20800
20801
20802
20803
20804
20805
20806
20807
20808
20809
20819
20820
20821
20822
20823
20824
20825
20826
20827
20828
20829
20839
20840
20841
20842
20843
20844
20845
20846
20847
20848
20849
20859
20860
20861
20862
20863
20864
20865
20866
20867
20868
20869
20879
20880
20881
20882
20883
20884
20885
20886
20887
20888
20889
20899
20900
20901
20902
20903
20904
20905
20906
20907
20908
20909
20939
20940
20941
20942
20943
20944
20945
20946
20947
20948
20949
20959
20960
20961
20962
20963
20964
20965
20966
20967
20968
20969
20979
20980
20981
20982
20983
20984
20985
20986
20987
20988
20989
20999
21000
21001
21002
21003
21004
21005
21006
21007
21008
21009
21019
21020
21021
21022
21023
21024
21025
21026
21027
21028
21029
21039
21040
21041
21042
21043
21044
21045
21046
21047
21048
21049
21059
21060
21061
21062
21063
21064
21065
21066
21067
21068
21069
21079
21080
21081
21082
21083
21084
21085
21086
21087
21088
21089
21099
21100
21101
21102
21103
21104
21105
21106
21107
21108
21109
21119
21120
21121
21122
21123
21124
21125
21126
21127
21128
21129
21139
21140
21141
21142
21143
21144
21145
21146
21147
21148
21149
21159
21160
21161
21162
21163
21164
21165
21166
21167
21168
21169
21199
21200
21201
21202
21203
21204
21205
21206
21207
21208
21209
21219
21220
21221
21222
21223
21224
21225
21226
21227
21228
21229
21239
21240
21241
21242
21243
21244
21245
21246
21247
21248
21249
21259
21260
21261
21262
21263
21264
21265
21266
21267
21268
21269
21279
21280
21281
21282
21283
21284
21285
21286
21287
21288
21289
21299
21300
21301
21302
21303
21304
21305
21306
21307
21308
21309
21319
21320
21321
21322
21323
21324
21325
21326
21327
21328
21329
21339
21340
21341
21342
21343
21344
21345
21346
21347
21348
21349
21359
21360
21361
21362
21363
21364
21365
21366
21367
21368
21369
21379
21380
21381
21382
21383
21384
21385
21386
21387
21388
21389
21399
21400
21401
21402
21403
21404
21405
21406
21407
21408
21409
21419
21420
21421
21422
21423
21424
21425
21426
21427
21428
21429
21459
21460
21461
21462
21463
21464
21465
21466
21467
21468
21469
21479
21480
21481
21482
21483
21484
21485
21486
21487
21488
21489
21499
21500
21501
21502
21503
21504
21505
21506
21507
21508
21509
21519
21520
21521
21522
21523
21524
21525
21526
21527
21528
21539
21540
21541
21542
21543
21544
21545
21546
21547
21559
21560
21561
21562
21563
21564
21565
21566
21579
21580
21581
21582
21583
21584
21599
21600
21601
21602
21603
21619
21620
21621
21622
21639
21640
21641
21659
21660
41382
41394
41406
41418
41430
41442
41454
41466
41478
41490
41502
41514
41526
41538
41550
41562
41574
41586
41598
41610
41622
41634
41646
41658
41670
41682
41694
41706
41718
41730
41742
41754
41766
41778
41790
41802
41814
41826
41838
41850
41862
41874
41886
41898
41910
41922
41934
41946
41958
41970
41982
41994
42006
42018
42030
42042
42054
42066
42078
42090
42102
42114
42126
42138
42150
42162
42174
42186
42198
42210
42222
42234
42246
42258
42270
42282
42294
42306
42318
42330
42342
42354
42366
42378
42390
42402
42414
42426
42438
42450
42462
42474
42486
42498
42510
42522
42534
42546
42558
42570
42582
42594
42606
42618
42630
42642
42654
42666
42678
42690
42702
42714
42726
42738
42750
42762
42774
42786
42798
42810
42822
42834
42846
42858
42870
42882
42894
42906
42918
42930
42942
42954
42966
42978
)


// ************************************************************************* //
