/*--------------------------------*- C++ -*----------------------------------*\
  =========                 |
  \\      /  F ield         | OpenFOAM: The Open Source CFD Toolbox
   \\    /   O peration     | Website:  https://openfoam.org
    \\  /    A nd           | Version:  7
     \\/     M anipulation  |
\*---------------------------------------------------------------------------*/
FoamFile
{
    version     2.0;
    format      ascii;
    class       labelList;
    location    "constant/polyMesh";
    object      cellProcAddressing;
}
// * * * * * * * * * * * * * * * * * * * * * * * * * * * * * * * * * * * * * //


1271
(
31010
31011
31012
31013
31014
31015
31016
31017
31018
31019
31153
31154
31155
31156
31157
31158
31159
31160
31161
31162
31163
31297
31298
31299
31300
31301
31302
31303
31304
31305
31306
31307
31441
31442
31443
31444
31445
31446
31447
31448
31449
31450
31451
31585
31586
31587
31588
31589
31590
31591
31592
31593
31594
31595
31729
31730
31731
31732
31733
31734
31735
31736
31737
31738
31739
31873
31874
31875
31876
31877
31878
31879
31880
31881
31882
31883
32017
32018
32019
32020
32021
32022
32023
32024
32025
32026
32027
32161
32162
32163
32164
32165
32166
32167
32168
32169
32170
32171
32305
32306
32307
32308
32309
32310
32311
32312
32313
32314
32315
32449
32450
32451
32452
32453
32454
32455
32456
32457
32458
32459
35123
35134
35135
35145
35146
35147
35156
35157
35158
35159
35167
35168
35169
35170
35171
35178
35179
35180
35181
35182
35183
35190
35191
35192
35193
35194
35195
35201
35202
35203
35204
35205
35206
35207
35212
35213
35214
35215
35216
35217
35218
35219
35223
35224
35225
35226
35227
35228
35229
35230
35231
35353
35354
35355
35356
35357
35358
35359
35360
35361
35362
35363
35365
35366
35367
35368
35369
35370
35371
35372
35373
35374
35375
35377
35378
35379
35380
35381
35382
35383
35384
35385
35386
35387
35389
35390
35391
35392
35393
35394
35395
35396
35397
35398
35399
35401
35402
35403
35404
35405
35406
35407
35408
35409
35410
35411
35413
35414
35415
35416
35417
35418
35419
35420
35421
35422
35423
35425
35426
35427
35428
35429
35430
35431
35432
35433
35434
35435
35437
35438
35439
35440
35441
35442
35443
35444
35445
35446
35447
35449
35450
35451
35452
35453
35454
35455
35456
35457
35458
35459
35461
35462
35463
35464
35465
35466
35467
35468
35469
35470
35471
35593
35594
35595
35596
35597
35598
35599
35600
35601
35602
35603
35605
35606
35607
35608
35609
35610
35611
35612
35613
35614
35615
35617
35618
35619
35620
35621
35622
35623
35624
35625
35626
35627
35629
35630
35631
35632
35633
35634
35635
35636
35637
35638
35639
35641
35642
35643
35644
35645
35646
35647
35648
35649
35650
35651
35653
35654
35655
35656
35657
35658
35659
35660
35661
35662
35663
35665
35666
35667
35668
35669
35670
35671
35672
35673
35674
35675
35677
35678
35679
35680
35681
35682
35683
35684
35685
35686
35687
35689
35690
35691
35692
35693
35694
35695
35696
35697
35698
35699
35701
35702
35703
35704
35705
35706
35707
35708
35709
35710
35711
35833
35834
35835
35836
35837
35838
35839
35840
35841
35842
35843
35845
35846
35847
35848
35849
35850
35851
35852
35853
35854
35855
35857
35858
35859
35860
35861
35862
35863
35864
35865
35866
35867
35869
35870
35871
35872
35873
35874
35875
35876
35877
35878
35879
35881
35882
35883
35884
35885
35886
35887
35888
35889
35890
35891
35893
35894
35895
35896
35897
35898
35899
35900
35901
35902
35903
35905
35906
35907
35908
35909
35910
35911
35912
35913
35914
35915
35917
35918
35919
35920
35921
35922
35923
35924
35925
35926
35927
35929
35930
35931
35932
35933
35934
35935
35936
35937
35938
35939
35941
35942
35943
35944
35945
35946
35947
35948
35949
35950
35951
36073
36074
36075
36076
36077
36078
36079
36080
36081
36082
36083
36085
36086
36087
36088
36089
36090
36091
36092
36093
36094
36095
36097
36098
36099
36100
36101
36102
36103
36104
36105
36106
36107
36109
36110
36111
36112
36113
36114
36115
36116
36117
36118
36119
36121
36122
36123
36124
36125
36126
36127
36128
36129
36130
36131
36133
36134
36135
36136
36137
36138
36139
36140
36141
36142
36143
36145
36146
36147
36148
36149
36150
36151
36152
36153
36154
36155
36157
36158
36159
36160
36161
36162
36163
36164
36165
36166
36167
36169
36170
36171
36172
36173
36174
36175
36176
36177
36178
36179
36181
36182
36183
36184
36185
36186
36187
36188
36189
36190
36191
36313
36314
36315
36316
36317
36318
36319
36320
36321
36322
36323
36325
36326
36327
36328
36329
36330
36331
36332
36333
36334
36335
36337
36338
36339
36340
36341
36342
36343
36344
36345
36346
36347
36349
36350
36351
36352
36353
36354
36355
36356
36357
36358
36359
36361
36362
36363
36364
36365
36366
36367
36368
36369
36370
36371
36373
36374
36375
36376
36377
36378
36379
36380
36381
36382
36383
36385
36386
36387
36388
36389
36390
36391
36392
36393
36394
36395
36397
36398
36399
36400
36401
36402
36403
36404
36405
36406
36407
36409
36410
36411
36412
36413
36414
36415
36416
36417
36418
36419
36421
36422
36423
36424
36425
36426
36427
36428
36429
36430
36431
36553
36554
36555
36556
36557
36558
36559
36560
36561
36562
36563
36565
36566
36567
36568
36569
36570
36571
36572
36573
36574
36575
36577
36578
36579
36580
36581
36582
36583
36584
36585
36586
36587
36589
36590
36591
36592
36593
36594
36595
36596
36597
36598
36599
36601
36602
36603
36604
36605
36606
36607
36608
36609
36610
36611
36613
36614
36615
36616
36617
36618
36619
36620
36621
36622
36623
36625
36626
36627
36628
36629
36630
36631
36632
36633
36634
36635
36637
36638
36639
36640
36641
36642
36643
36644
36645
36646
36647
36649
36650
36651
36652
36653
36654
36655
36656
36657
36658
36659
36661
36662
36663
36664
36665
36666
36667
36668
36669
36670
36671
36793
36794
36795
36796
36797
36798
36799
36800
36801
36802
36803
36805
36806
36807
36808
36809
36810
36811
36812
36813
36814
36815
36817
36818
36819
36820
36821
36822
36823
36824
36825
36826
36827
36829
36830
36831
36832
36833
36834
36835
36836
36837
36838
36839
36841
36842
36843
36844
36845
36846
36847
36848
36849
36850
36851
36853
36854
36855
36856
36857
36858
36859
36860
36861
36862
36863
36865
36866
36867
36868
36869
36870
36871
36872
36873
36874
36875
36877
36878
36879
36880
36881
36882
36883
36884
36885
36886
36887
36889
36890
36891
36892
36893
36894
36895
36896
36897
36898
36899
36901
36902
36903
36904
36905
36906
36907
36908
36909
36910
36911
37033
37034
37035
37036
37037
37038
37039
37040
37041
37042
37043
37045
37046
37047
37048
37049
37050
37051
37052
37053
37054
37055
37057
37058
37059
37060
37061
37062
37063
37064
37065
37066
37067
37069
37070
37071
37072
37073
37074
37075
37076
37077
37078
37079
37081
37082
37083
37084
37085
37086
37087
37088
37089
37090
37091
37093
37094
37095
37096
37097
37098
37099
37100
37101
37102
37103
37105
37106
37107
37108
37109
37110
37111
37112
37113
37114
37115
37117
37118
37119
37120
37121
37122
37123
37124
37125
37126
37127
37129
37130
37131
37132
37133
37134
37135
37136
37137
37138
37139
37141
37142
37143
37144
37145
37146
37147
37148
37149
37150
37151
37273
37274
37275
37276
37277
37278
37279
37280
37281
37282
37283
37285
37286
37287
37288
37289
37290
37291
37292
37293
37294
37295
37297
37298
37299
37300
37301
37302
37303
37304
37305
37306
37307
37309
37310
37311
37312
37313
37314
37315
37316
37317
37318
37319
37321
37322
37323
37324
37325
37326
37327
37328
37329
37330
37331
37333
37334
37335
37336
37337
37338
37339
37340
37341
37342
37343
37345
37346
37347
37348
37349
37350
37351
37352
37353
37354
37355
37357
37358
37359
37360
37361
37362
37363
37364
37365
37366
37367
37369
37370
37371
37372
37373
37374
37375
37376
37377
37378
37379
37381
37382
37383
37384
37385
37386
37387
37388
37389
37390
37391
37513
37514
37515
37516
37517
37518
37519
37520
37521
37522
37523
37525
37526
37527
37528
37529
37530
37531
37532
37533
37534
37535
37537
37538
37539
37540
37541
37542
37543
37544
37545
37546
37547
37549
37550
37551
37552
37553
37554
37555
37556
37557
37558
37559
37561
37562
37563
37564
37565
37566
37567
37568
37569
37570
37571
37573
37574
37575
37576
37577
37578
37579
37580
37581
37582
37583
37585
37586
37587
37588
37589
37590
37591
37592
37593
37594
37595
37597
37598
37599
37600
37601
37602
37603
37604
37605
37606
37607
37609
37610
37611
37612
37613
37614
37615
37616
37617
37618
37619
37621
37622
37623
37624
37625
37626
37627
37628
37629
37630
37631
)


// ************************************************************************* //
