/*--------------------------------*- C++ -*----------------------------------*\
  =========                 |
  \\      /  F ield         | OpenFOAM: The Open Source CFD Toolbox
   \\    /   O peration     | Website:  https://openfoam.org
    \\  /    A nd           | Version:  7
     \\/     M anipulation  |
\*---------------------------------------------------------------------------*/
FoamFile
{
    version     2.0;
    format      ascii;
    class       labelList;
    location    "constant/polyMesh";
    object      cellProcAddressing;
}
// * * * * * * * * * * * * * * * * * * * * * * * * * * * * * * * * * * * * * //


1271
(
18998
18999
19000
19001
19002
19003
19004
19005
19006
19007
19238
19239
19240
19241
19242
19243
19244
19245
19246
19247
19478
19479
19480
19481
19482
19483
19484
19485
19486
19487
19718
19719
19720
19721
19722
19723
19724
19725
19726
19727
19958
19959
19960
19961
19962
19963
19964
19965
19966
19967
20198
20199
20200
20201
20202
20203
20204
20205
20206
20207
20438
20439
20440
20441
20442
20443
20444
20445
20446
20447
20678
20679
20680
20681
20682
20683
20684
20685
20686
20687
20918
20919
20920
20921
20922
20923
20924
20925
20926
20927
21158
21159
21160
21161
21162
21163
21164
21165
21166
21167
25187
25206
25207
25225
25226
25227
25244
25245
25246
25247
25263
25264
25265
25266
25267
25283
25284
25285
25286
25287
25302
25303
25304
25305
25306
25307
25321
25322
25323
25324
25325
25326
25327
25340
25341
25342
25343
25344
25345
25346
25347
25359
25360
25361
25362
25363
25364
25365
25366
25367
25578
25579
25580
25581
25582
25583
25584
25585
25586
25587
25598
25599
25600
25601
25602
25603
25604
25605
25606
25607
25618
25619
25620
25621
25622
25623
25624
25625
25626
25627
25638
25639
25640
25641
25642
25643
25644
25645
25646
25647
25658
25659
25660
25661
25662
25663
25664
25665
25666
25667
25678
25679
25680
25681
25682
25683
25684
25685
25686
25687
25698
25699
25700
25701
25702
25703
25704
25705
25706
25707
25718
25719
25720
25721
25722
25723
25724
25725
25726
25727
25738
25739
25740
25741
25742
25743
25744
25745
25746
25747
25758
25759
25760
25761
25762
25763
25764
25765
25766
25767
25978
25979
25980
25981
25982
25983
25984
25985
25986
25987
25998
25999
26000
26001
26002
26003
26004
26005
26006
26007
26018
26019
26020
26021
26022
26023
26024
26025
26026
26027
26038
26039
26040
26041
26042
26043
26044
26045
26046
26047
26058
26059
26060
26061
26062
26063
26064
26065
26066
26067
26078
26079
26080
26081
26082
26083
26084
26085
26086
26087
26098
26099
26100
26101
26102
26103
26104
26105
26106
26107
26118
26119
26120
26121
26122
26123
26124
26125
26126
26127
26138
26139
26140
26141
26142
26143
26144
26145
26146
26147
26158
26159
26160
26161
26162
26163
26164
26165
26166
26167
26378
26379
26380
26381
26382
26383
26384
26385
26386
26387
26398
26399
26400
26401
26402
26403
26404
26405
26406
26407
26418
26419
26420
26421
26422
26423
26424
26425
26426
26427
26438
26439
26440
26441
26442
26443
26444
26445
26446
26447
26458
26459
26460
26461
26462
26463
26464
26465
26466
26467
26478
26479
26480
26481
26482
26483
26484
26485
26486
26487
26498
26499
26500
26501
26502
26503
26504
26505
26506
26507
26518
26519
26520
26521
26522
26523
26524
26525
26526
26527
26538
26539
26540
26541
26542
26543
26544
26545
26546
26547
26558
26559
26560
26561
26562
26563
26564
26565
26566
26567
26778
26779
26780
26781
26782
26783
26784
26785
26786
26787
26798
26799
26800
26801
26802
26803
26804
26805
26806
26807
26818
26819
26820
26821
26822
26823
26824
26825
26826
26827
26838
26839
26840
26841
26842
26843
26844
26845
26846
26847
26858
26859
26860
26861
26862
26863
26864
26865
26866
26867
26878
26879
26880
26881
26882
26883
26884
26885
26886
26887
26898
26899
26900
26901
26902
26903
26904
26905
26906
26907
26918
26919
26920
26921
26922
26923
26924
26925
26926
26927
26938
26939
26940
26941
26942
26943
26944
26945
26946
26947
26958
26959
26960
26961
26962
26963
26964
26965
26966
26967
27178
27179
27180
27181
27182
27183
27184
27185
27186
27187
27198
27199
27200
27201
27202
27203
27204
27205
27206
27207
27218
27219
27220
27221
27222
27223
27224
27225
27226
27227
27238
27239
27240
27241
27242
27243
27244
27245
27246
27247
27258
27259
27260
27261
27262
27263
27264
27265
27266
27267
27278
27279
27280
27281
27282
27283
27284
27285
27286
27287
27298
27299
27300
27301
27302
27303
27304
27305
27306
27307
27318
27319
27320
27321
27322
27323
27324
27325
27326
27327
27338
27339
27340
27341
27342
27343
27344
27345
27346
27347
27358
27359
27360
27361
27362
27363
27364
27365
27366
27367
27578
27579
27580
27581
27582
27583
27584
27585
27586
27587
27598
27599
27600
27601
27602
27603
27604
27605
27606
27607
27618
27619
27620
27621
27622
27623
27624
27625
27626
27627
27638
27639
27640
27641
27642
27643
27644
27645
27646
27647
27658
27659
27660
27661
27662
27663
27664
27665
27666
27667
27678
27679
27680
27681
27682
27683
27684
27685
27686
27687
27698
27699
27700
27701
27702
27703
27704
27705
27706
27707
27718
27719
27720
27721
27722
27723
27724
27725
27726
27727
27738
27739
27740
27741
27742
27743
27744
27745
27746
27747
27758
27759
27760
27761
27762
27763
27764
27765
27766
27767
27978
27979
27980
27981
27982
27983
27984
27985
27986
27987
27998
27999
28000
28001
28002
28003
28004
28005
28006
28007
28018
28019
28020
28021
28022
28023
28024
28025
28026
28027
28038
28039
28040
28041
28042
28043
28044
28045
28046
28047
28058
28059
28060
28061
28062
28063
28064
28065
28066
28067
28078
28079
28080
28081
28082
28083
28084
28085
28086
28087
28098
28099
28100
28101
28102
28103
28104
28105
28106
28107
28118
28119
28120
28121
28122
28123
28124
28125
28126
28127
28138
28139
28140
28141
28142
28143
28144
28145
28146
28147
28158
28159
28160
28161
28162
28163
28164
28165
28166
28167
28378
28379
28380
28381
28382
28383
28384
28385
28386
28387
28398
28399
28400
28401
28402
28403
28404
28405
28406
28407
28418
28419
28420
28421
28422
28423
28424
28425
28426
28427
28438
28439
28440
28441
28442
28443
28444
28445
28446
28447
28458
28459
28460
28461
28462
28463
28464
28465
28466
28467
28478
28479
28480
28481
28482
28483
28484
28485
28486
28487
28498
28499
28500
28501
28502
28503
28504
28505
28506
28507
28518
28519
28520
28521
28522
28523
28524
28525
28526
28527
28538
28539
28540
28541
28542
28543
28544
28545
28546
28547
28558
28559
28560
28561
28562
28563
28564
28565
28566
28567
28778
28779
28780
28781
28782
28783
28784
28785
28786
28787
28798
28799
28800
28801
28802
28803
28804
28805
28806
28807
28818
28819
28820
28821
28822
28823
28824
28825
28826
28827
28838
28839
28840
28841
28842
28843
28844
28845
28846
28847
28858
28859
28860
28861
28862
28863
28864
28865
28866
28867
28878
28879
28880
28881
28882
28883
28884
28885
28886
28887
28898
28899
28900
28901
28902
28903
28904
28905
28906
28907
28918
28919
28920
28921
28922
28923
28924
28925
28926
28927
28938
28939
28940
28941
28942
28943
28944
28945
28946
28947
28958
28959
28960
28961
28962
28963
28964
28965
28966
28967
29178
29179
29180
29181
29182
29183
29184
29185
29186
29187
29198
29199
29200
29201
29202
29203
29204
29205
29206
29207
29218
29219
29220
29221
29222
29223
29224
29225
29226
29227
29238
29239
29240
29241
29242
29243
29244
29245
29246
29247
29258
29259
29260
29261
29262
29263
29264
29265
29266
29267
29278
29279
29280
29281
29282
29283
29284
29285
29286
29287
29298
29299
29300
29301
29302
29303
29304
29305
29306
29307
29318
29319
29320
29321
29322
29323
29324
29325
29326
29327
29338
29339
29340
29341
29342
29343
29344
29345
29346
29347
29358
29359
29360
29361
29362
29363
29364
29365
29366
29367
34992
35004
35016
35028
35040
35052
35064
35076
35088
35100
35232
35244
35256
35268
35280
35292
35304
35316
35328
35340
35472
35484
35496
35508
35520
35532
35544
35556
35568
35580
35712
35724
35736
35748
35760
35772
35784
35796
35808
35820
35952
35964
35976
35988
36000
36012
36024
36036
36048
36060
36192
36204
36216
36228
36240
36252
36264
36276
36288
36300
36432
36444
36456
36468
36480
36492
36504
36516
36528
36540
36672
36684
36696
36708
36720
36732
36744
36756
36768
36780
36912
36924
36936
36948
36960
36972
36984
36996
37008
37020
37152
37164
37176
37188
37200
37212
37224
37236
37248
37260
37392
37404
37416
37428
37440
37452
37464
37476
37488
37500
39204
39348
39492
39636
39780
39924
40068
40212
40356
40500
40644
)


// ************************************************************************* //
