/*--------------------------------*- C++ -*----------------------------------*\
  =========                 |
  \\      /  F ield         | OpenFOAM: The Open Source CFD Toolbox
   \\    /   O peration     | Website:  https://openfoam.org
    \\  /    A nd           | Version:  7
     \\/     M anipulation  |
\*---------------------------------------------------------------------------*/
FoamFile
{
    version     2.0;
    format      ascii;
    class       labelList;
    location    "constant/polyMesh";
    object      faceProcAddressing;
}
// * * * * * * * * * * * * * * * * * * * * * * * * * * * * * * * * * * * * * //


4175
(
55975
55976
55977
55978
55979
55980
55981
55982
55983
55984
55985
55986
55987
55988
55989
55990
55991
55992
55993
55994
55995
55996
55997
55998
55999
56000
56001
56002
56003
56004
56695
56696
56697
56698
56699
56700
56701
56702
56703
56704
56705
56706
56707
56708
56709
56710
56711
56712
56713
56714
56715
56716
56717
56718
56719
56720
56721
56722
56723
56724
57415
57416
57417
57418
57419
57420
57421
57422
57423
57424
57425
57426
57427
57428
57429
57430
57431
57432
57433
57434
57435
57436
57437
57438
57439
57440
57441
57442
57443
57444
58135
58136
58137
58138
58139
58140
58141
58142
58143
58144
58145
58146
58147
58148
58149
58150
58151
58152
58153
58154
58155
58156
58157
58158
58159
58160
58161
58162
58163
58164
58855
58856
58857
58858
58859
58860
58861
58862
58863
58864
58865
58866
58867
58868
58869
58870
58871
58872
58873
58874
58875
58876
58877
58878
58879
58880
58881
58882
58883
58884
59575
59576
59577
59578
59579
59580
59581
59582
59583
59584
59585
59586
59587
59588
59589
59590
59591
59592
59593
59594
59595
59596
59597
59598
59599
59600
59601
59602
59603
59604
60295
60296
60297
60298
60299
60300
60301
60302
60303
60304
60305
60306
60307
60308
60309
60310
60311
60312
60313
60314
60315
60316
60317
60318
60319
60320
60321
60322
60323
60324
61015
61016
61017
61018
61019
61020
61021
61022
61023
61024
61025
61026
61027
61028
61029
61030
61031
61032
61033
61034
61035
61036
61037
61038
61039
61040
61041
61042
61043
61044
61735
61736
61737
61738
61739
61740
61741
61742
61743
61744
61745
61746
61747
61748
61749
61750
61751
61752
61753
61754
61755
61756
61757
61758
61759
61760
61761
61762
61763
61764
62225
62226
62227
62228
62229
62230
62231
62232
62233
62234
62235
62236
62237
62238
62239
62240
62241
62242
62243
62244
74102
74103
74104
74159
74160
74161
74162
74163
74164
74216
74217
74218
74219
74220
74221
74222
74223
74224
74273
74274
74275
74276
74277
74278
74279
74280
74281
74282
74283
74284
74330
74331
74332
74333
74334
74335
74336
74337
74338
74339
74340
74341
74342
74343
74344
74390
74391
74392
74393
74394
74395
74396
74397
74398
74399
74400
74401
74402
74403
74404
74447
74448
74449
74450
74451
74452
74453
74454
74455
74456
74457
74458
74459
74460
74461
74462
74463
74464
74504
74505
74506
74507
74508
74509
74510
74511
74512
74513
74514
74515
74516
74517
74518
74519
74520
74521
74522
74523
74524
74561
74562
74563
74564
74565
74566
74567
74568
74569
74570
74571
74572
74573
74574
74575
74576
74577
74578
74579
74580
74581
74582
74583
74584
74618
74620
74621
74623
74624
74626
74627
74629
74630
74632
74633
74635
74636
74638
74639
74641
74643
74644
75255
75256
75257
75258
75259
75260
75261
75262
75263
75264
75265
75266
75267
75268
75269
75270
75271
75272
75273
75274
75275
75276
75277
75278
75279
75280
75281
75282
75283
75284
75315
75316
75317
75318
75319
75320
75321
75322
75323
75324
75325
75326
75327
75328
75329
75330
75331
75332
75333
75334
75335
75336
75337
75338
75339
75340
75341
75342
75343
75344
75375
75376
75377
75378
75379
75380
75381
75382
75383
75384
75385
75386
75387
75388
75389
75390
75391
75392
75393
75394
75395
75396
75397
75398
75399
75400
75401
75402
75403
75404
75435
75436
75437
75438
75439
75440
75441
75442
75443
75444
75445
75446
75447
75448
75449
75450
75451
75452
75453
75454
75455
75456
75457
75458
75459
75460
75461
75462
75463
75464
75495
75496
75497
75498
75499
75500
75501
75502
75503
75504
75505
75506
75507
75508
75509
75510
75511
75512
75513
75514
75515
75516
75517
75518
75519
75520
75521
75522
75523
75524
75555
75556
75557
75558
75559
75560
75561
75562
75563
75564
75565
75566
75567
75568
75569
75570
75571
75572
75573
75574
75575
75576
75577
75578
75579
75580
75581
75582
75583
75584
75615
75616
75617
75618
75619
75620
75621
75622
75623
75624
75625
75626
75627
75628
75629
75630
75631
75632
75633
75634
75635
75636
75637
75638
75639
75640
75641
75642
75643
75644
75675
75676
75677
75678
75679
75680
75681
75682
75683
75684
75685
75686
75687
75688
75689
75690
75691
75692
75693
75694
75695
75696
75697
75698
75699
75700
75701
75702
75703
75704
75735
75736
75737
75738
75739
75740
75741
75742
75743
75744
75745
75746
75747
75748
75749
75750
75751
75752
75753
75754
75755
75756
75757
75758
75759
75760
75761
75762
75763
75764
75795
75797
75798
75800
75801
75803
75804
75806
75807
75809
75810
75812
75813
75815
75816
75818
75819
75821
75823
75824
76435
76436
76437
76438
76439
76440
76441
76442
76443
76444
76445
76446
76447
76448
76449
76450
76451
76452
76453
76454
76455
76456
76457
76458
76459
76460
76461
76462
76463
76464
76495
76496
76497
76498
76499
76500
76501
76502
76503
76504
76505
76506
76507
76508
76509
76510
76511
76512
76513
76514
76515
76516
76517
76518
76519
76520
76521
76522
76523
76524
76555
76556
76557
76558
76559
76560
76561
76562
76563
76564
76565
76566
76567
76568
76569
76570
76571
76572
76573
76574
76575
76576
76577
76578
76579
76580
76581
76582
76583
76584
76615
76616
76617
76618
76619
76620
76621
76622
76623
76624
76625
76626
76627
76628
76629
76630
76631
76632
76633
76634
76635
76636
76637
76638
76639
76640
76641
76642
76643
76644
76675
76676
76677
76678
76679
76680
76681
76682
76683
76684
76685
76686
76687
76688
76689
76690
76691
76692
76693
76694
76695
76696
76697
76698
76699
76700
76701
76702
76703
76704
76735
76736
76737
76738
76739
76740
76741
76742
76743
76744
76745
76746
76747
76748
76749
76750
76751
76752
76753
76754
76755
76756
76757
76758
76759
76760
76761
76762
76763
76764
76795
76796
76797
76798
76799
76800
76801
76802
76803
76804
76805
76806
76807
76808
76809
76810
76811
76812
76813
76814
76815
76816
76817
76818
76819
76820
76821
76822
76823
76824
76855
76856
76857
76858
76859
76860
76861
76862
76863
76864
76865
76866
76867
76868
76869
76870
76871
76872
76873
76874
76875
76876
76877
76878
76879
76880
76881
76882
76883
76884
76915
76916
76917
76918
76919
76920
76921
76922
76923
76924
76925
76926
76927
76928
76929
76930
76931
76932
76933
76934
76935
76936
76937
76938
76939
76940
76941
76942
76943
76944
76975
76977
76978
76980
76981
76983
76984
76986
76987
76989
76990
76992
76993
76995
76996
76998
76999
77001
77003
77004
77615
77616
77617
77618
77619
77620
77621
77622
77623
77624
77625
77626
77627
77628
77629
77630
77631
77632
77633
77634
77635
77636
77637
77638
77639
77640
77641
77642
77643
77644
77675
77676
77677
77678
77679
77680
77681
77682
77683
77684
77685
77686
77687
77688
77689
77690
77691
77692
77693
77694
77695
77696
77697
77698
77699
77700
77701
77702
77703
77704
77735
77736
77737
77738
77739
77740
77741
77742
77743
77744
77745
77746
77747
77748
77749
77750
77751
77752
77753
77754
77755
77756
77757
77758
77759
77760
77761
77762
77763
77764
77795
77796
77797
77798
77799
77800
77801
77802
77803
77804
77805
77806
77807
77808
77809
77810
77811
77812
77813
77814
77815
77816
77817
77818
77819
77820
77821
77822
77823
77824
77855
77856
77857
77858
77859
77860
77861
77862
77863
77864
77865
77866
77867
77868
77869
77870
77871
77872
77873
77874
77875
77876
77877
77878
77879
77880
77881
77882
77883
77884
77915
77916
77917
77918
77919
77920
77921
77922
77923
77924
77925
77926
77927
77928
77929
77930
77931
77932
77933
77934
77935
77936
77937
77938
77939
77940
77941
77942
77943
77944
77975
77976
77977
77978
77979
77980
77981
77982
77983
77984
77985
77986
77987
77988
77989
77990
77991
77992
77993
77994
77995
77996
77997
77998
77999
78000
78001
78002
78003
78004
78035
78036
78037
78038
78039
78040
78041
78042
78043
78044
78045
78046
78047
78048
78049
78050
78051
78052
78053
78054
78055
78056
78057
78058
78059
78060
78061
78062
78063
78064
78095
78096
78097
78098
78099
78100
78101
78102
78103
78104
78105
78106
78107
78108
78109
78110
78111
78112
78113
78114
78115
78116
78117
78118
78119
78120
78121
78122
78123
78124
78155
78157
78158
78160
78161
78163
78164
78166
78167
78169
78170
78172
78173
78175
78176
78178
78179
78181
78183
78184
78795
78796
78797
78798
78799
78800
78801
78802
78803
78804
78805
78806
78807
78808
78809
78810
78811
78812
78813
78814
78815
78816
78817
78818
78819
78820
78821
78822
78823
78824
78855
78856
78857
78858
78859
78860
78861
78862
78863
78864
78865
78866
78867
78868
78869
78870
78871
78872
78873
78874
78875
78876
78877
78878
78879
78880
78881
78882
78883
78884
78915
78916
78917
78918
78919
78920
78921
78922
78923
78924
78925
78926
78927
78928
78929
78930
78931
78932
78933
78934
78935
78936
78937
78938
78939
78940
78941
78942
78943
78944
78975
78976
78977
78978
78979
78980
78981
78982
78983
78984
78985
78986
78987
78988
78989
78990
78991
78992
78993
78994
78995
78996
78997
78998
78999
79000
79001
79002
79003
79004
79035
79036
79037
79038
79039
79040
79041
79042
79043
79044
79045
79046
79047
79048
79049
79050
79051
79052
79053
79054
79055
79056
79057
79058
79059
79060
79061
79062
79063
79064
79095
79096
79097
79098
79099
79100
79101
79102
79103
79104
79105
79106
79107
79108
79109
79110
79111
79112
79113
79114
79115
79116
79117
79118
79119
79120
79121
79122
79123
79124
79155
79156
79157
79158
79159
79160
79161
79162
79163
79164
79165
79166
79167
79168
79169
79170
79171
79172
79173
79174
79175
79176
79177
79178
79179
79180
79181
79182
79183
79184
79215
79216
79217
79218
79219
79220
79221
79222
79223
79224
79225
79226
79227
79228
79229
79230
79231
79232
79233
79234
79235
79236
79237
79238
79239
79240
79241
79242
79243
79244
79275
79276
79277
79278
79279
79280
79281
79282
79283
79284
79285
79286
79287
79288
79289
79290
79291
79292
79293
79294
79295
79296
79297
79298
79299
79300
79301
79302
79303
79304
79335
79337
79338
79340
79341
79343
79344
79346
79347
79349
79350
79352
79353
79355
79356
79358
79359
79361
79363
79364
79975
79976
79977
79978
79979
79980
79981
79982
79983
79984
79985
79986
79987
79988
79989
79990
79991
79992
79993
79994
79995
79996
79997
79998
79999
80000
80001
80002
80003
80004
80035
80036
80037
80038
80039
80040
80041
80042
80043
80044
80045
80046
80047
80048
80049
80050
80051
80052
80053
80054
80055
80056
80057
80058
80059
80060
80061
80062
80063
80064
80095
80096
80097
80098
80099
80100
80101
80102
80103
80104
80105
80106
80107
80108
80109
80110
80111
80112
80113
80114
80115
80116
80117
80118
80119
80120
80121
80122
80123
80124
80155
80156
80157
80158
80159
80160
80161
80162
80163
80164
80165
80166
80167
80168
80169
80170
80171
80172
80173
80174
80175
80176
80177
80178
80179
80180
80181
80182
80183
80184
80215
80216
80217
80218
80219
80220
80221
80222
80223
80224
80225
80226
80227
80228
80229
80230
80231
80232
80233
80234
80235
80236
80237
80238
80239
80240
80241
80242
80243
80244
80275
80276
80277
80278
80279
80280
80281
80282
80283
80284
80285
80286
80287
80288
80289
80290
80291
80292
80293
80294
80295
80296
80297
80298
80299
80300
80301
80302
80303
80304
80335
80336
80337
80338
80339
80340
80341
80342
80343
80344
80345
80346
80347
80348
80349
80350
80351
80352
80353
80354
80355
80356
80357
80358
80359
80360
80361
80362
80363
80364
80395
80396
80397
80398
80399
80400
80401
80402
80403
80404
80405
80406
80407
80408
80409
80410
80411
80412
80413
80414
80415
80416
80417
80418
80419
80420
80421
80422
80423
80424
80455
80456
80457
80458
80459
80460
80461
80462
80463
80464
80465
80466
80467
80468
80469
80470
80471
80472
80473
80474
80475
80476
80477
80478
80479
80480
80481
80482
80483
80484
80515
80517
80518
80520
80521
80523
80524
80526
80527
80529
80530
80532
80533
80535
80536
80538
80539
80541
80543
80544
81155
81156
81157
81158
81159
81160
81161
81162
81163
81164
81165
81166
81167
81168
81169
81170
81171
81172
81173
81174
81175
81176
81177
81178
81179
81180
81181
81182
81183
81184
81215
81216
81217
81218
81219
81220
81221
81222
81223
81224
81225
81226
81227
81228
81229
81230
81231
81232
81233
81234
81235
81236
81237
81238
81239
81240
81241
81242
81243
81244
81275
81276
81277
81278
81279
81280
81281
81282
81283
81284
81285
81286
81287
81288
81289
81290
81291
81292
81293
81294
81295
81296
81297
81298
81299
81300
81301
81302
81303
81304
81335
81336
81337
81338
81339
81340
81341
81342
81343
81344
81345
81346
81347
81348
81349
81350
81351
81352
81353
81354
81355
81356
81357
81358
81359
81360
81361
81362
81363
81364
81395
81396
81397
81398
81399
81400
81401
81402
81403
81404
81405
81406
81407
81408
81409
81410
81411
81412
81413
81414
81415
81416
81417
81418
81419
81420
81421
81422
81423
81424
81455
81456
81457
81458
81459
81460
81461
81462
81463
81464
81465
81466
81467
81468
81469
81470
81471
81472
81473
81474
81475
81476
81477
81478
81479
81480
81481
81482
81483
81484
81515
81516
81517
81518
81519
81520
81521
81522
81523
81524
81525
81526
81527
81528
81529
81530
81531
81532
81533
81534
81535
81536
81537
81538
81539
81540
81541
81542
81543
81544
81575
81576
81577
81578
81579
81580
81581
81582
81583
81584
81585
81586
81587
81588
81589
81590
81591
81592
81593
81594
81595
81596
81597
81598
81599
81600
81601
81602
81603
81604
81635
81636
81637
81638
81639
81640
81641
81642
81643
81644
81645
81646
81647
81648
81649
81650
81651
81652
81653
81654
81655
81656
81657
81658
81659
81660
81661
81662
81663
81664
81695
81697
81698
81700
81701
81703
81704
81706
81707
81709
81710
81712
81713
81715
81716
81718
81719
81721
81723
81724
82335
82336
82337
82338
82339
82340
82341
82342
82343
82344
82345
82346
82347
82348
82349
82350
82351
82352
82353
82354
82355
82356
82357
82358
82359
82360
82361
82362
82363
82364
82395
82396
82397
82398
82399
82400
82401
82402
82403
82404
82405
82406
82407
82408
82409
82410
82411
82412
82413
82414
82415
82416
82417
82418
82419
82420
82421
82422
82423
82424
82455
82456
82457
82458
82459
82460
82461
82462
82463
82464
82465
82466
82467
82468
82469
82470
82471
82472
82473
82474
82475
82476
82477
82478
82479
82480
82481
82482
82483
82484
82515
82516
82517
82518
82519
82520
82521
82522
82523
82524
82525
82526
82527
82528
82529
82530
82531
82532
82533
82534
82535
82536
82537
82538
82539
82540
82541
82542
82543
82544
82575
82576
82577
82578
82579
82580
82581
82582
82583
82584
82585
82586
82587
82588
82589
82590
82591
82592
82593
82594
82595
82596
82597
82598
82599
82600
82601
82602
82603
82604
82635
82636
82637
82638
82639
82640
82641
82642
82643
82644
82645
82646
82647
82648
82649
82650
82651
82652
82653
82654
82655
82656
82657
82658
82659
82660
82661
82662
82663
82664
82695
82696
82697
82698
82699
82700
82701
82702
82703
82704
82705
82706
82707
82708
82709
82710
82711
82712
82713
82714
82715
82716
82717
82718
82719
82720
82721
82722
82723
82724
82755
82756
82757
82758
82759
82760
82761
82762
82763
82764
82765
82766
82767
82768
82769
82770
82771
82772
82773
82774
82775
82776
82777
82778
82779
82780
82781
82782
82783
82784
82815
82816
82817
82818
82819
82820
82821
82822
82823
82824
82825
82826
82827
82828
82829
82830
82831
82832
82833
82834
82835
82836
82837
82838
82839
82840
82841
82842
82843
82844
82875
82877
82878
82880
82881
82883
82884
82886
82887
82889
82890
82892
82893
82895
82896
82898
82899
82901
82903
82904
83515
83516
83517
83518
83519
83520
83521
83522
83523
83524
83525
83526
83527
83528
83529
83530
83531
83532
83533
83534
83535
83536
83537
83538
83539
83540
83541
83542
83543
83544
83575
83576
83577
83578
83579
83580
83581
83582
83583
83584
83585
83586
83587
83588
83589
83590
83591
83592
83593
83594
83595
83596
83597
83598
83599
83600
83601
83602
83603
83604
83635
83636
83637
83638
83639
83640
83641
83642
83643
83644
83645
83646
83647
83648
83649
83650
83651
83652
83653
83654
83655
83656
83657
83658
83659
83660
83661
83662
83663
83664
83695
83696
83697
83698
83699
83700
83701
83702
83703
83704
83705
83706
83707
83708
83709
83710
83711
83712
83713
83714
83715
83716
83717
83718
83719
83720
83721
83722
83723
83724
83755
83756
83757
83758
83759
83760
83761
83762
83763
83764
83765
83766
83767
83768
83769
83770
83771
83772
83773
83774
83775
83776
83777
83778
83779
83780
83781
83782
83783
83784
83815
83816
83817
83818
83819
83820
83821
83822
83823
83824
83825
83826
83827
83828
83829
83830
83831
83832
83833
83834
83835
83836
83837
83838
83839
83840
83841
83842
83843
83844
83875
83876
83877
83878
83879
83880
83881
83882
83883
83884
83885
83886
83887
83888
83889
83890
83891
83892
83893
83894
83895
83896
83897
83898
83899
83900
83901
83902
83903
83904
83935
83936
83937
83938
83939
83940
83941
83942
83943
83944
83945
83946
83947
83948
83949
83950
83951
83952
83953
83954
83955
83956
83957
83958
83959
83960
83961
83962
83963
83964
83995
83996
83997
83998
83999
84000
84001
84002
84003
84004
84005
84006
84007
84008
84009
84010
84011
84012
84013
84014
84015
84016
84017
84018
84019
84020
84021
84022
84023
84024
84055
84057
84058
84060
84061
84063
84064
84066
84067
84069
84070
84072
84073
84075
84076
84078
84079
84081
84083
84084
84695
84696
84697
84698
84699
84700
84701
84702
84703
84704
84705
84706
84707
84708
84709
84710
84711
84712
84713
84714
84715
84716
84717
84718
84719
84720
84721
84722
84723
84724
84755
84756
84757
84758
84759
84760
84761
84762
84763
84764
84765
84766
84767
84768
84769
84770
84771
84772
84773
84774
84775
84776
84777
84778
84779
84780
84781
84782
84783
84784
84815
84816
84817
84818
84819
84820
84821
84822
84823
84824
84825
84826
84827
84828
84829
84830
84831
84832
84833
84834
84835
84836
84837
84838
84839
84840
84841
84842
84843
84844
84875
84876
84877
84878
84879
84880
84881
84882
84883
84884
84885
84886
84887
84888
84889
84890
84891
84892
84893
84894
84895
84896
84897
84898
84899
84900
84901
84902
84903
84904
84935
84936
84937
84938
84939
84940
84941
84942
84943
84944
84945
84946
84947
84948
84949
84950
84951
84952
84953
84954
84955
84956
84957
84958
84959
84960
84961
84962
84963
84964
84995
84996
84997
84998
84999
85000
85001
85002
85003
85004
85005
85006
85007
85008
85009
85010
85011
85012
85013
85014
85015
85016
85017
85018
85019
85020
85021
85022
85023
85024
85055
85056
85057
85058
85059
85060
85061
85062
85063
85064
85065
85066
85067
85068
85069
85070
85071
85072
85073
85074
85075
85076
85077
85078
85079
85080
85081
85082
85083
85084
85115
85116
85117
85118
85119
85120
85121
85122
85123
85124
85125
85126
85127
85128
85129
85130
85131
85132
85133
85134
85135
85136
85137
85138
85139
85140
85141
85142
85143
85144
85175
85176
85177
85178
85179
85180
85181
85182
85183
85184
85185
85186
85187
85188
85189
85190
85191
85192
85193
85194
85195
85196
85197
85198
85199
85200
85201
85202
85203
85204
85235
85237
85238
85240
85241
85243
85244
85246
85247
85249
85250
85252
85253
85255
85256
85258
85259
85261
85263
85264
85865
85866
85867
85868
85869
85870
85871
85872
85873
85874
85875
85876
85877
85878
85879
85880
85881
85882
85883
85884
85905
85906
85907
85908
85909
85910
85911
85912
85913
85914
85915
85916
85917
85918
85919
85920
85921
85922
85923
85924
85945
85946
85947
85948
85949
85950
85951
85952
85953
85954
85955
85956
85957
85958
85959
85960
85961
85962
85963
85964
85985
85986
85987
85988
85989
85990
85991
85992
85993
85994
85995
85996
85997
85998
85999
86000
86001
86002
86003
86004
86025
86026
86027
86028
86029
86030
86031
86032
86033
86034
86035
86036
86037
86038
86039
86040
86041
86042
86043
86044
86065
86066
86067
86068
86069
86070
86071
86072
86073
86074
86075
86076
86077
86078
86079
86080
86081
86082
86083
86084
86105
86106
86107
86108
86109
86110
86111
86112
86113
86114
86115
86116
86117
86118
86119
86120
86121
86122
86123
86124
86145
86146
86147
86148
86149
86150
86151
86152
86153
86154
86155
86156
86157
86158
86159
86160
86161
86162
86163
86164
86185
86186
86187
86188
86189
86190
86191
86192
86193
86194
86195
86196
86197
86198
86199
86200
86201
86202
86203
86204
86225
86227
86229
86231
86233
86235
86237
86239
86241
86244
102302
102303
102304
102349
102350
102384
102385
102419
102420
102454
102455
102489
102490
102524
102525
102559
102560
102594
102595
102630
103002
103003
103004
103049
103050
103084
103085
103119
103120
103154
103155
103189
103190
103224
103225
103259
103260
103294
103295
103330
103702
103703
103704
103749
103750
103784
103785
103819
103820
103854
103855
103889
103890
103924
103925
103959
103960
103994
103995
104030
104402
104403
104404
104449
104450
104484
104485
104519
104520
104554
104555
104589
104590
104624
104625
104659
104660
104694
104695
104730
105102
105103
105104
105149
105150
105184
105185
105219
105220
105254
105255
105289
105290
105324
105325
105359
105360
105394
105395
105430
105802
105803
105804
105849
105850
105884
105885
105919
105920
105954
105955
105989
105990
106024
106025
106059
106060
106094
106095
106130
106502
106503
106504
106549
106550
106584
106585
106619
106620
106654
106655
106689
106690
106724
106725
106759
106760
106794
106795
106830
107202
107203
107204
107249
107250
107284
107285
107319
107320
107354
107355
107389
107390
107424
107425
107459
107460
107494
107495
107530
107902
107903
107904
107949
107950
107984
107985
108019
108020
108054
108055
108089
108090
108124
108125
108159
108160
108194
108195
108230
108602
108603
108604
108649
108650
108684
108685
108719
108720
108754
108755
108789
108790
108824
108825
108859
108860
108894
108895
108930
109302
109303
109337
109360
109383
109406
109429
109452
109475
109498
114227
114635
115043
115451
115859
116267
116675
117083
117491
117899
124092
124104
124116
124128
124140
124152
124164
124176
124188
124200
124212
124785
124786
124787
124788
124789
124790
124791
124792
124793
124794
124805
124806
124807
124808
124809
124810
124811
124812
124813
124814
124825
124826
124827
124828
124829
124830
124831
124832
124833
124834
124845
124846
124847
124848
124849
124850
124851
124852
124853
124854
124865
124866
124867
124868
124869
124870
124871
124872
124873
124874
124885
124886
124887
124888
124889
124890
124891
124892
124893
124894
124905
124906
124907
124908
124909
124910
124911
124912
124913
124914
124925
124926
124927
124928
124929
124930
124931
124932
124933
124934
124945
124946
124947
124948
124949
124950
124951
124952
124953
124954
124965
124966
124967
124968
124969
124970
124971
124972
124973
124974
124985
124986
124987
124988
124989
124990
124991
124992
124993
124994
-55256
-55259
-55262
-55265
-55268
-55271
-55274
-55277
-55280
-55282
-55283
-55284
-72923
-72981
-72983
-73038
-73041
-73043
-73095
-73098
-73101
-73103
-73152
-73155
-73158
-73161
-73163
-73212
-73215
-73218
-73221
-73223
-73269
-73272
-73275
-73278
-73281
-73283
-73326
-73329
-73332
-73335
-73338
-73341
-73343
-73383
-73386
-73389
-73392
-73395
-73398
-73401
-73403
-73440
-73443
-73446
-73449
-73452
-73455
-73458
-73461
-73463
-74077
-74080
-74083
-74086
-74089
-74092
-74095
-74098
-74099
-74100
-74101
-74137
-74140
-74143
-74146
-74149
-74152
-74155
-74156
-74157
-74158
-74197
-74200
-74203
-74206
-74209
-74212
-74213
-74214
-74215
-74257
-74260
-74263
-74266
-74269
-74270
-74271
-74272
-74317
-74320
-74323
-74326
-74327
-74329
-74377
-74380
-74383
-74386
-74387
-74388
-74389
-74437
-74440
-74443
-74444
-74445
-74446
-74497
-74500
-74501
-74502
-74503
-74557
-74558
-74559
-74560
-74615
-74617
-101603
-101650
-101685
-101720
-101755
-101790
-101825
-101860
-101895
-101930
-113819
102301
102348
102383
102418
102453
102488
102523
102558
102593
102628
114226
74619
74622
74625
74628
74631
74634
74637
74640
74642
-55916
-55919
-55922
-55925
-55928
-55931
-55934
-55937
-55940
-55942
-56636
-56639
-56642
-56645
-56648
-56651
-56654
-56657
-56660
-56662
-57356
-57359
-57362
-57365
-57368
-57371
-57374
-57377
-57380
-57382
-58076
-58079
-58082
-58085
-58088
-58091
-58094
-58097
-58100
-58102
-58796
-58799
-58802
-58805
-58808
-58811
-58814
-58817
-58820
-58822
-59516
-59519
-59522
-59525
-59528
-59531
-59534
-59537
-59540
-59542
-60236
-60239
-60242
-60245
-60248
-60251
-60254
-60257
-60260
-60262
-60956
-60959
-60962
-60965
-60968
-60971
-60974
-60977
-60980
-60982
-61676
-61679
-61682
-61685
-61688
-61691
-61694
-61697
-61700
-61702
-62186
-62188
-62190
-62192
-62194
-62196
-62198
-62200
-62202
-62203
-114192
-114600
-115008
-115416
-115824
-116232
-116640
-117048
-117456
-117864
-118152
-55972
-56692
-57412
-58132
-58852
-59572
-60292
-61012
-61732
-62223
-75252
-75312
-75372
-75432
-75492
-75552
-75612
-75672
-75732
-75792
-76432
-76492
-76552
-76612
-76672
-76732
-76792
-76852
-76912
-76972
-77612
-77672
-77732
-77792
-77852
-77912
-77972
-78032
-78092
-78152
-78792
-78852
-78912
-78972
-79032
-79092
-79152
-79212
-79272
-79332
-79972
-80032
-80092
-80152
-80212
-80272
-80332
-80392
-80452
-80512
-81152
-81212
-81272
-81332
-81392
-81452
-81512
-81572
-81632
-81692
-82332
-82392
-82452
-82512
-82572
-82632
-82692
-82752
-82812
-82872
-83512
-83572
-83632
-83692
-83752
-83812
-83872
-83932
-83992
-84052
-84692
-84752
-84812
-84872
-84932
-84992
-85052
-85112
-85172
-85232
-85863
-85903
-85943
-85983
-86023
-86063
-86103
-86143
-86183
-86223
103001
103048
103083
103118
103153
103188
103223
103258
103293
103328
103701
103748
103783
103818
103853
103888
103923
103958
103993
104028
104401
104448
104483
104518
104553
104588
104623
104658
104693
104728
105101
105148
105183
105218
105253
105288
105323
105358
105393
105428
105801
105848
105883
105918
105953
105988
106023
106058
106093
106128
106501
106548
106583
106618
106653
106688
106723
106758
106793
106828
107201
107248
107283
107318
107353
107388
107423
107458
107493
107528
107901
107948
107983
108018
108053
108088
108123
108158
108193
108228
108601
108648
108683
108718
108753
108788
108823
108858
108893
108928
109301
109336
109359
109382
109405
109428
109451
109474
109497
109520
114634
115042
115450
115858
116266
116674
117082
117490
117898
118174
75796
75799
75802
75805
75808
75811
75814
75817
75820
75822
76976
76979
76982
76985
76988
76991
76994
76997
77000
77002
78156
78159
78162
78165
78168
78171
78174
78177
78180
78182
79336
79339
79342
79345
79348
79351
79354
79357
79360
79362
80516
80519
80522
80525
80528
80531
80534
80537
80540
80542
81696
81699
81702
81705
81708
81711
81714
81717
81720
81722
82876
82879
82882
82885
82888
82891
82894
82897
82900
82902
84056
84059
84062
84065
84068
84071
84074
84077
84080
84082
85236
85239
85242
85245
85248
85251
85254
85257
85260
85262
86226
86228
86230
86232
86234
86236
86238
86240
86242
86243
102629
103329
104029
104729
105429
106129
106829
107529
108229
108929
109521
)


// ************************************************************************* //
