/*--------------------------------*- C++ -*----------------------------------*\
  =========                 |
  \\      /  F ield         | OpenFOAM: The Open Source CFD Toolbox
   \\    /   O peration     | Website:  https://openfoam.org
    \\  /    A nd           | Version:  7
     \\/     M anipulation  |
\*---------------------------------------------------------------------------*/
FoamFile
{
    version     2.0;
    format      ascii;
    class       labelList;
    location    "constant/polyMesh";
    object      pointProcAddressing;
}
// * * * * * * * * * * * * * * * * * * * * * * * * * * * * * * * * * * * * * //


1667
(
21429
21448
21449
21679
21680
21681
21682
21683
21684
21685
21686
21687
21688
21689
21699
21700
21701
21702
21703
21704
21705
21706
21707
21708
21709
21939
21940
21941
21942
21943
21944
21945
21946
21947
21948
21949
21959
21960
21961
21962
21963
21964
21965
21966
21967
21968
21969
22199
22200
22201
22202
22203
22204
22205
22206
22207
22208
22209
22219
22220
22221
22222
22223
22224
22225
22226
22227
22228
22229
22459
22460
22461
22462
22463
22464
22465
22466
22467
22468
22469
22479
22480
22481
22482
22483
22484
22485
22486
22487
22488
22489
22719
22720
22721
22722
22723
22724
22725
22726
22727
22728
22729
22739
22740
22741
22742
22743
22744
22745
22746
22747
22748
22749
22979
22980
22981
22982
22983
22984
22985
22986
22987
22988
22989
22999
23000
23001
23002
23003
23004
23005
23006
23007
23008
23009
23239
23240
23241
23242
23243
23244
23245
23246
23247
23248
23249
23259
23260
23261
23262
23263
23264
23265
23266
23267
23268
23269
23499
23500
23501
23502
23503
23504
23505
23506
23507
23508
23509
23519
23520
23521
23522
23523
23524
23525
23526
23527
23528
23529
23759
23760
23761
23762
23763
23764
23765
23766
23767
23768
23769
23779
23780
23781
23782
23783
23784
23785
23786
23787
23788
23789
24019
24020
24021
24022
24023
24024
24025
24026
24027
24028
24029
24039
24040
24041
24042
24043
24044
24045
24046
24047
24048
24049
24279
24280
24281
24282
24283
24284
24285
24286
24287
24288
24289
24299
24300
24301
24302
24303
24304
24305
24306
24307
24308
24309
28127
28128
28129
28146
28147
28148
28149
28165
28166
28167
28168
28169
28184
28185
28186
28187
28188
28189
28204
28205
28206
28207
28208
28209
28223
28224
28225
28226
28227
28228
28229
28242
28243
28244
28245
28246
28247
28248
28249
28261
28262
28263
28264
28265
28266
28267
28268
28269
28280
28281
28282
28283
28284
28285
28286
28287
28288
28289
28300
28301
28302
28303
28304
28305
28306
28307
28308
28309
28499
28500
28501
28502
28503
28504
28505
28506
28507
28508
28509
28519
28520
28521
28522
28523
28524
28525
28526
28527
28528
28529
28539
28540
28541
28542
28543
28544
28545
28546
28547
28548
28549
28559
28560
28561
28562
28563
28564
28565
28566
28567
28568
28569
28579
28580
28581
28582
28583
28584
28585
28586
28587
28588
28589
28599
28600
28601
28602
28603
28604
28605
28606
28607
28608
28609
28619
28620
28621
28622
28623
28624
28625
28626
28627
28628
28629
28639
28640
28641
28642
28643
28644
28645
28646
28647
28648
28649
28659
28660
28661
28662
28663
28664
28665
28666
28667
28668
28669
28679
28680
28681
28682
28683
28684
28685
28686
28687
28688
28689
28879
28880
28881
28882
28883
28884
28885
28886
28887
28888
28889
28899
28900
28901
28902
28903
28904
28905
28906
28907
28908
28909
28919
28920
28921
28922
28923
28924
28925
28926
28927
28928
28929
28939
28940
28941
28942
28943
28944
28945
28946
28947
28948
28949
28959
28960
28961
28962
28963
28964
28965
28966
28967
28968
28969
28979
28980
28981
28982
28983
28984
28985
28986
28987
28988
28989
28999
29000
29001
29002
29003
29004
29005
29006
29007
29008
29009
29019
29020
29021
29022
29023
29024
29025
29026
29027
29028
29029
29039
29040
29041
29042
29043
29044
29045
29046
29047
29048
29049
29059
29060
29061
29062
29063
29064
29065
29066
29067
29068
29069
29259
29260
29261
29262
29263
29264
29265
29266
29267
29268
29269
29279
29280
29281
29282
29283
29284
29285
29286
29287
29288
29289
29299
29300
29301
29302
29303
29304
29305
29306
29307
29308
29309
29319
29320
29321
29322
29323
29324
29325
29326
29327
29328
29329
29339
29340
29341
29342
29343
29344
29345
29346
29347
29348
29349
29359
29360
29361
29362
29363
29364
29365
29366
29367
29368
29369
29379
29380
29381
29382
29383
29384
29385
29386
29387
29388
29389
29399
29400
29401
29402
29403
29404
29405
29406
29407
29408
29409
29419
29420
29421
29422
29423
29424
29425
29426
29427
29428
29429
29439
29440
29441
29442
29443
29444
29445
29446
29447
29448
29449
29639
29640
29641
29642
29643
29644
29645
29646
29647
29648
29649
29659
29660
29661
29662
29663
29664
29665
29666
29667
29668
29669
29679
29680
29681
29682
29683
29684
29685
29686
29687
29688
29689
29699
29700
29701
29702
29703
29704
29705
29706
29707
29708
29709
29719
29720
29721
29722
29723
29724
29725
29726
29727
29728
29729
29739
29740
29741
29742
29743
29744
29745
29746
29747
29748
29749
29759
29760
29761
29762
29763
29764
29765
29766
29767
29768
29769
29779
29780
29781
29782
29783
29784
29785
29786
29787
29788
29789
29799
29800
29801
29802
29803
29804
29805
29806
29807
29808
29809
29819
29820
29821
29822
29823
29824
29825
29826
29827
29828
29829
30019
30020
30021
30022
30023
30024
30025
30026
30027
30028
30029
30039
30040
30041
30042
30043
30044
30045
30046
30047
30048
30049
30059
30060
30061
30062
30063
30064
30065
30066
30067
30068
30069
30079
30080
30081
30082
30083
30084
30085
30086
30087
30088
30089
30099
30100
30101
30102
30103
30104
30105
30106
30107
30108
30109
30119
30120
30121
30122
30123
30124
30125
30126
30127
30128
30129
30139
30140
30141
30142
30143
30144
30145
30146
30147
30148
30149
30159
30160
30161
30162
30163
30164
30165
30166
30167
30168
30169
30179
30180
30181
30182
30183
30184
30185
30186
30187
30188
30189
30199
30200
30201
30202
30203
30204
30205
30206
30207
30208
30209
30399
30400
30401
30402
30403
30404
30405
30406
30407
30408
30409
30419
30420
30421
30422
30423
30424
30425
30426
30427
30428
30429
30439
30440
30441
30442
30443
30444
30445
30446
30447
30448
30449
30459
30460
30461
30462
30463
30464
30465
30466
30467
30468
30469
30479
30480
30481
30482
30483
30484
30485
30486
30487
30488
30489
30499
30500
30501
30502
30503
30504
30505
30506
30507
30508
30509
30519
30520
30521
30522
30523
30524
30525
30526
30527
30528
30529
30539
30540
30541
30542
30543
30544
30545
30546
30547
30548
30549
30559
30560
30561
30562
30563
30564
30565
30566
30567
30568
30569
30579
30580
30581
30582
30583
30584
30585
30586
30587
30588
30589
30779
30780
30781
30782
30783
30784
30785
30786
30787
30788
30789
30799
30800
30801
30802
30803
30804
30805
30806
30807
30808
30809
30819
30820
30821
30822
30823
30824
30825
30826
30827
30828
30829
30839
30840
30841
30842
30843
30844
30845
30846
30847
30848
30849
30859
30860
30861
30862
30863
30864
30865
30866
30867
30868
30869
30879
30880
30881
30882
30883
30884
30885
30886
30887
30888
30889
30899
30900
30901
30902
30903
30904
30905
30906
30907
30908
30909
30919
30920
30921
30922
30923
30924
30925
30926
30927
30928
30929
30939
30940
30941
30942
30943
30944
30945
30946
30947
30948
30949
30959
30960
30961
30962
30963
30964
30965
30966
30967
30968
30969
31159
31160
31161
31162
31163
31164
31165
31166
31167
31168
31169
31179
31180
31181
31182
31183
31184
31185
31186
31187
31188
31189
31199
31200
31201
31202
31203
31204
31205
31206
31207
31208
31209
31219
31220
31221
31222
31223
31224
31225
31226
31227
31228
31229
31239
31240
31241
31242
31243
31244
31245
31246
31247
31248
31249
31259
31260
31261
31262
31263
31264
31265
31266
31267
31268
31269
31279
31280
31281
31282
31283
31284
31285
31286
31287
31288
31289
31299
31300
31301
31302
31303
31304
31305
31306
31307
31308
31309
31319
31320
31321
31322
31323
31324
31325
31326
31327
31328
31329
31339
31340
31341
31342
31343
31344
31345
31346
31347
31348
31349
31539
31540
31541
31542
31543
31544
31545
31546
31547
31548
31549
31559
31560
31561
31562
31563
31564
31565
31566
31567
31568
31569
31579
31580
31581
31582
31583
31584
31585
31586
31587
31588
31589
31599
31600
31601
31602
31603
31604
31605
31606
31607
31608
31609
31619
31620
31621
31622
31623
31624
31625
31626
31627
31628
31629
31639
31640
31641
31642
31643
31644
31645
31646
31647
31648
31649
31659
31660
31661
31662
31663
31664
31665
31666
31667
31668
31669
31679
31680
31681
31682
31683
31684
31685
31686
31687
31688
31689
31699
31700
31701
31702
31703
31704
31705
31706
31707
31708
31709
31719
31720
31721
31722
31723
31724
31725
31726
31727
31728
31729
31919
31920
31921
31922
31923
31924
31925
31926
31927
31928
31929
31939
31940
31941
31942
31943
31944
31945
31946
31947
31948
31949
31959
31960
31961
31962
31963
31964
31965
31966
31967
31968
31969
31979
31980
31981
31982
31983
31984
31985
31986
31987
31988
31989
31999
32000
32001
32002
32003
32004
32005
32006
32007
32008
32009
32019
32020
32021
32022
32023
32024
32025
32026
32027
32028
32029
32039
32040
32041
32042
32043
32044
32045
32046
32047
32048
32049
32059
32060
32061
32062
32063
32064
32065
32066
32067
32068
32069
32079
32080
32081
32082
32083
32084
32085
32086
32087
32088
32089
32099
32100
32101
32102
32103
32104
32105
32106
32107
32108
32109
32299
32300
32301
32302
32303
32304
32305
32306
32307
32308
32309
32319
32320
32321
32322
32323
32324
32325
32326
32327
32328
32329
32339
32340
32341
32342
32343
32344
32345
32346
32347
32348
32349
32359
32360
32361
32362
32363
32364
32365
32366
32367
32368
32369
32379
32380
32381
32382
32383
32384
32385
32386
32387
32388
32389
32399
32400
32401
32402
32403
32404
32405
32406
32407
32408
32409
32419
32420
32421
32422
32423
32424
32425
32426
32427
32428
32429
32439
32440
32441
32442
32443
32444
32445
32446
32447
32448
32449
32459
32460
32461
32462
32463
32464
32465
32466
32467
32468
32469
32479
32480
32481
32482
32483
32484
32485
32486
32487
32488
32489
38502
38514
38526
38538
38550
38562
38574
38586
38598
38610
38622
38742
38754
38766
38778
38790
38802
38814
38826
38838
38850
38862
38982
38994
39006
39018
39030
39042
39054
39066
39078
39090
39102
39222
39234
39246
39258
39270
39282
39294
39306
39318
39330
39342
39462
39474
39486
39498
39510
39522
39534
39546
39558
39570
39582
39702
39714
39726
39738
39750
39762
39774
39786
39798
39810
39822
39942
39954
39966
39978
39990
40002
40014
40026
40038
40050
40062
40182
40194
40206
40218
40230
40242
40254
40266
40278
40290
40302
40422
40434
40446
40458
40470
40482
40494
40506
40518
40530
40542
40662
40674
40686
40698
40710
40722
40734
40746
40758
40770
40782
40902
40914
40926
40938
40950
40962
40974
40986
40998
41010
41022
41142
41154
41166
41178
41190
41202
41214
41226
41238
41250
41262
42954
43098
43242
43386
43530
43674
43818
43962
44106
44250
44394
44538
)


// ************************************************************************* //
