/*--------------------------------*- C++ -*----------------------------------*\
  =========                 |
  \\      /  F ield         | OpenFOAM: The Open Source CFD Toolbox
   \\    /   O peration     | Website:  https://openfoam.org
    \\  /    A nd           | Version:  7
     \\/     M anipulation  |
\*---------------------------------------------------------------------------*/
FoamFile
{
    version     2.0;
    format      ascii;
    class       labelList;
    location    "constant/polyMesh";
    object      cellProcAddressing;
}
// * * * * * * * * * * * * * * * * * * * * * * * * * * * * * * * * * * * * * //


1270
(
11098
11099
11100
11101
11102
11103
11104
11105
11106
11107
11338
11339
11340
11341
11342
11343
11344
11345
11346
11347
11578
11579
11580
11581
11582
11583
11584
11585
11586
11587
11818
11819
11820
11821
11822
11823
11824
11825
11826
11827
12058
12059
12060
12061
12062
12063
12064
12065
12066
12067
12298
12299
12300
12301
12302
12303
12304
12305
12306
12307
12538
12539
12540
12541
12542
12543
12544
12545
12546
12547
12778
12779
12780
12781
12782
12783
12784
12785
12786
12787
13018
13019
13020
13021
13022
13023
13024
13025
13026
13027
13258
13259
13260
13261
13262
13263
13264
13265
13266
13267
21378
21379
21380
21381
21382
21383
21384
21385
21386
21387
21398
21399
21400
21401
21402
21403
21404
21405
21406
21407
21418
21419
21420
21421
21422
21423
21424
21425
21426
21427
21438
21439
21440
21441
21442
21443
21444
21445
21446
21447
21458
21459
21460
21461
21462
21463
21464
21465
21466
21467
21478
21479
21480
21481
21482
21483
21484
21485
21486
21487
21498
21499
21500
21501
21502
21503
21504
21505
21506
21507
21518
21519
21520
21521
21522
21523
21524
21525
21526
21527
21538
21539
21540
21541
21542
21543
21544
21545
21546
21547
21558
21559
21560
21561
21562
21563
21564
21565
21566
21567
21778
21779
21780
21781
21782
21783
21784
21785
21786
21787
21798
21799
21800
21801
21802
21803
21804
21805
21806
21807
21818
21819
21820
21821
21822
21823
21824
21825
21826
21827
21838
21839
21840
21841
21842
21843
21844
21845
21846
21847
21858
21859
21860
21861
21862
21863
21864
21865
21866
21867
21878
21879
21880
21881
21882
21883
21884
21885
21886
21887
21898
21899
21900
21901
21902
21903
21904
21905
21906
21907
21918
21919
21920
21921
21922
21923
21924
21925
21926
21927
21938
21939
21940
21941
21942
21943
21944
21945
21946
21947
21958
21959
21960
21961
21962
21963
21964
21965
21966
21967
22178
22179
22180
22181
22182
22183
22184
22185
22186
22187
22198
22199
22200
22201
22202
22203
22204
22205
22206
22207
22218
22219
22220
22221
22222
22223
22224
22225
22226
22227
22238
22239
22240
22241
22242
22243
22244
22245
22246
22247
22258
22259
22260
22261
22262
22263
22264
22265
22266
22267
22278
22279
22280
22281
22282
22283
22284
22285
22286
22287
22298
22299
22300
22301
22302
22303
22304
22305
22306
22307
22318
22319
22320
22321
22322
22323
22324
22325
22326
22327
22338
22339
22340
22341
22342
22343
22344
22345
22346
22347
22358
22359
22360
22361
22362
22363
22364
22365
22366
22367
22578
22579
22580
22581
22582
22583
22584
22585
22586
22587
22598
22599
22600
22601
22602
22603
22604
22605
22606
22607
22618
22619
22620
22621
22622
22623
22624
22625
22626
22627
22638
22639
22640
22641
22642
22643
22644
22645
22646
22647
22658
22659
22660
22661
22662
22663
22664
22665
22666
22667
22678
22679
22680
22681
22682
22683
22684
22685
22686
22687
22698
22699
22700
22701
22702
22703
22704
22705
22706
22707
22718
22719
22720
22721
22722
22723
22724
22725
22726
22727
22738
22739
22740
22741
22742
22743
22744
22745
22746
22747
22758
22759
22760
22761
22762
22763
22764
22765
22766
22767
22978
22979
22980
22981
22982
22983
22984
22985
22986
22987
22998
22999
23000
23001
23002
23003
23004
23005
23006
23007
23018
23019
23020
23021
23022
23023
23024
23025
23026
23027
23038
23039
23040
23041
23042
23043
23044
23045
23046
23047
23058
23059
23060
23061
23062
23063
23064
23065
23066
23067
23078
23079
23080
23081
23082
23083
23084
23085
23086
23087
23098
23099
23100
23101
23102
23103
23104
23105
23106
23107
23118
23119
23120
23121
23122
23123
23124
23125
23126
23127
23138
23139
23140
23141
23142
23143
23144
23145
23146
23147
23158
23159
23160
23161
23162
23163
23164
23165
23166
23167
23378
23379
23380
23381
23382
23383
23384
23385
23386
23387
23398
23399
23400
23401
23402
23403
23404
23405
23406
23407
23418
23419
23420
23421
23422
23423
23424
23425
23426
23427
23438
23439
23440
23441
23442
23443
23444
23445
23446
23447
23458
23459
23460
23461
23462
23463
23464
23465
23466
23467
23478
23479
23480
23481
23482
23483
23484
23485
23486
23487
23498
23499
23500
23501
23502
23503
23504
23505
23506
23507
23518
23519
23520
23521
23522
23523
23524
23525
23526
23527
23538
23539
23540
23541
23542
23543
23544
23545
23546
23547
23558
23559
23560
23561
23562
23563
23564
23565
23566
23567
23778
23779
23780
23781
23782
23783
23784
23785
23786
23787
23798
23799
23800
23801
23802
23803
23804
23805
23806
23807
23818
23819
23820
23821
23822
23823
23824
23825
23826
23827
23838
23839
23840
23841
23842
23843
23844
23845
23846
23847
23858
23859
23860
23861
23862
23863
23864
23865
23866
23867
23878
23879
23880
23881
23882
23883
23884
23885
23886
23887
23898
23899
23900
23901
23902
23903
23904
23905
23906
23907
23918
23919
23920
23921
23922
23923
23924
23925
23926
23927
23938
23939
23940
23941
23942
23943
23944
23945
23946
23947
23958
23959
23960
23961
23962
23963
23964
23965
23966
23967
24178
24179
24180
24181
24182
24183
24184
24185
24186
24187
24198
24199
24200
24201
24202
24203
24204
24205
24206
24207
24218
24219
24220
24221
24222
24223
24224
24225
24226
24227
24238
24239
24240
24241
24242
24243
24244
24245
24246
24247
24258
24259
24260
24261
24262
24263
24264
24265
24266
24267
24278
24279
24280
24281
24282
24283
24284
24285
24286
24287
24298
24299
24300
24301
24302
24303
24304
24305
24306
24307
24318
24319
24320
24321
24322
24323
24324
24325
24326
24327
24338
24339
24340
24341
24342
24343
24344
24345
24346
24347
24358
24359
24360
24361
24362
24363
24364
24365
24366
24367
24578
24579
24580
24581
24582
24583
24584
24585
24586
24587
24598
24599
24600
24601
24602
24603
24604
24605
24606
24607
24618
24619
24620
24621
24622
24623
24624
24625
24626
24627
24638
24639
24640
24641
24642
24643
24644
24645
24646
24647
24658
24659
24660
24661
24662
24663
24664
24665
24666
24667
24678
24679
24680
24681
24682
24683
24684
24685
24686
24687
24698
24699
24700
24701
24702
24703
24704
24705
24706
24707
24718
24719
24720
24721
24722
24723
24724
24725
24726
24727
24738
24739
24740
24741
24742
24743
24744
24745
24746
24747
24758
24759
24760
24761
24762
24763
24764
24765
24766
24767
24978
24979
24980
24981
24982
24983
24984
24985
24986
24987
24998
24999
25000
25001
25002
25003
25004
25005
25006
25007
25018
25019
25020
25021
25022
25023
25024
25025
25026
25027
25038
25039
25040
25041
25042
25043
25044
25045
25046
25047
25058
25059
25060
25061
25062
25063
25064
25065
25066
25067
25078
25079
25080
25081
25082
25083
25084
25085
25086
25087
25098
25099
25100
25101
25102
25103
25104
25105
25106
25107
25118
25119
25120
25121
25122
25123
25124
25125
25126
25127
25138
25139
25140
25141
25142
25143
25144
25145
25146
25147
25158
25159
25160
25161
25162
25163
25164
25165
25166
25167
25378
25379
25380
25381
25382
25383
25384
25385
25386
25387
25398
25399
25400
25401
25402
25403
25404
25405
25406
25418
25419
25420
25421
25422
25423
25424
25425
25438
25439
25440
25441
25442
25443
25444
25458
25459
25460
25461
25462
25463
25478
25479
25480
25481
25482
25483
25498
25499
25500
25501
25502
25518
25519
25520
25521
25538
25539
25540
25558
25559
29568
29712
29856
30000
30144
30288
30432
30576
30720
30864
32712
32724
32736
32748
32760
32772
32784
32796
32808
32820
32952
32964
32976
32988
33000
33012
33024
33036
33048
33060
33192
33204
33216
33228
33240
33252
33264
33276
33288
33300
33432
33444
33456
33468
33480
33492
33504
33516
33528
33540
33672
33684
33696
33708
33720
33732
33744
33756
33768
33780
33912
33924
33936
33948
33960
33972
33984
33996
34008
34020
34152
34164
34176
34188
34200
34212
34224
34236
34248
34260
34392
34404
34416
34428
34440
34452
34464
34476
34488
34500
34632
34644
34656
34668
34680
34692
34704
34716
34728
34740
34872
34884
34896
34908
34920
34932
34944
34956
34968
34980
)


// ************************************************************************* //
