/*--------------------------------*- C++ -*----------------------------------*\
  =========                 |
  \\      /  F ield         | OpenFOAM: The Open Source CFD Toolbox
   \\    /   O peration     | Website:  https://openfoam.org
    \\  /    A nd           | Version:  7
     \\/     M anipulation  |
\*---------------------------------------------------------------------------*/
FoamFile
{
    version     2.0;
    format      ascii;
    class       labelList;
    location    "constant/polyMesh";
    object      faceProcAddressing;
}
// * * * * * * * * * * * * * * * * * * * * * * * * * * * * * * * * * * * * * //


4171
(
32525
32527
32528
32529
32531
32532
32533
32535
32536
32537
32539
32540
32541
32543
32544
32545
32547
32548
32549
32551
32552
32553
32555
32556
32557
32559
32560
32562
32563
32564
33245
33247
33248
33249
33251
33252
33253
33255
33256
33257
33259
33260
33261
33263
33264
33265
33267
33268
33269
33271
33272
33273
33275
33276
33277
33279
33280
33282
33283
33284
33965
33967
33968
33969
33971
33972
33973
33975
33976
33977
33979
33980
33981
33983
33984
33985
33987
33988
33989
33991
33992
33993
33995
33996
33997
33999
34000
34002
34003
34004
34685
34687
34688
34689
34691
34692
34693
34695
34696
34697
34699
34700
34701
34703
34704
34705
34707
34708
34709
34711
34712
34713
34715
34716
34717
34719
34720
34722
34723
34724
35405
35407
35408
35409
35411
35412
35413
35415
35416
35417
35419
35420
35421
35423
35424
35425
35427
35428
35429
35431
35432
35433
35435
35436
35437
35439
35440
35442
35443
35444
36125
36127
36128
36129
36131
36132
36133
36135
36136
36137
36139
36140
36141
36143
36144
36145
36147
36148
36149
36151
36152
36153
36155
36156
36157
36159
36160
36162
36163
36164
36845
36847
36848
36849
36851
36852
36853
36855
36856
36857
36859
36860
36861
36863
36864
36865
36867
36868
36869
36871
36872
36873
36875
36876
36877
36879
36880
36882
36883
36884
37565
37567
37568
37569
37571
37572
37573
37575
37576
37577
37579
37580
37581
37583
37584
37585
37587
37588
37589
37591
37592
37593
37595
37596
37597
37599
37600
37602
37603
37604
38285
38287
38288
38289
38291
38292
38293
38295
38296
38297
38299
38300
38301
38303
38304
38305
38307
38308
38309
38311
38312
38313
38315
38316
38317
38319
38320
38322
38323
38324
39005
39008
39009
39012
39013
39016
39017
39020
39021
39024
39025
39028
39029
39032
39033
39036
39037
39040
39043
39044
62875
62876
62877
62878
62879
62880
62881
62882
62883
62884
62885
62886
62887
62888
62889
62890
62891
62892
62893
62894
62895
62896
62897
62898
62899
62900
62901
62902
62903
62904
62935
62936
62937
62938
62939
62940
62941
62942
62943
62944
62945
62946
62947
62948
62949
62950
62951
62952
62953
62954
62955
62956
62957
62958
62959
62960
62961
62962
62963
62964
62995
62996
62997
62998
62999
63000
63001
63002
63003
63004
63005
63006
63007
63008
63009
63010
63011
63012
63013
63014
63015
63016
63017
63018
63019
63020
63021
63022
63023
63024
63055
63056
63057
63058
63059
63060
63061
63062
63063
63064
63065
63066
63067
63068
63069
63070
63071
63072
63073
63074
63075
63076
63077
63078
63079
63080
63081
63082
63083
63084
63115
63116
63117
63118
63119
63120
63121
63122
63123
63124
63125
63126
63127
63128
63129
63130
63131
63132
63133
63134
63135
63136
63137
63138
63139
63140
63141
63142
63143
63144
63175
63176
63177
63178
63179
63180
63181
63182
63183
63184
63185
63186
63187
63188
63189
63190
63191
63192
63193
63194
63195
63196
63197
63198
63199
63200
63201
63202
63203
63204
63235
63236
63237
63238
63239
63240
63241
63242
63243
63244
63245
63246
63247
63248
63249
63250
63251
63252
63253
63254
63255
63256
63257
63258
63259
63260
63261
63262
63263
63264
63295
63296
63297
63298
63299
63300
63301
63302
63303
63304
63305
63306
63307
63308
63309
63310
63311
63312
63313
63314
63315
63316
63317
63318
63319
63320
63321
63322
63323
63324
63355
63356
63357
63358
63359
63360
63361
63362
63363
63364
63365
63366
63367
63368
63369
63370
63371
63372
63373
63374
63375
63376
63377
63378
63379
63380
63381
63382
63383
63384
63405
63406
63407
63408
63409
63410
63411
63412
63413
63414
63415
63416
63417
63418
63419
63420
63421
63422
63423
63424
64055
64056
64057
64058
64059
64060
64061
64062
64063
64064
64065
64066
64067
64068
64069
64070
64071
64072
64073
64074
64075
64076
64077
64078
64079
64080
64081
64082
64083
64084
64115
64116
64117
64118
64119
64120
64121
64122
64123
64124
64125
64126
64127
64128
64129
64130
64131
64132
64133
64134
64135
64136
64137
64138
64139
64140
64141
64142
64143
64144
64175
64176
64177
64178
64179
64180
64181
64182
64183
64184
64185
64186
64187
64188
64189
64190
64191
64192
64193
64194
64195
64196
64197
64198
64199
64200
64201
64202
64203
64204
64235
64236
64237
64238
64239
64240
64241
64242
64243
64244
64245
64246
64247
64248
64249
64250
64251
64252
64253
64254
64255
64256
64257
64258
64259
64260
64261
64262
64263
64264
64295
64296
64297
64298
64299
64300
64301
64302
64303
64304
64305
64306
64307
64308
64309
64310
64311
64312
64313
64314
64315
64316
64317
64318
64319
64320
64321
64322
64323
64324
64355
64356
64357
64358
64359
64360
64361
64362
64363
64364
64365
64366
64367
64368
64369
64370
64371
64372
64373
64374
64375
64376
64377
64378
64379
64380
64381
64382
64383
64384
64415
64416
64417
64418
64419
64420
64421
64422
64423
64424
64425
64426
64427
64428
64429
64430
64431
64432
64433
64434
64435
64436
64437
64438
64439
64440
64441
64442
64443
64444
64475
64476
64477
64478
64479
64480
64481
64482
64483
64484
64485
64486
64487
64488
64489
64490
64491
64492
64493
64494
64495
64496
64497
64498
64499
64500
64501
64502
64503
64504
64535
64536
64537
64538
64539
64540
64541
64542
64543
64544
64545
64546
64547
64548
64549
64550
64551
64552
64553
64554
64555
64556
64557
64558
64559
64560
64561
64562
64563
64564
64585
64586
64587
64588
64589
64590
64591
64592
64593
64594
64595
64596
64597
64598
64599
64600
64601
64602
64603
64604
65235
65236
65237
65238
65239
65240
65241
65242
65243
65244
65245
65246
65247
65248
65249
65250
65251
65252
65253
65254
65255
65256
65257
65258
65259
65260
65261
65262
65263
65264
65295
65296
65297
65298
65299
65300
65301
65302
65303
65304
65305
65306
65307
65308
65309
65310
65311
65312
65313
65314
65315
65316
65317
65318
65319
65320
65321
65322
65323
65324
65355
65356
65357
65358
65359
65360
65361
65362
65363
65364
65365
65366
65367
65368
65369
65370
65371
65372
65373
65374
65375
65376
65377
65378
65379
65380
65381
65382
65383
65384
65415
65416
65417
65418
65419
65420
65421
65422
65423
65424
65425
65426
65427
65428
65429
65430
65431
65432
65433
65434
65435
65436
65437
65438
65439
65440
65441
65442
65443
65444
65475
65476
65477
65478
65479
65480
65481
65482
65483
65484
65485
65486
65487
65488
65489
65490
65491
65492
65493
65494
65495
65496
65497
65498
65499
65500
65501
65502
65503
65504
65535
65536
65537
65538
65539
65540
65541
65542
65543
65544
65545
65546
65547
65548
65549
65550
65551
65552
65553
65554
65555
65556
65557
65558
65559
65560
65561
65562
65563
65564
65595
65596
65597
65598
65599
65600
65601
65602
65603
65604
65605
65606
65607
65608
65609
65610
65611
65612
65613
65614
65615
65616
65617
65618
65619
65620
65621
65622
65623
65624
65655
65656
65657
65658
65659
65660
65661
65662
65663
65664
65665
65666
65667
65668
65669
65670
65671
65672
65673
65674
65675
65676
65677
65678
65679
65680
65681
65682
65683
65684
65715
65716
65717
65718
65719
65720
65721
65722
65723
65724
65725
65726
65727
65728
65729
65730
65731
65732
65733
65734
65735
65736
65737
65738
65739
65740
65741
65742
65743
65744
65765
65766
65767
65768
65769
65770
65771
65772
65773
65774
65775
65776
65777
65778
65779
65780
65781
65782
65783
65784
66415
66416
66417
66418
66419
66420
66421
66422
66423
66424
66425
66426
66427
66428
66429
66430
66431
66432
66433
66434
66435
66436
66437
66438
66439
66440
66441
66442
66443
66444
66475
66476
66477
66478
66479
66480
66481
66482
66483
66484
66485
66486
66487
66488
66489
66490
66491
66492
66493
66494
66495
66496
66497
66498
66499
66500
66501
66502
66503
66504
66535
66536
66537
66538
66539
66540
66541
66542
66543
66544
66545
66546
66547
66548
66549
66550
66551
66552
66553
66554
66555
66556
66557
66558
66559
66560
66561
66562
66563
66564
66595
66596
66597
66598
66599
66600
66601
66602
66603
66604
66605
66606
66607
66608
66609
66610
66611
66612
66613
66614
66615
66616
66617
66618
66619
66620
66621
66622
66623
66624
66655
66656
66657
66658
66659
66660
66661
66662
66663
66664
66665
66666
66667
66668
66669
66670
66671
66672
66673
66674
66675
66676
66677
66678
66679
66680
66681
66682
66683
66684
66715
66716
66717
66718
66719
66720
66721
66722
66723
66724
66725
66726
66727
66728
66729
66730
66731
66732
66733
66734
66735
66736
66737
66738
66739
66740
66741
66742
66743
66744
66775
66776
66777
66778
66779
66780
66781
66782
66783
66784
66785
66786
66787
66788
66789
66790
66791
66792
66793
66794
66795
66796
66797
66798
66799
66800
66801
66802
66803
66804
66835
66836
66837
66838
66839
66840
66841
66842
66843
66844
66845
66846
66847
66848
66849
66850
66851
66852
66853
66854
66855
66856
66857
66858
66859
66860
66861
66862
66863
66864
66895
66896
66897
66898
66899
66900
66901
66902
66903
66904
66905
66906
66907
66908
66909
66910
66911
66912
66913
66914
66915
66916
66917
66918
66919
66920
66921
66922
66923
66924
66945
66946
66947
66948
66949
66950
66951
66952
66953
66954
66955
66956
66957
66958
66959
66960
66961
66962
66963
66964
67595
67596
67597
67598
67599
67600
67601
67602
67603
67604
67605
67606
67607
67608
67609
67610
67611
67612
67613
67614
67615
67616
67617
67618
67619
67620
67621
67622
67623
67624
67655
67656
67657
67658
67659
67660
67661
67662
67663
67664
67665
67666
67667
67668
67669
67670
67671
67672
67673
67674
67675
67676
67677
67678
67679
67680
67681
67682
67683
67684
67715
67716
67717
67718
67719
67720
67721
67722
67723
67724
67725
67726
67727
67728
67729
67730
67731
67732
67733
67734
67735
67736
67737
67738
67739
67740
67741
67742
67743
67744
67775
67776
67777
67778
67779
67780
67781
67782
67783
67784
67785
67786
67787
67788
67789
67790
67791
67792
67793
67794
67795
67796
67797
67798
67799
67800
67801
67802
67803
67804
67835
67836
67837
67838
67839
67840
67841
67842
67843
67844
67845
67846
67847
67848
67849
67850
67851
67852
67853
67854
67855
67856
67857
67858
67859
67860
67861
67862
67863
67864
67895
67896
67897
67898
67899
67900
67901
67902
67903
67904
67905
67906
67907
67908
67909
67910
67911
67912
67913
67914
67915
67916
67917
67918
67919
67920
67921
67922
67923
67924
67955
67956
67957
67958
67959
67960
67961
67962
67963
67964
67965
67966
67967
67968
67969
67970
67971
67972
67973
67974
67975
67976
67977
67978
67979
67980
67981
67982
67983
67984
68015
68016
68017
68018
68019
68020
68021
68022
68023
68024
68025
68026
68027
68028
68029
68030
68031
68032
68033
68034
68035
68036
68037
68038
68039
68040
68041
68042
68043
68044
68075
68076
68077
68078
68079
68080
68081
68082
68083
68084
68085
68086
68087
68088
68089
68090
68091
68092
68093
68094
68095
68096
68097
68098
68099
68100
68101
68102
68103
68104
68125
68126
68127
68128
68129
68130
68131
68132
68133
68134
68135
68136
68137
68138
68139
68140
68141
68142
68143
68144
68775
68776
68777
68778
68779
68780
68781
68782
68783
68784
68785
68786
68787
68788
68789
68790
68791
68792
68793
68794
68795
68796
68797
68798
68799
68800
68801
68802
68803
68804
68835
68836
68837
68838
68839
68840
68841
68842
68843
68844
68845
68846
68847
68848
68849
68850
68851
68852
68853
68854
68855
68856
68857
68858
68859
68860
68861
68862
68863
68864
68895
68896
68897
68898
68899
68900
68901
68902
68903
68904
68905
68906
68907
68908
68909
68910
68911
68912
68913
68914
68915
68916
68917
68918
68919
68920
68921
68922
68923
68924
68955
68956
68957
68958
68959
68960
68961
68962
68963
68964
68965
68966
68967
68968
68969
68970
68971
68972
68973
68974
68975
68976
68977
68978
68979
68980
68981
68982
68983
68984
69015
69016
69017
69018
69019
69020
69021
69022
69023
69024
69025
69026
69027
69028
69029
69030
69031
69032
69033
69034
69035
69036
69037
69038
69039
69040
69041
69042
69043
69044
69075
69076
69077
69078
69079
69080
69081
69082
69083
69084
69085
69086
69087
69088
69089
69090
69091
69092
69093
69094
69095
69096
69097
69098
69099
69100
69101
69102
69103
69104
69135
69136
69137
69138
69139
69140
69141
69142
69143
69144
69145
69146
69147
69148
69149
69150
69151
69152
69153
69154
69155
69156
69157
69158
69159
69160
69161
69162
69163
69164
69195
69196
69197
69198
69199
69200
69201
69202
69203
69204
69205
69206
69207
69208
69209
69210
69211
69212
69213
69214
69215
69216
69217
69218
69219
69220
69221
69222
69223
69224
69255
69256
69257
69258
69259
69260
69261
69262
69263
69264
69265
69266
69267
69268
69269
69270
69271
69272
69273
69274
69275
69276
69277
69278
69279
69280
69281
69282
69283
69284
69305
69306
69307
69308
69309
69310
69311
69312
69313
69314
69315
69316
69317
69318
69319
69320
69321
69322
69323
69324
69955
69956
69957
69958
69959
69960
69961
69962
69963
69964
69965
69966
69967
69968
69969
69970
69971
69972
69973
69974
69975
69976
69977
69978
69979
69980
69981
69982
69983
69984
70015
70016
70017
70018
70019
70020
70021
70022
70023
70024
70025
70026
70027
70028
70029
70030
70031
70032
70033
70034
70035
70036
70037
70038
70039
70040
70041
70042
70043
70044
70075
70076
70077
70078
70079
70080
70081
70082
70083
70084
70085
70086
70087
70088
70089
70090
70091
70092
70093
70094
70095
70096
70097
70098
70099
70100
70101
70102
70103
70104
70135
70136
70137
70138
70139
70140
70141
70142
70143
70144
70145
70146
70147
70148
70149
70150
70151
70152
70153
70154
70155
70156
70157
70158
70159
70160
70161
70162
70163
70164
70195
70196
70197
70198
70199
70200
70201
70202
70203
70204
70205
70206
70207
70208
70209
70210
70211
70212
70213
70214
70215
70216
70217
70218
70219
70220
70221
70222
70223
70224
70255
70256
70257
70258
70259
70260
70261
70262
70263
70264
70265
70266
70267
70268
70269
70270
70271
70272
70273
70274
70275
70276
70277
70278
70279
70280
70281
70282
70283
70284
70315
70316
70317
70318
70319
70320
70321
70322
70323
70324
70325
70326
70327
70328
70329
70330
70331
70332
70333
70334
70335
70336
70337
70338
70339
70340
70341
70342
70343
70344
70375
70376
70377
70378
70379
70380
70381
70382
70383
70384
70385
70386
70387
70388
70389
70390
70391
70392
70393
70394
70395
70396
70397
70398
70399
70400
70401
70402
70403
70404
70435
70436
70437
70438
70439
70440
70441
70442
70443
70444
70445
70446
70447
70448
70449
70450
70451
70452
70453
70454
70455
70456
70457
70458
70459
70460
70461
70462
70463
70464
70485
70486
70487
70488
70489
70490
70491
70492
70493
70494
70495
70496
70497
70498
70499
70500
70501
70502
70503
70504
71135
71136
71137
71138
71139
71140
71141
71142
71143
71144
71145
71146
71147
71148
71149
71150
71151
71152
71153
71154
71155
71156
71157
71158
71159
71160
71161
71162
71163
71164
71195
71196
71197
71198
71199
71200
71201
71202
71203
71204
71205
71206
71207
71208
71209
71210
71211
71212
71213
71214
71215
71216
71217
71218
71219
71220
71221
71222
71223
71224
71255
71256
71257
71258
71259
71260
71261
71262
71263
71264
71265
71266
71267
71268
71269
71270
71271
71272
71273
71274
71275
71276
71277
71278
71279
71280
71281
71282
71283
71284
71315
71316
71317
71318
71319
71320
71321
71322
71323
71324
71325
71326
71327
71328
71329
71330
71331
71332
71333
71334
71335
71336
71337
71338
71339
71340
71341
71342
71343
71344
71375
71376
71377
71378
71379
71380
71381
71382
71383
71384
71385
71386
71387
71388
71389
71390
71391
71392
71393
71394
71395
71396
71397
71398
71399
71400
71401
71402
71403
71404
71435
71436
71437
71438
71439
71440
71441
71442
71443
71444
71445
71446
71447
71448
71449
71450
71451
71452
71453
71454
71455
71456
71457
71458
71459
71460
71461
71462
71463
71464
71495
71496
71497
71498
71499
71500
71501
71502
71503
71504
71505
71506
71507
71508
71509
71510
71511
71512
71513
71514
71515
71516
71517
71518
71519
71520
71521
71522
71523
71524
71555
71556
71557
71558
71559
71560
71561
71562
71563
71564
71565
71566
71567
71568
71569
71570
71571
71572
71573
71574
71575
71576
71577
71578
71579
71580
71581
71582
71583
71584
71615
71616
71617
71618
71619
71620
71621
71622
71623
71624
71625
71626
71627
71628
71629
71630
71631
71632
71633
71634
71635
71636
71637
71638
71639
71640
71641
71642
71643
71644
71665
71666
71667
71668
71669
71670
71671
71672
71673
71674
71675
71676
71677
71678
71679
71680
71681
71682
71683
71684
72315
72316
72317
72318
72319
72320
72321
72322
72323
72324
72325
72326
72327
72328
72329
72330
72331
72332
72333
72334
72335
72336
72337
72338
72339
72340
72341
72342
72343
72344
72375
72376
72377
72378
72379
72380
72381
72382
72383
72384
72385
72386
72387
72388
72389
72390
72391
72392
72393
72394
72395
72396
72397
72398
72399
72400
72401
72402
72403
72404
72435
72436
72437
72438
72439
72440
72441
72442
72443
72444
72445
72446
72447
72448
72449
72450
72451
72452
72453
72454
72455
72456
72457
72458
72459
72460
72461
72462
72463
72464
72495
72496
72497
72498
72499
72500
72501
72502
72503
72504
72505
72506
72507
72508
72509
72510
72511
72512
72513
72514
72515
72516
72517
72518
72519
72520
72521
72522
72523
72524
72555
72556
72557
72558
72559
72560
72561
72562
72563
72564
72565
72566
72567
72568
72569
72570
72571
72572
72573
72574
72575
72576
72577
72578
72579
72580
72581
72582
72583
72584
72615
72616
72617
72618
72619
72620
72621
72622
72623
72624
72625
72626
72627
72628
72629
72630
72631
72632
72633
72634
72635
72636
72637
72638
72639
72640
72641
72642
72643
72644
72675
72676
72677
72678
72679
72680
72681
72682
72683
72684
72685
72686
72687
72688
72689
72690
72691
72692
72693
72694
72695
72696
72697
72698
72699
72700
72701
72702
72703
72704
72735
72736
72737
72738
72739
72740
72741
72742
72743
72744
72745
72746
72747
72748
72749
72750
72751
72752
72753
72754
72755
72756
72757
72758
72759
72760
72761
72762
72763
72764
72795
72796
72797
72798
72799
72800
72801
72802
72803
72804
72805
72806
72807
72808
72809
72810
72811
72812
72813
72814
72815
72816
72817
72818
72819
72820
72821
72822
72823
72824
72845
72846
72847
72848
72849
72850
72851
72852
72853
72854
72855
72856
72857
72858
72859
72860
72861
72862
72863
72864
73495
73496
73497
73498
73499
73500
73501
73502
73503
73504
73505
73506
73507
73508
73509
73510
73511
73512
73513
73514
73515
73516
73517
73518
73519
73520
73521
73522
73523
73524
73555
73556
73557
73558
73559
73560
73561
73562
73563
73564
73565
73566
73567
73568
73569
73570
73571
73572
73573
73574
73575
73576
73577
73578
73579
73580
73581
73582
73584
73615
73616
73617
73618
73619
73620
73621
73622
73623
73624
73625
73626
73627
73628
73629
73630
73631
73632
73633
73634
73635
73636
73637
73638
73639
73640
73642
73644
73675
73676
73677
73678
73679
73680
73681
73682
73683
73684
73685
73686
73687
73688
73689
73690
73691
73692
73693
73694
73695
73696
73697
73699
73700
73702
73704
73735
73736
73737
73738
73739
73740
73741
73742
73743
73744
73745
73746
73747
73748
73749
73750
73751
73752
73753
73754
73756
73757
73759
73760
73762
73764
73795
73796
73797
73798
73799
73800
73801
73802
73803
73804
73805
73806
73807
73808
73809
73810
73811
73812
73813
73814
73816
73817
73819
73820
73822
73824
73855
73856
73857
73858
73859
73860
73861
73862
73863
73864
73865
73866
73867
73868
73869
73870
73871
73873
73874
73876
73877
73879
73880
73882
73884
73915
73916
73917
73918
73919
73920
73921
73922
73923
73924
73925
73926
73927
73928
73930
73931
73933
73934
73936
73937
73939
73940
73942
73944
73975
73976
73977
73978
73979
73980
73981
73982
73983
73984
73985
73987
73988
73990
73991
73993
73994
73996
73997
73999
74000
74002
74004
74025
74026
74027
74028
74029
74031
74033
74035
74037
74039
74041
74044
74675
74676
74678
74679
74681
74682
74684
74685
74687
74688
74690
74691
74693
74694
74696
74697
74699
74700
74735
74736
74738
74739
74741
74742
74744
74745
74747
74748
74750
74751
74753
74754
74756
74757
74795
74796
74798
74799
74801
74802
74804
74805
74807
74808
74810
74811
74813
74814
74855
74856
74858
74859
74861
74862
74864
74865
74867
74868
74870
74871
74915
74916
74918
74919
74921
74922
74924
74925
74927
74928
74931
74975
74976
74978
74979
74981
74982
74984
74985
74987
74988
75035
75036
75038
75039
75041
75042
75044
75045
75095
75096
75098
75099
75101
75102
75155
75156
75158
75159
75205
86627
86628
87047
87048
87467
87468
87887
87888
88307
88308
88727
88728
89147
89148
89567
89568
89987
89988
90408
95664
95665
95699
95700
95734
95735
95769
95770
95804
95805
95839
95840
95874
95875
95909
95910
95944
95945
95979
96364
96365
96399
96400
96434
96435
96469
96470
96504
96505
96539
96540
96574
96575
96609
96610
96644
96645
96679
97064
97065
97099
97100
97134
97135
97169
97170
97204
97205
97239
97240
97274
97275
97309
97310
97344
97345
97379
97764
97765
97799
97800
97834
97835
97869
97870
97904
97905
97939
97940
97974
97975
98009
98010
98044
98045
98079
98464
98465
98499
98500
98534
98535
98569
98570
98604
98605
98639
98640
98674
98675
98709
98710
98744
98745
98779
99164
99165
99199
99200
99234
99235
99269
99270
99304
99305
99339
99340
99374
99375
99409
99410
99444
99445
99479
99864
99865
99899
99900
99934
99935
99969
99970
100004
100005
100039
100040
100074
100075
100109
100110
100144
100145
100179
100564
100565
100599
100600
100634
100635
100669
100670
100704
100705
100739
100740
100774
100775
100809
100810
100844
100845
100879
101264
101265
101299
101300
101334
101335
101369
101370
101404
101405
101439
101440
101474
101475
101509
101510
101544
101545
101579
101964
101999
102034
102069
102104
102139
102174
102209
102244
122859
122860
122861
122862
122863
122864
122865
122866
122867
122868
122879
122880
122881
122882
122883
122884
122885
122886
122887
122888
122899
122900
122901
122902
122903
122904
122905
122906
122907
122908
122919
122920
122921
122922
122923
122924
122925
122926
122927
122928
122939
122940
122941
122942
122943
122944
122945
122946
122947
122948
122959
122960
122961
122962
122963
122964
122965
122966
122967
122968
122979
122980
122981
122982
122983
122984
122985
122986
122987
122988
122999
123000
123001
123002
123003
123004
123005
123006
123007
123008
123019
123020
123021
123022
123023
123024
123025
123026
123027
123028
123039
123040
123041
123042
123043
123044
123045
123046
123047
123048
123059
123060
123061
123062
123063
123064
123065
123066
123067
123068
123553
123565
123577
123589
123601
123613
123625
123637
123649
123661
123673
-62816
-62819
-62822
-62825
-62828
-62831
-62834
-62837
-62840
-62842
-63996
-63999
-64002
-64005
-64008
-64011
-64014
-64017
-64020
-64022
-65176
-65179
-65182
-65185
-65188
-65191
-65194
-65197
-65200
-65202
-66356
-66359
-66362
-66365
-66368
-66371
-66374
-66377
-66380
-66382
-67536
-67539
-67542
-67545
-67548
-67551
-67554
-67557
-67560
-67562
-68716
-68719
-68722
-68725
-68728
-68731
-68734
-68737
-68740
-68742
-69896
-69899
-69902
-69905
-69908
-69911
-69914
-69917
-69920
-69922
-71076
-71079
-71082
-71085
-71088
-71091
-71094
-71097
-71100
-71102
-72256
-72259
-72262
-72265
-72268
-72271
-72274
-72277
-72280
-72282
-73436
-73439
-73442
-73445
-73448
-73451
-73454
-73457
-73460
-73462
-74616
-95629
-96329
-97029
-97729
-98429
-99129
-99829
-100529
-101229
-101929
-32521
-33241
-33961
-34681
-35401
-36121
-36841
-37561
-38281
-39001
-62872
-62932
-62992
-63052
-63112
-63172
-63232
-63292
-63352
-63403
-64052
-64112
-64172
-64232
-64292
-64352
-64412
-64472
-64532
-64583
-65232
-65292
-65352
-65412
-65472
-65532
-65592
-65652
-65712
-65763
-66412
-66472
-66532
-66592
-66652
-66712
-66772
-66832
-66892
-66943
-67592
-67652
-67712
-67772
-67832
-67892
-67952
-68012
-68072
-68123
-68772
-68832
-68892
-68952
-69012
-69072
-69132
-69192
-69252
-69303
-69952
-70012
-70072
-70132
-70192
-70252
-70312
-70372
-70432
-70483
-71132
-71192
-71252
-71312
-71372
-71432
-71492
-71552
-71612
-71663
-72312
-72372
-72432
-72492
-72552
-72612
-72672
-72732
-72792
-72843
-73492
-73552
-73612
-73672
-73732
-73792
-73852
-73912
-73972
-74023
86625
87045
87465
87885
88305
88725
89145
89565
89985
90405
95663
95698
95733
95768
95803
95838
95873
95908
95943
95978
96363
96398
96433
96468
96503
96538
96573
96608
96643
96678
97063
97098
97133
97168
97203
97238
97273
97308
97343
97378
97763
97798
97833
97868
97903
97938
97973
98008
98043
98078
98463
98498
98533
98568
98603
98638
98673
98708
98743
98778
99163
99198
99233
99268
99303
99338
99373
99408
99443
99478
99863
99898
99933
99968
100003
100038
100073
100108
100143
100178
100563
100598
100633
100668
100703
100738
100773
100808
100843
100878
101263
101298
101333
101368
101403
101438
101473
101508
101543
101578
101963
101998
102033
102068
102103
102138
102173
102208
102243
102278
32526
32530
32534
32538
32542
32546
32550
32554
32558
32561
33246
33250
33254
33258
33262
33266
33270
33274
33278
33281
33966
33970
33974
33978
33982
33986
33990
33994
33998
34001
34686
34690
34694
34698
34702
34706
34710
34714
34718
34721
35406
35410
35414
35418
35422
35426
35430
35434
35438
35441
36126
36130
36134
36138
36142
36146
36150
36154
36158
36161
36846
36850
36854
36858
36862
36866
36870
36874
36878
36881
37566
37570
37574
37578
37582
37586
37590
37594
37598
37601
38286
38290
38294
38298
38302
38306
38310
38314
38318
38321
39006
39010
39014
39018
39022
39026
39030
39034
39038
39041
86626
87046
87466
87886
88306
88726
89146
89566
89986
90406
-74619
-74622
-74625
-74628
-74631
-74634
-74637
-74640
-74642
-74672
-74732
-74792
-74852
-74912
-74972
-75032
-75092
-75152
-75203
39007
39011
39015
39019
39023
39027
39031
39035
39039
39042
-39728
-39732
73583
73641
73643
73698
73701
73703
73755
73758
73761
73763
73815
73818
73821
73823
73872
73875
73878
73881
73883
73929
73932
73935
73938
73941
73943
73986
73989
73992
73995
73998
74001
74003
74030
74032
74034
74036
74038
74040
74042
74043
74677
74680
74683
74686
74689
74692
74695
74698
74701
74702
74703
74704
74737
74740
74743
74746
74749
74752
74755
74758
74759
74760
74761
74797
74800
74803
74806
74809
74812
74815
74816
74817
74818
74857
74860
74863
74866
74869
74872
74873
74874
74875
74917
74920
74923
74926
74929
74930
74932
74977
74980
74983
74986
74989
74990
74991
74992
75037
75040
75043
75046
75047
75048
75049
75097
75100
75103
75104
75105
75106
75157
75160
75161
75162
75163
75206
75207
75208
90407
101965
102000
102035
102070
102105
102140
102175
102210
102245
102279
)


// ************************************************************************* //
