/*--------------------------------*- C++ -*----------------------------------*\
  =========                 |
  \\      /  F ield         | OpenFOAM: The Open Source CFD Toolbox
   \\    /   O peration     | Website:  https://openfoam.org
    \\  /    A nd           | Version:  7
     \\/     M anipulation  |
\*---------------------------------------------------------------------------*/
FoamFile
{
    version     2.0;
    format      ascii;
    class       labelList;
    location    "constant/polyMesh";
    object      pointProcAddressing;
}
// * * * * * * * * * * * * * * * * * * * * * * * * * * * * * * * * * * * * * //


1665
(
12879
12880
12881
12882
12883
12884
12885
12886
12887
12888
12889
12899
12900
12901
12902
12903
12904
12905
12906
12907
12908
12909
13139
13140
13141
13142
13143
13144
13145
13146
13147
13148
13149
13159
13160
13161
13162
13163
13164
13165
13166
13167
13168
13169
13399
13400
13401
13402
13403
13404
13405
13406
13407
13408
13409
13419
13420
13421
13422
13423
13424
13425
13426
13427
13428
13429
13659
13660
13661
13662
13663
13664
13665
13666
13667
13668
13669
13679
13680
13681
13682
13683
13684
13685
13686
13687
13688
13689
13919
13920
13921
13922
13923
13924
13925
13926
13927
13928
13929
13939
13940
13941
13942
13943
13944
13945
13946
13947
13948
13949
14179
14180
14181
14182
14183
14184
14185
14186
14187
14188
14189
14199
14200
14201
14202
14203
14204
14205
14206
14207
14208
14209
14439
14440
14441
14442
14443
14444
14445
14446
14447
14448
14449
14459
14460
14461
14462
14463
14464
14465
14466
14467
14468
14469
14699
14700
14701
14702
14703
14704
14705
14706
14707
14708
14709
14719
14720
14721
14722
14723
14724
14725
14726
14727
14728
14729
14959
14960
14961
14962
14963
14964
14965
14966
14967
14968
14969
14979
14980
14981
14982
14983
14984
14985
14986
14987
14988
14989
15219
15220
15221
15222
15223
15224
15225
15226
15227
15228
15229
15239
15240
15241
15242
15243
15244
15245
15246
15247
15248
15249
15479
15480
15481
15482
15483
15484
15485
15486
15487
15488
15489
15499
15500
15501
15502
15503
15504
15505
15506
15507
15508
15509
15739
15740
15741
24499
24500
24501
24502
24503
24504
24505
24506
24507
24508
24509
24519
24520
24521
24522
24523
24524
24525
24526
24527
24528
24529
24539
24540
24541
24542
24543
24544
24545
24546
24547
24548
24549
24559
24560
24561
24562
24563
24564
24565
24566
24567
24568
24569
24579
24580
24581
24582
24583
24584
24585
24586
24587
24588
24589
24599
24600
24601
24602
24603
24604
24605
24606
24607
24608
24609
24619
24620
24621
24622
24623
24624
24625
24626
24627
24628
24629
24639
24640
24641
24642
24643
24644
24645
24646
24647
24648
24649
24659
24660
24661
24662
24663
24664
24665
24666
24667
24668
24669
24679
24680
24681
24682
24683
24684
24685
24686
24687
24688
24689
24879
24880
24881
24882
24883
24884
24885
24886
24887
24888
24889
24899
24900
24901
24902
24903
24904
24905
24906
24907
24908
24909
24919
24920
24921
24922
24923
24924
24925
24926
24927
24928
24929
24939
24940
24941
24942
24943
24944
24945
24946
24947
24948
24949
24959
24960
24961
24962
24963
24964
24965
24966
24967
24968
24969
24979
24980
24981
24982
24983
24984
24985
24986
24987
24988
24989
24999
25000
25001
25002
25003
25004
25005
25006
25007
25008
25009
25019
25020
25021
25022
25023
25024
25025
25026
25027
25028
25029
25039
25040
25041
25042
25043
25044
25045
25046
25047
25048
25049
25059
25060
25061
25062
25063
25064
25065
25066
25067
25068
25069
25259
25260
25261
25262
25263
25264
25265
25266
25267
25268
25269
25279
25280
25281
25282
25283
25284
25285
25286
25287
25288
25289
25299
25300
25301
25302
25303
25304
25305
25306
25307
25308
25309
25319
25320
25321
25322
25323
25324
25325
25326
25327
25328
25329
25339
25340
25341
25342
25343
25344
25345
25346
25347
25348
25349
25359
25360
25361
25362
25363
25364
25365
25366
25367
25368
25369
25379
25380
25381
25382
25383
25384
25385
25386
25387
25388
25389
25399
25400
25401
25402
25403
25404
25405
25406
25407
25408
25409
25419
25420
25421
25422
25423
25424
25425
25426
25427
25428
25429
25439
25440
25441
25442
25443
25444
25445
25446
25447
25448
25449
25639
25640
25641
25642
25643
25644
25645
25646
25647
25648
25649
25659
25660
25661
25662
25663
25664
25665
25666
25667
25668
25669
25679
25680
25681
25682
25683
25684
25685
25686
25687
25688
25689
25699
25700
25701
25702
25703
25704
25705
25706
25707
25708
25709
25719
25720
25721
25722
25723
25724
25725
25726
25727
25728
25729
25739
25740
25741
25742
25743
25744
25745
25746
25747
25748
25749
25759
25760
25761
25762
25763
25764
25765
25766
25767
25768
25769
25779
25780
25781
25782
25783
25784
25785
25786
25787
25788
25789
25799
25800
25801
25802
25803
25804
25805
25806
25807
25808
25809
25819
25820
25821
25822
25823
25824
25825
25826
25827
25828
25829
26019
26020
26021
26022
26023
26024
26025
26026
26027
26028
26029
26039
26040
26041
26042
26043
26044
26045
26046
26047
26048
26049
26059
26060
26061
26062
26063
26064
26065
26066
26067
26068
26069
26079
26080
26081
26082
26083
26084
26085
26086
26087
26088
26089
26099
26100
26101
26102
26103
26104
26105
26106
26107
26108
26109
26119
26120
26121
26122
26123
26124
26125
26126
26127
26128
26129
26139
26140
26141
26142
26143
26144
26145
26146
26147
26148
26149
26159
26160
26161
26162
26163
26164
26165
26166
26167
26168
26169
26179
26180
26181
26182
26183
26184
26185
26186
26187
26188
26189
26199
26200
26201
26202
26203
26204
26205
26206
26207
26208
26209
26399
26400
26401
26402
26403
26404
26405
26406
26407
26408
26409
26419
26420
26421
26422
26423
26424
26425
26426
26427
26428
26429
26439
26440
26441
26442
26443
26444
26445
26446
26447
26448
26449
26459
26460
26461
26462
26463
26464
26465
26466
26467
26468
26469
26479
26480
26481
26482
26483
26484
26485
26486
26487
26488
26489
26499
26500
26501
26502
26503
26504
26505
26506
26507
26508
26509
26519
26520
26521
26522
26523
26524
26525
26526
26527
26528
26529
26539
26540
26541
26542
26543
26544
26545
26546
26547
26548
26549
26559
26560
26561
26562
26563
26564
26565
26566
26567
26568
26569
26579
26580
26581
26582
26583
26584
26585
26586
26587
26588
26589
26779
26780
26781
26782
26783
26784
26785
26786
26787
26788
26789
26799
26800
26801
26802
26803
26804
26805
26806
26807
26808
26809
26819
26820
26821
26822
26823
26824
26825
26826
26827
26828
26829
26839
26840
26841
26842
26843
26844
26845
26846
26847
26848
26849
26859
26860
26861
26862
26863
26864
26865
26866
26867
26868
26869
26879
26880
26881
26882
26883
26884
26885
26886
26887
26888
26889
26899
26900
26901
26902
26903
26904
26905
26906
26907
26908
26909
26919
26920
26921
26922
26923
26924
26925
26926
26927
26928
26929
26939
26940
26941
26942
26943
26944
26945
26946
26947
26948
26949
26959
26960
26961
26962
26963
26964
26965
26966
26967
26968
26969
27159
27160
27161
27162
27163
27164
27165
27166
27167
27168
27169
27179
27180
27181
27182
27183
27184
27185
27186
27187
27188
27189
27199
27200
27201
27202
27203
27204
27205
27206
27207
27208
27209
27219
27220
27221
27222
27223
27224
27225
27226
27227
27228
27229
27239
27240
27241
27242
27243
27244
27245
27246
27247
27248
27249
27259
27260
27261
27262
27263
27264
27265
27266
27267
27268
27269
27279
27280
27281
27282
27283
27284
27285
27286
27287
27288
27289
27299
27300
27301
27302
27303
27304
27305
27306
27307
27308
27309
27319
27320
27321
27322
27323
27324
27325
27326
27327
27328
27329
27339
27340
27341
27342
27343
27344
27345
27346
27347
27348
27349
27539
27540
27541
27542
27543
27544
27545
27546
27547
27548
27549
27559
27560
27561
27562
27563
27564
27565
27566
27567
27568
27569
27579
27580
27581
27582
27583
27584
27585
27586
27587
27588
27589
27599
27600
27601
27602
27603
27604
27605
27606
27607
27608
27609
27619
27620
27621
27622
27623
27624
27625
27626
27627
27628
27629
27639
27640
27641
27642
27643
27644
27645
27646
27647
27648
27649
27659
27660
27661
27662
27663
27664
27665
27666
27667
27668
27669
27679
27680
27681
27682
27683
27684
27685
27686
27687
27688
27689
27699
27700
27701
27702
27703
27704
27705
27706
27707
27708
27709
27719
27720
27721
27722
27723
27724
27725
27726
27727
27728
27729
27919
27920
27921
27922
27923
27924
27925
27926
27927
27928
27929
27939
27940
27941
27942
27943
27944
27945
27946
27947
27948
27949
27959
27960
27961
27962
27963
27964
27965
27966
27967
27968
27969
27979
27980
27981
27982
27983
27984
27985
27986
27987
27988
27989
27999
28000
28001
28002
28003
28004
28005
28006
28007
28008
28009
28019
28020
28021
28022
28023
28024
28025
28026
28027
28028
28029
28039
28040
28041
28042
28043
28044
28045
28046
28047
28048
28049
28059
28060
28061
28062
28063
28064
28065
28066
28067
28068
28069
28079
28080
28081
28082
28083
28084
28085
28086
28087
28088
28089
28099
28100
28101
28102
28103
28104
28105
28106
28107
28108
28109
28299
28300
28301
28302
28303
28304
28305
28306
28307
28308
28309
28319
28320
28321
28322
28323
28324
28325
28326
28327
28328
28329
28339
28340
28341
28342
28343
28344
28345
28346
28347
28348
28349
28359
28360
28361
28362
28363
28364
28365
28366
28367
28368
28369
28379
28380
28381
28382
28383
28384
28385
28386
28387
28388
28389
28399
28400
28401
28402
28403
28404
28405
28406
28407
28408
28409
28419
28420
28421
28422
28423
28424
28425
28426
28427
28428
28429
28439
28440
28441
28442
28443
28444
28445
28446
28447
28448
28449
28459
28460
28461
28462
28463
28464
28465
28466
28467
28468
28469
28479
28480
28481
28482
28483
28484
28485
28486
28487
28488
28489
28679
28680
28681
28682
28683
28684
28685
28686
28687
28688
28689
28699
28700
28701
28702
28703
28704
28705
28706
28707
28708
28709
28719
28720
28721
28722
28723
28724
28725
28726
28727
28728
28739
28740
28741
28742
28743
28744
28745
28746
28747
28759
28760
28761
28762
28763
28764
28765
28766
28779
28780
28781
28782
28783
28784
28785
28799
28800
28801
28802
28803
28804
28805
28819
28820
28821
28822
28823
28824
28839
28840
28841
28842
28843
28859
28860
28861
28862
32670
32682
32826
32838
32982
32994
33138
33150
33294
33306
33450
33462
33606
33618
33762
33774
33918
33930
34074
34086
34230
34242
36222
36234
36246
36258
36270
36282
36294
36306
36318
36330
36462
36474
36486
36498
36510
36522
36534
36546
36558
36570
36702
36714
36726
36738
36750
36762
36774
36786
36798
36810
36942
36954
36966
36978
36990
37002
37014
37026
37038
37050
37182
37194
37206
37218
37230
37242
37254
37266
37278
37290
37422
37434
37446
37458
37470
37482
37494
37506
37518
37530
37662
37674
37686
37698
37710
37722
37734
37746
37758
37770
37902
37914
37926
37938
37950
37962
37974
37986
37998
38010
38142
38154
38166
38178
38190
38202
38214
38226
38238
38250
38382
38394
38406
38418
38430
38442
38454
38466
38478
38490
38622
38634
38646
38658
38670
38682
38694
38706
38718
38730
)


// ************************************************************************* //
