/*--------------------------------*- C++ -*----------------------------------*\
  =========                 |
  \\      /  F ield         | OpenFOAM: The Open Source CFD Toolbox
   \\    /   O peration     | Website:  https://openfoam.org
    \\  /    A nd           | Version:  7
     \\/     M anipulation  |
\*---------------------------------------------------------------------------*/
FoamFile
{
    version     2.0;
    format      ascii;
    class       labelList;
    location    "constant/polyMesh";
    object      cellProcAddressing;
}
// * * * * * * * * * * * * * * * * * * * * * * * * * * * * * * * * * * * * * //


1271
(
5433
5434
5444
5445
5446
5455
5456
5457
5458
5466
5467
5468
5469
5470
5477
5478
5479
5480
5481
5482
5489
5490
5491
5492
5493
5494
5500
5501
5502
5503
5504
5505
5506
5511
5512
5513
5514
5515
5516
5517
5518
5522
5523
5524
5525
5526
5527
5528
5529
5530
5533
5534
5535
5536
5537
5538
5539
5540
5541
5542
5664
5665
5666
5667
5668
5669
5670
5671
5672
5673
5674
5676
5677
5678
5679
5680
5681
5682
5683
5684
5685
5686
5688
5689
5690
5691
5692
5693
5694
5695
5696
5697
5698
5700
5701
5702
5703
5704
5705
5706
5707
5708
5709
5710
5712
5713
5714
5715
5716
5717
5718
5719
5720
5721
5722
5724
5725
5726
5727
5728
5729
5730
5731
5732
5733
5734
5736
5737
5738
5739
5740
5741
5742
5743
5744
5745
5746
5748
5749
5750
5751
5752
5753
5754
5755
5756
5757
5758
5760
5761
5762
5763
5764
5765
5766
5767
5768
5769
5770
5772
5773
5774
5775
5776
5777
5778
5779
5780
5781
5782
5904
5905
5906
5907
5908
5909
5910
5911
5912
5913
5914
5916
5917
5918
5919
5920
5921
5922
5923
5924
5925
5926
5928
5929
5930
5931
5932
5933
5934
5935
5936
5937
5938
5940
5941
5942
5943
5944
5945
5946
5947
5948
5949
5950
5952
5953
5954
5955
5956
5957
5958
5959
5960
5961
5962
5964
5965
5966
5967
5968
5969
5970
5971
5972
5973
5974
5976
5977
5978
5979
5980
5981
5982
5983
5984
5985
5986
5988
5989
5990
5991
5992
5993
5994
5995
5996
5997
5998
6000
6001
6002
6003
6004
6005
6006
6007
6008
6009
6010
6012
6013
6014
6015
6016
6017
6018
6019
6020
6021
6022
6144
6145
6146
6147
6148
6149
6150
6151
6152
6153
6154
6156
6157
6158
6159
6160
6161
6162
6163
6164
6165
6166
6168
6169
6170
6171
6172
6173
6174
6175
6176
6177
6178
6180
6181
6182
6183
6184
6185
6186
6187
6188
6189
6190
6192
6193
6194
6195
6196
6197
6198
6199
6200
6201
6202
6204
6205
6206
6207
6208
6209
6210
6211
6212
6213
6214
6216
6217
6218
6219
6220
6221
6222
6223
6224
6225
6226
6228
6229
6230
6231
6232
6233
6234
6235
6236
6237
6238
6240
6241
6242
6243
6244
6245
6246
6247
6248
6249
6250
6252
6253
6254
6255
6256
6257
6258
6259
6260
6261
6262
6384
6385
6386
6387
6388
6389
6390
6391
6392
6393
6394
6396
6397
6398
6399
6400
6401
6402
6403
6404
6405
6406
6408
6409
6410
6411
6412
6413
6414
6415
6416
6417
6418
6420
6421
6422
6423
6424
6425
6426
6427
6428
6429
6430
6432
6433
6434
6435
6436
6437
6438
6439
6440
6441
6442
6444
6445
6446
6447
6448
6449
6450
6451
6452
6453
6454
6456
6457
6458
6459
6460
6461
6462
6463
6464
6465
6466
6468
6469
6470
6471
6472
6473
6474
6475
6476
6477
6478
6480
6481
6482
6483
6484
6485
6486
6487
6488
6489
6490
6492
6493
6494
6495
6496
6497
6498
6499
6500
6501
6502
6624
6625
6626
6627
6628
6629
6630
6631
6632
6633
6634
6636
6637
6638
6639
6640
6641
6642
6643
6644
6645
6646
6648
6649
6650
6651
6652
6653
6654
6655
6656
6657
6658
6660
6661
6662
6663
6664
6665
6666
6667
6668
6669
6670
6672
6673
6674
6675
6676
6677
6678
6679
6680
6681
6682
6684
6685
6686
6687
6688
6689
6690
6691
6692
6693
6694
6696
6697
6698
6699
6700
6701
6702
6703
6704
6705
6706
6708
6709
6710
6711
6712
6713
6714
6715
6716
6717
6718
6720
6721
6722
6723
6724
6725
6726
6727
6728
6729
6730
6732
6733
6734
6735
6736
6737
6738
6739
6740
6741
6742
6864
6865
6866
6867
6868
6869
6870
6871
6872
6873
6874
6876
6877
6878
6879
6880
6881
6882
6883
6884
6885
6886
6888
6889
6890
6891
6892
6893
6894
6895
6896
6897
6898
6900
6901
6902
6903
6904
6905
6906
6907
6908
6909
6910
6912
6913
6914
6915
6916
6917
6918
6919
6920
6921
6922
6924
6925
6926
6927
6928
6929
6930
6931
6932
6933
6934
6936
6937
6938
6939
6940
6941
6942
6943
6944
6945
6946
6948
6949
6950
6951
6952
6953
6954
6955
6956
6957
6958
6960
6961
6962
6963
6964
6965
6966
6967
6968
6969
6970
6972
6973
6974
6975
6976
6977
6978
6979
6980
6981
6982
7104
7105
7106
7107
7108
7109
7110
7111
7112
7113
7114
7116
7117
7118
7119
7120
7121
7122
7123
7124
7125
7126
7128
7129
7130
7131
7132
7133
7134
7135
7136
7137
7138
7140
7141
7142
7143
7144
7145
7146
7147
7148
7149
7150
7152
7153
7154
7155
7156
7157
7158
7159
7160
7161
7162
7164
7165
7166
7167
7168
7169
7170
7171
7172
7173
7174
7176
7177
7178
7179
7180
7181
7182
7183
7184
7185
7186
7188
7189
7190
7191
7192
7193
7194
7195
7196
7197
7198
7200
7201
7202
7203
7204
7205
7206
7207
7208
7209
7210
7212
7213
7214
7215
7216
7217
7218
7219
7220
7221
7222
7344
7345
7346
7347
7348
7349
7350
7351
7352
7353
7354
7356
7357
7358
7359
7360
7361
7362
7363
7364
7365
7366
7368
7369
7370
7371
7372
7373
7374
7375
7376
7377
7378
7380
7381
7382
7383
7384
7385
7386
7387
7388
7389
7390
7392
7393
7394
7395
7396
7397
7398
7399
7400
7401
7402
7404
7405
7406
7407
7408
7409
7410
7411
7412
7413
7414
7416
7417
7418
7419
7420
7421
7422
7423
7424
7425
7426
7428
7429
7430
7431
7432
7433
7434
7435
7436
7437
7438
7440
7441
7442
7443
7444
7445
7446
7447
7448
7449
7450
7452
7453
7454
7455
7456
7457
7458
7459
7460
7461
7462
7584
7585
7586
7587
7588
7589
7590
7591
7592
7593
7594
7596
7597
7598
7599
7600
7601
7602
7603
7604
7605
7606
7608
7609
7610
7611
7612
7613
7614
7615
7616
7617
7618
7620
7621
7622
7623
7624
7625
7626
7627
7628
7629
7630
7632
7633
7634
7635
7636
7637
7638
7639
7640
7641
7642
7644
7645
7646
7647
7648
7649
7650
7651
7652
7653
7654
7656
7657
7658
7659
7660
7661
7662
7663
7664
7665
7666
7668
7669
7670
7671
7672
7673
7674
7675
7676
7677
7678
7680
7681
7682
7683
7684
7685
7686
7687
7688
7689
7690
7692
7693
7694
7695
7696
7697
7698
7699
7700
7701
7702
7824
7825
7826
7827
7828
7829
7830
7831
7832
7833
7834
7836
7837
7838
7839
7840
7841
7842
7843
7844
7845
7846
7848
7849
7850
7851
7852
7853
7854
7855
7856
7857
7858
7860
7861
7862
7863
7864
7865
7866
7867
7868
7869
7870
7872
7873
7874
7875
7876
7877
7878
7879
7880
7881
7882
7884
7885
7886
7887
7888
7889
7890
7891
7892
7893
7894
7896
7897
7898
7899
7900
7901
7902
7903
7904
7905
7906
7908
7909
7910
7911
7912
7913
7914
7915
7916
7917
7918
7920
7921
7922
7923
7924
7925
7926
7927
7928
7929
7930
7932
7933
7934
7935
7936
7937
7938
7939
7940
7941
7942
9646
9780
9781
9782
9783
9784
9785
9786
9787
9788
9789
9790
9924
9925
9926
9927
9928
9929
9930
9931
9932
9933
9934
10068
10069
10070
10071
10072
10073
10074
10075
10076
10077
10078
10212
10213
10214
10215
10216
10217
10218
10219
10220
10221
10222
10356
10357
10358
10359
10360
10361
10362
10363
10364
10365
10366
10500
10501
10502
10503
10504
10505
10506
10507
10508
10509
10510
10644
10645
10646
10647
10648
10649
10650
10651
10652
10653
10654
10788
10789
10790
10791
10792
10793
10794
10795
10796
10797
10798
10932
10933
10934
10935
10936
10937
10938
10939
10940
10941
10942
11076
11077
11078
11079
11080
11081
11082
11083
11084
11085
11086
)


// ************************************************************************* //
