/*--------------------------------*- C++ -*----------------------------------*\
  =========                 |
  \\      /  F ield         | OpenFOAM: The Open Source CFD Toolbox
   \\    /   O peration     | Website:  https://openfoam.org
    \\  /    A nd           | Version:  7
     \\/     M anipulation  |
\*---------------------------------------------------------------------------*/
FoamFile
{
    version     2.0;
    format      ascii;
    class       labelList;
    location    "constant/polyMesh";
    object      pointProcAddressing;
}
// * * * * * * * * * * * * * * * * * * * * * * * * * * * * * * * * * * * * * //


1667
(
6327
6328
6329
6339
6340
6341
6342
6351
6352
6353
6354
6355
6363
6364
6365
6366
6367
6368
6375
6376
6377
6378
6379
6380
6381
6388
6389
6390
6391
6392
6393
6394
6400
6401
6402
6403
6404
6405
6406
6407
6412
6413
6414
6415
6416
6417
6418
6419
6420
6424
6425
6426
6427
6428
6429
6430
6431
6432
6433
6436
6437
6438
6439
6440
6441
6442
6443
6444
6445
6446
6449
6450
6451
6452
6453
6454
6455
6456
6457
6458
6459
6578
6579
6580
6581
6582
6583
6584
6585
6586
6587
6588
6589
6591
6592
6593
6594
6595
6596
6597
6598
6599
6600
6601
6602
6604
6605
6606
6607
6608
6609
6610
6611
6612
6613
6614
6615
6617
6618
6619
6620
6621
6622
6623
6624
6625
6626
6627
6628
6630
6631
6632
6633
6634
6635
6636
6637
6638
6639
6640
6641
6643
6644
6645
6646
6647
6648
6649
6650
6651
6652
6653
6654
6656
6657
6658
6659
6660
6661
6662
6663
6664
6665
6666
6667
6669
6670
6671
6672
6673
6674
6675
6676
6677
6678
6679
6680
6682
6683
6684
6685
6686
6687
6688
6689
6690
6691
6692
6693
6695
6696
6697
6698
6699
6700
6701
6702
6703
6704
6705
6706
6708
6709
6710
6711
6712
6713
6714
6715
6716
6717
6718
6719
6838
6839
6840
6841
6842
6843
6844
6845
6846
6847
6848
6849
6851
6852
6853
6854
6855
6856
6857
6858
6859
6860
6861
6862
6864
6865
6866
6867
6868
6869
6870
6871
6872
6873
6874
6875
6877
6878
6879
6880
6881
6882
6883
6884
6885
6886
6887
6888
6890
6891
6892
6893
6894
6895
6896
6897
6898
6899
6900
6901
6903
6904
6905
6906
6907
6908
6909
6910
6911
6912
6913
6914
6916
6917
6918
6919
6920
6921
6922
6923
6924
6925
6926
6927
6929
6930
6931
6932
6933
6934
6935
6936
6937
6938
6939
6940
6942
6943
6944
6945
6946
6947
6948
6949
6950
6951
6952
6953
6955
6956
6957
6958
6959
6960
6961
6962
6963
6964
6965
6966
6968
6969
6970
6971
6972
6973
6974
6975
6976
6977
6978
6979
7098
7099
7100
7101
7102
7103
7104
7105
7106
7107
7108
7109
7111
7112
7113
7114
7115
7116
7117
7118
7119
7120
7121
7122
7124
7125
7126
7127
7128
7129
7130
7131
7132
7133
7134
7135
7137
7138
7139
7140
7141
7142
7143
7144
7145
7146
7147
7148
7150
7151
7152
7153
7154
7155
7156
7157
7158
7159
7160
7161
7163
7164
7165
7166
7167
7168
7169
7170
7171
7172
7173
7174
7176
7177
7178
7179
7180
7181
7182
7183
7184
7185
7186
7187
7189
7190
7191
7192
7193
7194
7195
7196
7197
7198
7199
7200
7202
7203
7204
7205
7206
7207
7208
7209
7210
7211
7212
7213
7215
7216
7217
7218
7219
7220
7221
7222
7223
7224
7225
7226
7228
7229
7230
7231
7232
7233
7234
7235
7236
7237
7238
7239
7358
7359
7360
7361
7362
7363
7364
7365
7366
7367
7368
7369
7371
7372
7373
7374
7375
7376
7377
7378
7379
7380
7381
7382
7384
7385
7386
7387
7388
7389
7390
7391
7392
7393
7394
7395
7397
7398
7399
7400
7401
7402
7403
7404
7405
7406
7407
7408
7410
7411
7412
7413
7414
7415
7416
7417
7418
7419
7420
7421
7423
7424
7425
7426
7427
7428
7429
7430
7431
7432
7433
7434
7436
7437
7438
7439
7440
7441
7442
7443
7444
7445
7446
7447
7449
7450
7451
7452
7453
7454
7455
7456
7457
7458
7459
7460
7462
7463
7464
7465
7466
7467
7468
7469
7470
7471
7472
7473
7475
7476
7477
7478
7479
7480
7481
7482
7483
7484
7485
7486
7488
7489
7490
7491
7492
7493
7494
7495
7496
7497
7498
7499
7618
7619
7620
7621
7622
7623
7624
7625
7626
7627
7628
7629
7631
7632
7633
7634
7635
7636
7637
7638
7639
7640
7641
7642
7644
7645
7646
7647
7648
7649
7650
7651
7652
7653
7654
7655
7657
7658
7659
7660
7661
7662
7663
7664
7665
7666
7667
7668
7670
7671
7672
7673
7674
7675
7676
7677
7678
7679
7680
7681
7683
7684
7685
7686
7687
7688
7689
7690
7691
7692
7693
7694
7696
7697
7698
7699
7700
7701
7702
7703
7704
7705
7706
7707
7709
7710
7711
7712
7713
7714
7715
7716
7717
7718
7719
7720
7722
7723
7724
7725
7726
7727
7728
7729
7730
7731
7732
7733
7735
7736
7737
7738
7739
7740
7741
7742
7743
7744
7745
7746
7748
7749
7750
7751
7752
7753
7754
7755
7756
7757
7758
7759
7878
7879
7880
7881
7882
7883
7884
7885
7886
7887
7888
7889
7891
7892
7893
7894
7895
7896
7897
7898
7899
7900
7901
7902
7904
7905
7906
7907
7908
7909
7910
7911
7912
7913
7914
7915
7917
7918
7919
7920
7921
7922
7923
7924
7925
7926
7927
7928
7930
7931
7932
7933
7934
7935
7936
7937
7938
7939
7940
7941
7943
7944
7945
7946
7947
7948
7949
7950
7951
7952
7953
7954
7956
7957
7958
7959
7960
7961
7962
7963
7964
7965
7966
7967
7969
7970
7971
7972
7973
7974
7975
7976
7977
7978
7979
7980
7982
7983
7984
7985
7986
7987
7988
7989
7990
7991
7992
7993
7995
7996
7997
7998
7999
8000
8001
8002
8003
8004
8005
8006
8008
8009
8010
8011
8012
8013
8014
8015
8016
8017
8018
8019
8138
8139
8140
8141
8142
8143
8144
8145
8146
8147
8148
8149
8151
8152
8153
8154
8155
8156
8157
8158
8159
8160
8161
8162
8164
8165
8166
8167
8168
8169
8170
8171
8172
8173
8174
8175
8177
8178
8179
8180
8181
8182
8183
8184
8185
8186
8187
8188
8190
8191
8192
8193
8194
8195
8196
8197
8198
8199
8200
8201
8203
8204
8205
8206
8207
8208
8209
8210
8211
8212
8213
8214
8216
8217
8218
8219
8220
8221
8222
8223
8224
8225
8226
8227
8229
8230
8231
8232
8233
8234
8235
8236
8237
8238
8239
8240
8242
8243
8244
8245
8246
8247
8248
8249
8250
8251
8252
8253
8255
8256
8257
8258
8259
8260
8261
8262
8263
8264
8265
8266
8268
8269
8270
8271
8272
8273
8274
8275
8276
8277
8278
8279
8398
8399
8400
8401
8402
8403
8404
8405
8406
8407
8408
8409
8411
8412
8413
8414
8415
8416
8417
8418
8419
8420
8421
8422
8424
8425
8426
8427
8428
8429
8430
8431
8432
8433
8434
8435
8437
8438
8439
8440
8441
8442
8443
8444
8445
8446
8447
8448
8450
8451
8452
8453
8454
8455
8456
8457
8458
8459
8460
8461
8463
8464
8465
8466
8467
8468
8469
8470
8471
8472
8473
8474
8476
8477
8478
8479
8480
8481
8482
8483
8484
8485
8486
8487
8489
8490
8491
8492
8493
8494
8495
8496
8497
8498
8499
8500
8502
8503
8504
8505
8506
8507
8508
8509
8510
8511
8512
8513
8515
8516
8517
8518
8519
8520
8521
8522
8523
8524
8525
8526
8528
8529
8530
8531
8532
8533
8534
8535
8536
8537
8538
8539
8658
8659
8660
8661
8662
8663
8664
8665
8666
8667
8668
8669
8671
8672
8673
8674
8675
8676
8677
8678
8679
8680
8681
8682
8684
8685
8686
8687
8688
8689
8690
8691
8692
8693
8694
8695
8697
8698
8699
8700
8701
8702
8703
8704
8705
8706
8707
8708
8710
8711
8712
8713
8714
8715
8716
8717
8718
8719
8720
8721
8723
8724
8725
8726
8727
8728
8729
8730
8731
8732
8733
8734
8736
8737
8738
8739
8740
8741
8742
8743
8744
8745
8746
8747
8749
8750
8751
8752
8753
8754
8755
8756
8757
8758
8759
8760
8762
8763
8764
8765
8766
8767
8768
8769
8770
8771
8772
8773
8775
8776
8777
8778
8779
8780
8781
8782
8783
8784
8785
8786
8788
8789
8790
8791
8792
8793
8794
8795
8796
8797
8798
8799
8918
8919
8920
8921
8922
8923
8924
8925
8926
8927
8928
8929
8931
8932
8933
8934
8935
8936
8937
8938
8939
8940
8941
8942
8944
8945
8946
8947
8948
8949
8950
8951
8952
8953
8954
8955
8957
8958
8959
8960
8961
8962
8963
8964
8965
8966
8967
8968
8970
8971
8972
8973
8974
8975
8976
8977
8978
8979
8980
8981
8983
8984
8985
8986
8987
8988
8989
8990
8991
8992
8993
8994
8996
8997
8998
8999
9000
9001
9002
9003
9004
9005
9006
9007
9009
9010
9011
9012
9013
9014
9015
9016
9017
9018
9019
9020
9022
9023
9024
9025
9026
9027
9028
9029
9030
9031
9032
9033
9035
9036
9037
9038
9039
9040
9041
9042
9043
9044
9045
9046
9048
9049
9050
9051
9052
9053
9054
9055
9056
9057
9058
9059
9178
9179
9180
9181
9182
9183
9184
9185
9186
9187
9188
9189
9191
9192
9193
9194
9195
9196
9197
9198
9199
9200
9201
9202
9204
9205
9206
9207
9208
9209
9210
9211
9212
9213
9214
9215
9217
9218
9219
9220
9221
9222
9223
9224
9225
9226
9227
9228
9230
9231
9232
9233
9234
9235
9236
9237
9238
9239
9240
9241
9243
9244
9245
9246
9247
9248
9249
9250
9251
9252
9253
9254
9256
9257
9258
9259
9260
9261
9262
9263
9264
9265
9266
9267
9269
9270
9271
9272
9273
9274
9275
9276
9277
9278
9279
9280
9282
9283
9284
9285
9286
9287
9288
9289
9290
9291
9292
9293
9295
9296
9297
9298
9299
9300
9301
9302
9303
9304
9305
9306
9308
9309
9310
9311
9312
9313
9314
9315
9316
9317
9318
9319
11151
11152
11297
11298
11299
11300
11301
11302
11303
11304
11305
11306
11307
11308
11453
11454
11455
11456
11457
11458
11459
11460
11461
11462
11463
11464
11609
11610
11611
11612
11613
11614
11615
11616
11617
11618
11619
11620
11765
11766
11767
11768
11769
11770
11771
11772
11773
11774
11775
11776
11921
11922
11923
11924
11925
11926
11927
11928
11929
11930
11931
11932
12077
12078
12079
12080
12081
12082
12083
12084
12085
12086
12087
12088
12233
12234
12235
12236
12237
12238
12239
12240
12241
12242
12243
12244
12389
12390
12391
12392
12393
12394
12395
12396
12397
12398
12399
12400
12545
12546
12547
12548
12549
12550
12551
12552
12553
12554
12555
12556
12701
12702
12703
12704
12705
12706
12707
12708
12709
12710
12711
12712
12857
12858
12859
12860
12861
12862
12863
12864
12865
12866
12867
12868
)


// ************************************************************************* //
