/*--------------------------------*- C++ -*----------------------------------*\
  =========                 |
  \\      /  F ield         | OpenFOAM: The Open Source CFD Toolbox
   \\    /   O peration     | Website:  https://openfoam.org
    \\  /    A nd           | Version:  7
     \\/     M anipulation  |
\*---------------------------------------------------------------------------*/
FoamFile
{
    version     2.0;
    format      ascii;
    class       labelList;
    location    "constant/polyMesh";
    object      cellProcAddressing;
}
// * * * * * * * * * * * * * * * * * * * * * * * * * * * * * * * * * * * * * //


1270
(
0
1
2
3
4
5
6
7
8
9
10
144
145
146
147
148
149
150
151
152
153
154
288
289
290
291
292
293
294
295
296
297
298
432
433
434
435
436
437
438
439
440
441
442
576
577
578
579
580
581
582
583
584
585
586
720
721
722
723
724
725
726
727
728
729
730
864
865
866
867
868
869
870
871
872
873
874
1008
1009
1010
1011
1012
1013
1014
1015
1016
1017
1018
1152
1153
1154
1155
1156
1157
1158
1159
1160
1161
1162
1296
1297
1298
1299
1300
1301
1302
1303
1304
1305
1306
1440
3144
3145
3146
3147
3148
3149
3150
3151
3152
3153
3154
3156
3157
3158
3159
3160
3161
3162
3163
3164
3165
3166
3168
3169
3170
3171
3172
3173
3174
3175
3176
3177
3178
3180
3181
3182
3183
3184
3185
3186
3187
3188
3189
3190
3192
3193
3194
3195
3196
3197
3198
3199
3200
3201
3202
3204
3205
3206
3207
3208
3209
3210
3211
3212
3213
3214
3216
3217
3218
3219
3220
3221
3222
3223
3224
3225
3226
3228
3229
3230
3231
3232
3233
3234
3235
3236
3237
3238
3240
3241
3242
3243
3244
3245
3246
3247
3248
3249
3250
3252
3253
3254
3255
3256
3257
3258
3259
3260
3261
3262
3384
3385
3386
3387
3388
3389
3390
3391
3392
3393
3394
3396
3397
3398
3399
3400
3401
3402
3403
3404
3405
3406
3408
3409
3410
3411
3412
3413
3414
3415
3416
3417
3418
3420
3421
3422
3423
3424
3425
3426
3427
3428
3429
3430
3432
3433
3434
3435
3436
3437
3438
3439
3440
3441
3442
3444
3445
3446
3447
3448
3449
3450
3451
3452
3453
3454
3456
3457
3458
3459
3460
3461
3462
3463
3464
3465
3466
3468
3469
3470
3471
3472
3473
3474
3475
3476
3477
3478
3480
3481
3482
3483
3484
3485
3486
3487
3488
3489
3490
3492
3493
3494
3495
3496
3497
3498
3499
3500
3501
3502
3624
3625
3626
3627
3628
3629
3630
3631
3632
3633
3634
3636
3637
3638
3639
3640
3641
3642
3643
3644
3645
3646
3648
3649
3650
3651
3652
3653
3654
3655
3656
3657
3658
3660
3661
3662
3663
3664
3665
3666
3667
3668
3669
3670
3672
3673
3674
3675
3676
3677
3678
3679
3680
3681
3682
3684
3685
3686
3687
3688
3689
3690
3691
3692
3693
3694
3696
3697
3698
3699
3700
3701
3702
3703
3704
3705
3706
3708
3709
3710
3711
3712
3713
3714
3715
3716
3717
3718
3720
3721
3722
3723
3724
3725
3726
3727
3728
3729
3730
3732
3733
3734
3735
3736
3737
3738
3739
3740
3741
3742
3864
3865
3866
3867
3868
3869
3870
3871
3872
3873
3874
3876
3877
3878
3879
3880
3881
3882
3883
3884
3885
3886
3888
3889
3890
3891
3892
3893
3894
3895
3896
3897
3898
3900
3901
3902
3903
3904
3905
3906
3907
3908
3909
3910
3912
3913
3914
3915
3916
3917
3918
3919
3920
3921
3922
3924
3925
3926
3927
3928
3929
3930
3931
3932
3933
3934
3936
3937
3938
3939
3940
3941
3942
3943
3944
3945
3946
3948
3949
3950
3951
3952
3953
3954
3955
3956
3957
3958
3960
3961
3962
3963
3964
3965
3966
3967
3968
3969
3970
3972
3973
3974
3975
3976
3977
3978
3979
3980
3981
3982
4104
4105
4106
4107
4108
4109
4110
4111
4112
4113
4114
4116
4117
4118
4119
4120
4121
4122
4123
4124
4125
4126
4128
4129
4130
4131
4132
4133
4134
4135
4136
4137
4138
4140
4141
4142
4143
4144
4145
4146
4147
4148
4149
4150
4152
4153
4154
4155
4156
4157
4158
4159
4160
4161
4162
4164
4165
4166
4167
4168
4169
4170
4171
4172
4173
4174
4176
4177
4178
4179
4180
4181
4182
4183
4184
4185
4186
4188
4189
4190
4191
4192
4193
4194
4195
4196
4197
4198
4200
4201
4202
4203
4204
4205
4206
4207
4208
4209
4210
4212
4213
4214
4215
4216
4217
4218
4219
4220
4221
4222
4344
4345
4346
4347
4348
4349
4350
4351
4352
4353
4354
4356
4357
4358
4359
4360
4361
4362
4363
4364
4365
4366
4368
4369
4370
4371
4372
4373
4374
4375
4376
4377
4378
4380
4381
4382
4383
4384
4385
4386
4387
4388
4389
4390
4392
4393
4394
4395
4396
4397
4398
4399
4400
4401
4402
4404
4405
4406
4407
4408
4409
4410
4411
4412
4413
4414
4416
4417
4418
4419
4420
4421
4422
4423
4424
4425
4426
4428
4429
4430
4431
4432
4433
4434
4435
4436
4437
4438
4440
4441
4442
4443
4444
4445
4446
4447
4448
4449
4450
4452
4453
4454
4455
4456
4457
4458
4459
4460
4461
4462
4584
4585
4586
4587
4588
4589
4590
4591
4592
4593
4594
4596
4597
4598
4599
4600
4601
4602
4603
4604
4605
4606
4608
4609
4610
4611
4612
4613
4614
4615
4616
4617
4618
4620
4621
4622
4623
4624
4625
4626
4627
4628
4629
4630
4632
4633
4634
4635
4636
4637
4638
4639
4640
4641
4642
4644
4645
4646
4647
4648
4649
4650
4651
4652
4653
4654
4656
4657
4658
4659
4660
4661
4662
4663
4664
4665
4666
4668
4669
4670
4671
4672
4673
4674
4675
4676
4677
4678
4680
4681
4682
4683
4684
4685
4686
4687
4688
4689
4690
4692
4693
4694
4695
4696
4697
4698
4699
4700
4701
4702
4824
4825
4826
4827
4828
4829
4830
4831
4832
4833
4834
4836
4837
4838
4839
4840
4841
4842
4843
4844
4845
4846
4848
4849
4850
4851
4852
4853
4854
4855
4856
4857
4858
4860
4861
4862
4863
4864
4865
4866
4867
4868
4869
4870
4872
4873
4874
4875
4876
4877
4878
4879
4880
4881
4882
4884
4885
4886
4887
4888
4889
4890
4891
4892
4893
4894
4896
4897
4898
4899
4900
4901
4902
4903
4904
4905
4906
4908
4909
4910
4911
4912
4913
4914
4915
4916
4917
4918
4920
4921
4922
4923
4924
4925
4926
4927
4928
4929
4930
4932
4933
4934
4935
4936
4937
4938
4939
4940
4941
4942
5064
5065
5066
5067
5068
5069
5070
5071
5072
5073
5074
5076
5077
5078
5079
5080
5081
5082
5083
5084
5085
5086
5088
5089
5090
5091
5092
5093
5094
5095
5096
5097
5098
5100
5101
5102
5103
5104
5105
5106
5107
5108
5109
5110
5112
5113
5114
5115
5116
5117
5118
5119
5120
5121
5122
5124
5125
5126
5127
5128
5129
5130
5131
5132
5133
5134
5136
5137
5138
5139
5140
5141
5142
5143
5144
5145
5146
5148
5149
5150
5151
5152
5153
5154
5155
5156
5157
5158
5160
5161
5162
5163
5164
5165
5166
5167
5168
5169
5170
5172
5173
5174
5175
5176
5177
5178
5179
5180
5181
5182
5304
5305
5306
5307
5308
5309
5310
5311
5312
5313
5314
5316
5317
5318
5319
5320
5321
5322
5323
5324
5325
5326
5328
5329
5330
5331
5332
5333
5334
5335
5336
5337
5338
5340
5341
5342
5343
5344
5345
5346
5347
5348
5349
5350
5352
5353
5354
5355
5356
5357
5358
5359
5360
5361
5362
5364
5365
5366
5367
5368
5369
5370
5371
5372
5373
5374
5376
5377
5378
5379
5380
5381
5382
5383
5384
5385
5386
5388
5389
5390
5391
5392
5393
5394
5395
5396
5397
5398
5400
5401
5402
5403
5404
5405
5406
5407
5408
5409
5410
5412
5413
5414
5415
5416
5417
5418
5419
5420
5421
5422
5544
5545
5546
5547
5548
5549
5550
5551
5552
5553
5556
5557
5558
5559
5560
5561
5562
5563
5564
5568
5569
5570
5571
5572
5573
5574
5575
5580
5581
5582
5583
5584
5585
5586
5592
5593
5594
5595
5596
5597
5604
5605
5606
5607
5608
5616
5617
5618
5619
5620
5628
5629
5630
5631
5640
5641
5642
5652
5653
)


// ************************************************************************* //
