/*--------------------------------*- C++ -*----------------------------------*\
  =========                 |
  \\      /  F ield         | OpenFOAM: The Open Source CFD Toolbox
   \\    /   O peration     | Website:  https://openfoam.org
    \\  /    A nd           | Version:  7
     \\/     M anipulation  |
\*---------------------------------------------------------------------------*/
FoamFile
{
    version     2.0;
    format      ascii;
    class       labelList;
    location    "constant/polyMesh";
    object      faceProcAddressing;
}
// * * * * * * * * * * * * * * * * * * * * * * * * * * * * * * * * * * * * * //


4172
(
1
3
4
5
7
8
9
11
12
13
15
16
17
19
20
21
23
24
25
27
28
29
31
32
33
35
36
37
39
40
43
44
433
435
436
437
439
440
441
443
444
445
447
448
449
451
452
453
455
456
457
459
460
461
463
464
465
467
468
469
471
472
475
476
865
867
868
869
871
872
873
875
876
877
879
880
881
883
884
885
887
888
889
891
892
893
895
896
897
899
900
901
903
904
907
908
1297
1299
1300
1301
1303
1304
1305
1307
1308
1309
1311
1312
1313
1315
1316
1317
1319
1320
1321
1323
1324
1325
1327
1328
1329
1331
1332
1333
1335
1336
1339
1340
1729
1731
1732
1733
1735
1736
1737
1739
1740
1741
1743
1744
1745
1747
1748
1749
1751
1752
1753
1755
1756
1757
1759
1760
1761
1763
1764
1765
1767
1768
1771
1772
2161
2163
2164
2165
2167
2168
2169
2171
2172
2173
2175
2176
2177
2179
2180
2181
2183
2184
2185
2187
2188
2189
2191
2192
2193
2195
2196
2197
2199
2200
2203
2204
2593
2595
2596
2597
2599
2600
2601
2603
2604
2605
2607
2608
2609
2611
2612
2613
2615
2616
2617
2619
2620
2621
2623
2624
2625
2627
2628
2629
2631
2632
2635
2636
3025
3027
3028
3029
3031
3032
3033
3035
3036
3037
3039
3040
3041
3043
3044
3045
3047
3048
3049
3051
3052
3053
3055
3056
3057
3059
3060
3061
3063
3064
3067
3068
3457
3459
3460
3461
3463
3464
3465
3467
3468
3469
3471
3472
3473
3475
3476
3477
3479
3480
3481
3483
3484
3485
3487
3488
3489
3491
3492
3493
3495
3496
3499
3500
3889
3891
3892
3893
3896
3897
3900
3901
3904
3905
3908
3909
3912
3913
3916
3917
3920
3921
3924
3925
3928
3932
4324
9301
9302
9303
9304
9305
9306
9307
9308
9309
9310
9311
9312
9313
9314
9315
9316
9317
9318
9319
9320
9321
9322
9323
9324
9325
9326
9327
9328
9329
9330
9332
9333
9337
9338
9339
9340
9341
9342
9343
9344
9345
9346
9347
9348
9349
9350
9351
9352
9353
9354
9355
9356
9357
9358
9359
9360
9361
9362
9363
9364
9365
9366
9368
9369
9373
9374
9375
9376
9377
9378
9379
9380
9381
9382
9383
9384
9385
9386
9387
9388
9389
9390
9391
9392
9393
9394
9395
9396
9397
9398
9399
9400
9401
9402
9404
9405
9409
9410
9411
9412
9413
9414
9415
9416
9417
9418
9419
9420
9421
9422
9423
9424
9425
9426
9427
9428
9429
9430
9431
9432
9433
9434
9435
9436
9437
9438
9440
9441
9445
9446
9447
9448
9449
9450
9451
9452
9453
9454
9455
9456
9457
9458
9459
9460
9461
9462
9463
9464
9465
9466
9467
9468
9469
9470
9471
9472
9473
9474
9476
9477
9481
9482
9483
9484
9485
9486
9487
9488
9489
9490
9491
9492
9493
9494
9495
9496
9497
9498
9499
9500
9501
9502
9503
9504
9505
9506
9507
9508
9509
9510
9512
9513
9517
9518
9519
9520
9521
9522
9523
9524
9525
9526
9527
9528
9529
9530
9531
9532
9533
9534
9535
9536
9537
9538
9539
9540
9541
9542
9543
9544
9545
9546
9548
9549
9553
9554
9555
9556
9557
9558
9559
9560
9561
9562
9563
9564
9565
9566
9567
9568
9569
9570
9571
9572
9573
9574
9575
9576
9577
9578
9579
9580
9581
9582
9584
9585
9589
9590
9591
9592
9593
9594
9595
9596
9597
9598
9599
9600
9601
9602
9603
9604
9605
9606
9607
9608
9609
9610
9611
9612
9613
9614
9615
9616
9617
9618
9620
9621
9625
9626
9627
9628
9629
9630
9631
9632
9633
9634
9635
9636
9637
9638
9639
9640
9641
9642
9643
9644
9646
10021
10022
10023
10024
10025
10026
10027
10028
10029
10030
10031
10032
10033
10034
10035
10036
10037
10038
10039
10040
10041
10042
10043
10044
10045
10046
10047
10048
10049
10050
10052
10053
10057
10058
10059
10060
10061
10062
10063
10064
10065
10066
10067
10068
10069
10070
10071
10072
10073
10074
10075
10076
10077
10078
10079
10080
10081
10082
10083
10084
10085
10086
10088
10089
10093
10094
10095
10096
10097
10098
10099
10100
10101
10102
10103
10104
10105
10106
10107
10108
10109
10110
10111
10112
10113
10114
10115
10116
10117
10118
10119
10120
10121
10122
10124
10125
10129
10130
10131
10132
10133
10134
10135
10136
10137
10138
10139
10140
10141
10142
10143
10144
10145
10146
10147
10148
10149
10150
10151
10152
10153
10154
10155
10156
10157
10158
10160
10161
10165
10166
10167
10168
10169
10170
10171
10172
10173
10174
10175
10176
10177
10178
10179
10180
10181
10182
10183
10184
10185
10186
10187
10188
10189
10190
10191
10192
10193
10194
10196
10197
10201
10202
10203
10204
10205
10206
10207
10208
10209
10210
10211
10212
10213
10214
10215
10216
10217
10218
10219
10220
10221
10222
10223
10224
10225
10226
10227
10228
10229
10230
10232
10233
10237
10238
10239
10240
10241
10242
10243
10244
10245
10246
10247
10248
10249
10250
10251
10252
10253
10254
10255
10256
10257
10258
10259
10260
10261
10262
10263
10264
10265
10266
10268
10269
10273
10274
10275
10276
10277
10278
10279
10280
10281
10282
10283
10284
10285
10286
10287
10288
10289
10290
10291
10292
10293
10294
10295
10296
10297
10298
10299
10300
10301
10302
10304
10305
10309
10310
10311
10312
10313
10314
10315
10316
10317
10318
10319
10320
10321
10322
10323
10324
10325
10326
10327
10328
10329
10330
10331
10332
10333
10334
10335
10336
10337
10338
10340
10341
10345
10346
10347
10348
10349
10350
10351
10352
10353
10354
10355
10356
10357
10358
10359
10360
10361
10362
10363
10364
10366
10741
10742
10743
10744
10745
10746
10747
10748
10749
10750
10751
10752
10753
10754
10755
10756
10757
10758
10759
10760
10761
10762
10763
10764
10765
10766
10767
10768
10769
10770
10772
10773
10777
10778
10779
10780
10781
10782
10783
10784
10785
10786
10787
10788
10789
10790
10791
10792
10793
10794
10795
10796
10797
10798
10799
10800
10801
10802
10803
10804
10805
10806
10808
10809
10813
10814
10815
10816
10817
10818
10819
10820
10821
10822
10823
10824
10825
10826
10827
10828
10829
10830
10831
10832
10833
10834
10835
10836
10837
10838
10839
10840
10841
10842
10844
10845
10849
10850
10851
10852
10853
10854
10855
10856
10857
10858
10859
10860
10861
10862
10863
10864
10865
10866
10867
10868
10869
10870
10871
10872
10873
10874
10875
10876
10877
10878
10880
10881
10885
10886
10887
10888
10889
10890
10891
10892
10893
10894
10895
10896
10897
10898
10899
10900
10901
10902
10903
10904
10905
10906
10907
10908
10909
10910
10911
10912
10913
10914
10916
10917
10921
10922
10923
10924
10925
10926
10927
10928
10929
10930
10931
10932
10933
10934
10935
10936
10937
10938
10939
10940
10941
10942
10943
10944
10945
10946
10947
10948
10949
10950
10952
10953
10957
10958
10959
10960
10961
10962
10963
10964
10965
10966
10967
10968
10969
10970
10971
10972
10973
10974
10975
10976
10977
10978
10979
10980
10981
10982
10983
10984
10985
10986
10988
10989
10993
10994
10995
10996
10997
10998
10999
11000
11001
11002
11003
11004
11005
11006
11007
11008
11009
11010
11011
11012
11013
11014
11015
11016
11017
11018
11019
11020
11021
11022
11024
11025
11029
11030
11031
11032
11033
11034
11035
11036
11037
11038
11039
11040
11041
11042
11043
11044
11045
11046
11047
11048
11049
11050
11051
11052
11053
11054
11055
11056
11057
11058
11060
11061
11065
11066
11067
11068
11069
11070
11071
11072
11073
11074
11075
11076
11077
11078
11079
11080
11081
11082
11083
11084
11086
11461
11462
11463
11464
11465
11466
11467
11468
11469
11470
11471
11472
11473
11474
11475
11476
11477
11478
11479
11480
11481
11482
11483
11484
11485
11486
11487
11488
11489
11490
11492
11493
11497
11498
11499
11500
11501
11502
11503
11504
11505
11506
11507
11508
11509
11510
11511
11512
11513
11514
11515
11516
11517
11518
11519
11520
11521
11522
11523
11524
11525
11526
11528
11529
11533
11534
11535
11536
11537
11538
11539
11540
11541
11542
11543
11544
11545
11546
11547
11548
11549
11550
11551
11552
11553
11554
11555
11556
11557
11558
11559
11560
11561
11562
11564
11565
11569
11570
11571
11572
11573
11574
11575
11576
11577
11578
11579
11580
11581
11582
11583
11584
11585
11586
11587
11588
11589
11590
11591
11592
11593
11594
11595
11596
11597
11598
11600
11601
11605
11606
11607
11608
11609
11610
11611
11612
11613
11614
11615
11616
11617
11618
11619
11620
11621
11622
11623
11624
11625
11626
11627
11628
11629
11630
11631
11632
11633
11634
11636
11637
11641
11642
11643
11644
11645
11646
11647
11648
11649
11650
11651
11652
11653
11654
11655
11656
11657
11658
11659
11660
11661
11662
11663
11664
11665
11666
11667
11668
11669
11670
11672
11673
11677
11678
11679
11680
11681
11682
11683
11684
11685
11686
11687
11688
11689
11690
11691
11692
11693
11694
11695
11696
11697
11698
11699
11700
11701
11702
11703
11704
11705
11706
11708
11709
11713
11714
11715
11716
11717
11718
11719
11720
11721
11722
11723
11724
11725
11726
11727
11728
11729
11730
11731
11732
11733
11734
11735
11736
11737
11738
11739
11740
11741
11742
11744
11745
11749
11750
11751
11752
11753
11754
11755
11756
11757
11758
11759
11760
11761
11762
11763
11764
11765
11766
11767
11768
11769
11770
11771
11772
11773
11774
11775
11776
11777
11778
11780
11781
11785
11786
11787
11788
11789
11790
11791
11792
11793
11794
11795
11796
11797
11798
11799
11800
11801
11802
11803
11804
11806
12181
12182
12183
12184
12185
12186
12187
12188
12189
12190
12191
12192
12193
12194
12195
12196
12197
12198
12199
12200
12201
12202
12203
12204
12205
12206
12207
12208
12209
12210
12212
12213
12217
12218
12219
12220
12221
12222
12223
12224
12225
12226
12227
12228
12229
12230
12231
12232
12233
12234
12235
12236
12237
12238
12239
12240
12241
12242
12243
12244
12245
12246
12248
12249
12253
12254
12255
12256
12257
12258
12259
12260
12261
12262
12263
12264
12265
12266
12267
12268
12269
12270
12271
12272
12273
12274
12275
12276
12277
12278
12279
12280
12281
12282
12284
12285
12289
12290
12291
12292
12293
12294
12295
12296
12297
12298
12299
12300
12301
12302
12303
12304
12305
12306
12307
12308
12309
12310
12311
12312
12313
12314
12315
12316
12317
12318
12320
12321
12325
12326
12327
12328
12329
12330
12331
12332
12333
12334
12335
12336
12337
12338
12339
12340
12341
12342
12343
12344
12345
12346
12347
12348
12349
12350
12351
12352
12353
12354
12356
12357
12361
12362
12363
12364
12365
12366
12367
12368
12369
12370
12371
12372
12373
12374
12375
12376
12377
12378
12379
12380
12381
12382
12383
12384
12385
12386
12387
12388
12389
12390
12392
12393
12397
12398
12399
12400
12401
12402
12403
12404
12405
12406
12407
12408
12409
12410
12411
12412
12413
12414
12415
12416
12417
12418
12419
12420
12421
12422
12423
12424
12425
12426
12428
12429
12433
12434
12435
12436
12437
12438
12439
12440
12441
12442
12443
12444
12445
12446
12447
12448
12449
12450
12451
12452
12453
12454
12455
12456
12457
12458
12459
12460
12461
12462
12464
12465
12469
12470
12471
12472
12473
12474
12475
12476
12477
12478
12479
12480
12481
12482
12483
12484
12485
12486
12487
12488
12489
12490
12491
12492
12493
12494
12495
12496
12497
12498
12500
12501
12505
12506
12507
12508
12509
12510
12511
12512
12513
12514
12515
12516
12517
12518
12519
12520
12521
12522
12523
12524
12526
12901
12902
12903
12904
12905
12906
12907
12908
12909
12910
12911
12912
12913
12914
12915
12916
12917
12918
12919
12920
12921
12922
12923
12924
12925
12926
12927
12928
12929
12930
12932
12933
12937
12938
12939
12940
12941
12942
12943
12944
12945
12946
12947
12948
12949
12950
12951
12952
12953
12954
12955
12956
12957
12958
12959
12960
12961
12962
12963
12964
12965
12966
12968
12969
12973
12974
12975
12976
12977
12978
12979
12980
12981
12982
12983
12984
12985
12986
12987
12988
12989
12990
12991
12992
12993
12994
12995
12996
12997
12998
12999
13000
13001
13002
13004
13005
13009
13010
13011
13012
13013
13014
13015
13016
13017
13018
13019
13020
13021
13022
13023
13024
13025
13026
13027
13028
13029
13030
13031
13032
13033
13034
13035
13036
13037
13038
13040
13041
13045
13046
13047
13048
13049
13050
13051
13052
13053
13054
13055
13056
13057
13058
13059
13060
13061
13062
13063
13064
13065
13066
13067
13068
13069
13070
13071
13072
13073
13074
13076
13077
13081
13082
13083
13084
13085
13086
13087
13088
13089
13090
13091
13092
13093
13094
13095
13096
13097
13098
13099
13100
13101
13102
13103
13104
13105
13106
13107
13108
13109
13110
13112
13113
13117
13118
13119
13120
13121
13122
13123
13124
13125
13126
13127
13128
13129
13130
13131
13132
13133
13134
13135
13136
13137
13138
13139
13140
13141
13142
13143
13144
13145
13146
13148
13149
13153
13154
13155
13156
13157
13158
13159
13160
13161
13162
13163
13164
13165
13166
13167
13168
13169
13170
13171
13172
13173
13174
13175
13176
13177
13178
13179
13180
13181
13182
13184
13185
13189
13190
13191
13192
13193
13194
13195
13196
13197
13198
13199
13200
13201
13202
13203
13204
13205
13206
13207
13208
13209
13210
13211
13212
13213
13214
13215
13216
13217
13218
13220
13221
13225
13226
13227
13228
13229
13230
13231
13232
13233
13234
13235
13236
13237
13238
13239
13240
13241
13242
13243
13244
13246
13621
13622
13623
13624
13625
13626
13627
13628
13629
13630
13631
13632
13633
13634
13635
13636
13637
13638
13639
13640
13641
13642
13643
13644
13645
13646
13647
13648
13649
13650
13652
13653
13657
13658
13659
13660
13661
13662
13663
13664
13665
13666
13667
13668
13669
13670
13671
13672
13673
13674
13675
13676
13677
13678
13679
13680
13681
13682
13683
13684
13685
13686
13688
13689
13693
13694
13695
13696
13697
13698
13699
13700
13701
13702
13703
13704
13705
13706
13707
13708
13709
13710
13711
13712
13713
13714
13715
13716
13717
13718
13719
13720
13721
13722
13724
13725
13729
13730
13731
13732
13733
13734
13735
13736
13737
13738
13739
13740
13741
13742
13743
13744
13745
13746
13747
13748
13749
13750
13751
13752
13753
13754
13755
13756
13757
13758
13760
13761
13765
13766
13767
13768
13769
13770
13771
13772
13773
13774
13775
13776
13777
13778
13779
13780
13781
13782
13783
13784
13785
13786
13787
13788
13789
13790
13791
13792
13793
13794
13796
13797
13801
13802
13803
13804
13805
13806
13807
13808
13809
13810
13811
13812
13813
13814
13815
13816
13817
13818
13819
13820
13821
13822
13823
13824
13825
13826
13827
13828
13829
13830
13832
13833
13837
13838
13839
13840
13841
13842
13843
13844
13845
13846
13847
13848
13849
13850
13851
13852
13853
13854
13855
13856
13857
13858
13859
13860
13861
13862
13863
13864
13865
13866
13868
13869
13873
13874
13875
13876
13877
13878
13879
13880
13881
13882
13883
13884
13885
13886
13887
13888
13889
13890
13891
13892
13893
13894
13895
13896
13897
13898
13899
13900
13901
13902
13904
13905
13909
13910
13911
13912
13913
13914
13915
13916
13917
13918
13919
13920
13921
13922
13923
13924
13925
13926
13927
13928
13929
13930
13931
13932
13933
13934
13935
13936
13937
13938
13940
13941
13945
13946
13947
13948
13949
13950
13951
13952
13953
13954
13955
13956
13957
13958
13959
13960
13961
13962
13963
13964
13966
14341
14342
14343
14344
14345
14346
14347
14348
14349
14350
14351
14352
14353
14354
14355
14356
14357
14358
14359
14360
14361
14362
14363
14364
14365
14366
14367
14368
14369
14370
14372
14373
14377
14378
14379
14380
14381
14382
14383
14384
14385
14386
14387
14388
14389
14390
14391
14392
14393
14394
14395
14396
14397
14398
14399
14400
14401
14402
14403
14404
14405
14406
14408
14409
14413
14414
14415
14416
14417
14418
14419
14420
14421
14422
14423
14424
14425
14426
14427
14428
14429
14430
14431
14432
14433
14434
14435
14436
14437
14438
14439
14440
14441
14442
14444
14445
14449
14450
14451
14452
14453
14454
14455
14456
14457
14458
14459
14460
14461
14462
14463
14464
14465
14466
14467
14468
14469
14470
14471
14472
14473
14474
14475
14476
14477
14478
14480
14481
14485
14486
14487
14488
14489
14490
14491
14492
14493
14494
14495
14496
14497
14498
14499
14500
14501
14502
14503
14504
14505
14506
14507
14508
14509
14510
14511
14512
14513
14514
14516
14517
14521
14522
14523
14524
14525
14526
14527
14528
14529
14530
14531
14532
14533
14534
14535
14536
14537
14538
14539
14540
14541
14542
14543
14544
14545
14546
14547
14548
14549
14550
14552
14553
14557
14558
14559
14560
14561
14562
14563
14564
14565
14566
14567
14568
14569
14570
14571
14572
14573
14574
14575
14576
14577
14578
14579
14580
14581
14582
14583
14584
14585
14586
14588
14589
14593
14594
14595
14596
14597
14598
14599
14600
14601
14602
14603
14604
14605
14606
14607
14608
14609
14610
14611
14612
14613
14614
14615
14616
14617
14618
14619
14620
14621
14622
14624
14625
14629
14630
14631
14632
14633
14634
14635
14636
14637
14638
14639
14640
14641
14642
14643
14644
14645
14646
14647
14648
14649
14650
14651
14652
14653
14654
14655
14656
14657
14658
14660
14661
14665
14666
14667
14668
14669
14670
14671
14672
14673
14674
14675
14676
14677
14678
14679
14680
14681
14682
14683
14684
14686
15061
15062
15063
15064
15065
15066
15067
15068
15069
15070
15071
15072
15073
15074
15075
15076
15077
15078
15079
15080
15081
15082
15083
15084
15085
15086
15087
15088
15089
15090
15092
15093
15097
15098
15099
15100
15101
15102
15103
15104
15105
15106
15107
15108
15109
15110
15111
15112
15113
15114
15115
15116
15117
15118
15119
15120
15121
15122
15123
15124
15125
15126
15128
15129
15133
15134
15135
15136
15137
15138
15139
15140
15141
15142
15143
15144
15145
15146
15147
15148
15149
15150
15151
15152
15153
15154
15155
15156
15157
15158
15159
15160
15161
15162
15164
15165
15169
15170
15171
15172
15173
15174
15175
15176
15177
15178
15179
15180
15181
15182
15183
15184
15185
15186
15187
15188
15189
15190
15191
15192
15193
15194
15195
15196
15197
15198
15200
15201
15205
15206
15207
15208
15209
15210
15211
15212
15213
15214
15215
15216
15217
15218
15219
15220
15221
15222
15223
15224
15225
15226
15227
15228
15229
15230
15231
15232
15233
15234
15236
15237
15241
15242
15243
15244
15245
15246
15247
15248
15249
15250
15251
15252
15253
15254
15255
15256
15257
15258
15259
15260
15261
15262
15263
15264
15265
15266
15267
15268
15269
15270
15272
15273
15277
15278
15279
15280
15281
15282
15283
15284
15285
15286
15287
15288
15289
15290
15291
15292
15293
15294
15295
15296
15297
15298
15299
15300
15301
15302
15303
15304
15305
15306
15308
15309
15313
15314
15315
15316
15317
15318
15319
15320
15321
15322
15323
15324
15325
15326
15327
15328
15329
15330
15331
15332
15333
15334
15335
15336
15337
15338
15339
15340
15341
15342
15344
15345
15349
15350
15351
15352
15353
15354
15355
15356
15357
15358
15359
15360
15361
15362
15363
15364
15365
15366
15367
15368
15369
15370
15371
15372
15373
15374
15375
15376
15377
15378
15380
15381
15385
15386
15387
15388
15389
15390
15391
15392
15393
15394
15395
15396
15397
15398
15399
15400
15401
15402
15403
15404
15406
15781
15782
15783
15784
15785
15786
15787
15788
15789
15790
15791
15792
15793
15794
15795
15796
15797
15798
15799
15800
15801
15802
15803
15804
15805
15806
15807
15808
15809
15810
15812
15817
15818
15819
15820
15821
15822
15823
15824
15825
15826
15827
15828
15829
15830
15831
15832
15833
15834
15835
15836
15837
15838
15839
15840
15841
15842
15843
15844
15845
15848
15853
15854
15855
15856
15857
15858
15859
15860
15861
15862
15863
15864
15865
15866
15867
15868
15869
15870
15871
15872
15873
15874
15875
15876
15877
15878
15880
15881
15884
15889
15890
15891
15892
15893
15894
15895
15896
15897
15898
15899
15900
15901
15902
15903
15904
15905
15906
15907
15908
15909
15910
15911
15913
15914
15916
15917
15920
15925
15926
15927
15928
15929
15930
15931
15932
15933
15934
15935
15936
15937
15938
15939
15940
15941
15942
15943
15944
15946
15947
15949
15950
15952
15953
15956
15961
15962
15963
15964
15965
15966
15967
15968
15969
15970
15971
15972
15973
15974
15975
15976
15977
15979
15980
15982
15983
15985
15986
15988
15989
15992
15997
15998
15999
16000
16001
16002
16003
16004
16005
16006
16007
16008
16009
16010
16011
16012
16013
16015
16016
16018
16019
16021
16022
16024
16025
16028
16033
16034
16035
16036
16037
16038
16039
16040
16041
16042
16043
16044
16045
16046
16048
16049
16051
16052
16054
16055
16057
16058
16060
16061
16064
16069
16070
16071
16072
16073
16074
16075
16076
16077
16078
16079
16081
16082
16084
16085
16087
16088
16090
16091
16093
16094
16096
16097
16100
16105
16106
16107
16108
16109
16111
16113
16115
16117
16119
16121
16123
16501
16502
16504
16505
16507
16508
16510
16511
16513
16514
16516
16517
16519
16520
16522
16523
16525
16526
16537
16538
16540
16541
16543
16544
16546
16547
16549
16550
16552
16553
16555
16556
16558
16559
16573
16574
16576
16577
16579
16580
16582
16583
16585
16586
16588
16589
16591
16592
16609
16610
16612
16613
16615
16616
16618
16619
16621
16622
16624
16625
16645
16646
16648
16649
16651
16652
16654
16655
16657
16658
16681
16682
16684
16685
16687
16688
16690
16691
16694
16717
16718
16720
16721
16723
16724
16726
16727
16753
16754
16756
16757
16759
16760
16789
16790
16792
16793
16825
120295
120296
120297
120298
120299
120300
120301
120302
120303
120304
120315
120316
120317
120318
120319
120320
120321
120322
120323
120324
120335
120336
120337
120338
120339
120340
120341
120342
120343
120344
120355
120356
120357
120358
120359
120360
120361
120362
120363
120364
120375
120376
120377
120378
120379
120380
120381
120382
120383
120384
120395
120396
120397
120398
120399
120400
120401
120402
120403
120404
120415
120416
120417
120418
120419
120420
120421
120422
120423
120424
120435
120436
120437
120438
120439
120440
120441
120442
120443
120444
120455
120456
120457
120458
120459
120460
120461
120462
120463
120464
120475
120476
120477
120478
120479
120480
120481
120482
120483
120484
120495
120496
120497
120498
120499
120500
120501
120502
120503
120504
120705
120717
120729
120741
120753
120765
120777
120789
120801
120813
120825
122419
122420
122421
122422
122423
122424
122425
122426
122427
122428
122439
122440
122441
122442
122443
122444
122445
122446
122447
122448
122459
122460
122461
122462
122463
122464
122465
122466
122467
122468
122479
122480
122481
122482
122483
122484
122485
122486
122487
122488
122499
122500
122501
122502
122503
122504
122505
122506
122507
122508
122519
122520
122521
122522
122523
122524
122525
122526
122527
122528
122539
122540
122541
122542
122543
122544
122545
122546
122547
122548
122559
122560
122561
122562
122563
122564
122565
122566
122567
122568
122579
122580
122581
122582
122583
122584
122585
122586
122587
122588
122599
122600
122601
122602
122603
122604
122605
122606
122607
122608
122619
122620
122621
122622
122623
122624
122625
122626
122627
122628
123289
123301
123313
123325
123337
123349
123361
123373
123385
123397
123409
-9266
-9269
-9272
-9275
-9278
-9281
-9284
-9287
-9290
-9293
-9296
-9986
-9989
-9992
-9995
-9998
-10001
-10004
-10007
-10010
-10013
-10016
-10706
-10709
-10712
-10715
-10718
-10721
-10724
-10727
-10730
-10733
-10736
-11426
-11429
-11432
-11435
-11438
-11441
-11444
-11447
-11450
-11453
-11456
-12146
-12149
-12152
-12155
-12158
-12161
-12164
-12167
-12170
-12173
-12176
-12866
-12869
-12872
-12875
-12878
-12881
-12884
-12887
-12890
-12893
-12896
-13586
-13589
-13592
-13595
-13598
-13601
-13604
-13607
-13610
-13613
-13616
-14306
-14309
-14312
-14315
-14318
-14321
-14324
-14327
-14330
-14333
-14336
-15026
-15029
-15032
-15035
-15038
-15041
-15044
-15047
-15050
-15053
-15056
-15746
-15749
-15752
-15755
-15758
-15761
-15764
-15767
-15770
-15773
-15776
-16466
41
473
905
1337
1769
2201
2633
3065
3497
3929
9331
9367
9403
9439
9475
9511
9547
9583
9619
9645
10051
10087
10123
10159
10195
10231
10267
10303
10339
10365
10771
10807
10843
10879
10915
10951
10987
11023
11059
11085
11491
11527
11563
11599
11635
11671
11707
11743
11779
11805
12211
12247
12283
12319
12355
12391
12427
12463
12499
12525
12931
12967
13003
13039
13075
13111
13147
13183
13219
13245
13651
13687
13723
13759
13795
13831
13867
13903
13939
13965
14371
14407
14443
14479
14515
14551
14587
14623
14659
14685
15091
15127
15163
15199
15235
15271
15307
15343
15379
15405
15811
15847
15883
15919
15955
15991
16027
16063
16099
16125
2
6
10
14
18
22
26
30
34
38
42
434
438
442
446
450
454
458
462
466
470
474
866
870
874
878
882
886
890
894
898
902
906
1298
1302
1306
1310
1314
1318
1322
1326
1330
1334
1338
1730
1734
1738
1742
1746
1750
1754
1758
1762
1766
1770
2162
2166
2170
2174
2178
2182
2186
2190
2194
2198
2202
2594
2598
2602
2606
2610
2614
2618
2622
2626
2630
2634
3026
3030
3034
3038
3042
3046
3050
3054
3058
3062
3066
3458
3462
3466
3470
3474
3478
3482
3486
3490
3494
3498
3890
3894
3898
3902
3906
3910
3914
3918
3922
3926
3930
4322
-16469
-16472
-16475
-16478
-16481
-16484
-16487
-16490
-16493
3895
3899
3903
3907
3911
3915
3919
3923
3927
3931
4321
4323
-4328
15813
15846
15849
15879
15882
15885
15912
15915
15918
15921
15945
15948
15951
15954
15957
15978
15981
15984
15987
15990
15993
16014
16017
16020
16023
16026
16029
16047
16050
16053
16056
16059
16062
16065
16080
16083
16086
16089
16092
16095
16098
16101
16110
16112
16114
16116
16118
16120
16122
16124
16126
16503
16506
16509
16512
16515
16518
16521
16524
16527
16528
16529
16530
16539
16542
16545
16548
16551
16554
16557
16560
16561
16562
16563
16575
16578
16581
16584
16587
16590
16593
16594
16595
16596
16611
16614
16617
16620
16623
16626
16627
16628
16629
16647
16650
16653
16656
16659
16660
16661
16662
16683
16686
16689
16692
16693
16695
16719
16722
16725
16728
16729
16730
16731
16755
16758
16761
16762
16763
16764
16791
16794
16795
16796
16797
16826
16827
16828
)


// ************************************************************************* //
