/*--------------------------------*- C++ -*----------------------------------*\
  =========                 |
  \\      /  F ield         | OpenFOAM: The Open Source CFD Toolbox
   \\    /   O peration     | Website:  https://openfoam.org
    \\  /    A nd           | Version:  7
     \\/     M anipulation  |
\*---------------------------------------------------------------------------*/
FoamFile
{
    version     2.0;
    format      ascii;
    class       labelList;
    location    "constant/polyMesh";
    object      pointProcAddressing;
}
// * * * * * * * * * * * * * * * * * * * * * * * * * * * * * * * * * * * * * //


1666
(
0
1
2
3
4
5
6
7
8
9
10
11
13
14
15
16
17
18
19
20
21
22
23
24
169
170
171
172
173
174
175
176
177
178
179
180
182
183
184
185
186
187
188
189
190
191
192
193
338
339
340
341
342
343
344
345
346
347
348
349
351
352
353
354
355
356
357
358
359
360
361
362
507
508
509
510
511
512
513
514
515
516
517
518
520
521
522
523
524
525
526
527
528
529
530
531
676
677
678
679
680
681
682
683
684
685
686
687
689
690
691
692
693
694
695
696
697
698
699
700
845
846
847
848
849
850
851
852
853
854
855
856
858
859
860
861
862
863
864
865
866
867
868
869
1014
1015
1016
1017
1018
1019
1020
1021
1022
1023
1024
1025
1027
1028
1029
1030
1031
1032
1033
1034
1035
1036
1037
1038
1183
1184
1185
1186
1187
1188
1189
1190
1191
1192
1193
1194
1196
1197
1198
1199
1200
1201
1202
1203
1204
1205
1206
1207
1352
1353
1354
1355
1356
1357
1358
1359
1360
1361
1362
1363
1365
1366
1367
1368
1369
1370
1371
1372
1373
1374
1375
1376
1521
1522
1523
1524
1525
1526
1527
1528
1529
1530
1531
1532
1534
1535
1536
1537
1538
1539
1540
1541
1542
1543
1544
1545
1690
1691
1692
1693
1694
1695
1696
1697
1698
1699
1700
1701
1703
1704
1705
1706
1707
1708
1709
1710
1711
1712
1713
1714
1859
1860
1861
1872
1873
3848
3849
3850
3851
3852
3853
3854
3855
3856
3857
3858
3859
3861
3862
3863
3864
3865
3866
3867
3868
3869
3870
3871
3872
3874
3875
3876
3877
3878
3879
3880
3881
3882
3883
3884
3885
3887
3888
3889
3890
3891
3892
3893
3894
3895
3896
3897
3898
3900
3901
3902
3903
3904
3905
3906
3907
3908
3909
3910
3911
3913
3914
3915
3916
3917
3918
3919
3920
3921
3922
3923
3924
3926
3927
3928
3929
3930
3931
3932
3933
3934
3935
3936
3937
3939
3940
3941
3942
3943
3944
3945
3946
3947
3948
3949
3950
3952
3953
3954
3955
3956
3957
3958
3959
3960
3961
3962
3963
3965
3966
3967
3968
3969
3970
3971
3972
3973
3974
3975
3976
4108
4109
4110
4111
4112
4113
4114
4115
4116
4117
4118
4119
4121
4122
4123
4124
4125
4126
4127
4128
4129
4130
4131
4132
4134
4135
4136
4137
4138
4139
4140
4141
4142
4143
4144
4145
4147
4148
4149
4150
4151
4152
4153
4154
4155
4156
4157
4158
4160
4161
4162
4163
4164
4165
4166
4167
4168
4169
4170
4171
4173
4174
4175
4176
4177
4178
4179
4180
4181
4182
4183
4184
4186
4187
4188
4189
4190
4191
4192
4193
4194
4195
4196
4197
4199
4200
4201
4202
4203
4204
4205
4206
4207
4208
4209
4210
4212
4213
4214
4215
4216
4217
4218
4219
4220
4221
4222
4223
4225
4226
4227
4228
4229
4230
4231
4232
4233
4234
4235
4236
4368
4369
4370
4371
4372
4373
4374
4375
4376
4377
4378
4379
4381
4382
4383
4384
4385
4386
4387
4388
4389
4390
4391
4392
4394
4395
4396
4397
4398
4399
4400
4401
4402
4403
4404
4405
4407
4408
4409
4410
4411
4412
4413
4414
4415
4416
4417
4418
4420
4421
4422
4423
4424
4425
4426
4427
4428
4429
4430
4431
4433
4434
4435
4436
4437
4438
4439
4440
4441
4442
4443
4444
4446
4447
4448
4449
4450
4451
4452
4453
4454
4455
4456
4457
4459
4460
4461
4462
4463
4464
4465
4466
4467
4468
4469
4470
4472
4473
4474
4475
4476
4477
4478
4479
4480
4481
4482
4483
4485
4486
4487
4488
4489
4490
4491
4492
4493
4494
4495
4496
4628
4629
4630
4631
4632
4633
4634
4635
4636
4637
4638
4639
4641
4642
4643
4644
4645
4646
4647
4648
4649
4650
4651
4652
4654
4655
4656
4657
4658
4659
4660
4661
4662
4663
4664
4665
4667
4668
4669
4670
4671
4672
4673
4674
4675
4676
4677
4678
4680
4681
4682
4683
4684
4685
4686
4687
4688
4689
4690
4691
4693
4694
4695
4696
4697
4698
4699
4700
4701
4702
4703
4704
4706
4707
4708
4709
4710
4711
4712
4713
4714
4715
4716
4717
4719
4720
4721
4722
4723
4724
4725
4726
4727
4728
4729
4730
4732
4733
4734
4735
4736
4737
4738
4739
4740
4741
4742
4743
4745
4746
4747
4748
4749
4750
4751
4752
4753
4754
4755
4756
4888
4889
4890
4891
4892
4893
4894
4895
4896
4897
4898
4899
4901
4902
4903
4904
4905
4906
4907
4908
4909
4910
4911
4912
4914
4915
4916
4917
4918
4919
4920
4921
4922
4923
4924
4925
4927
4928
4929
4930
4931
4932
4933
4934
4935
4936
4937
4938
4940
4941
4942
4943
4944
4945
4946
4947
4948
4949
4950
4951
4953
4954
4955
4956
4957
4958
4959
4960
4961
4962
4963
4964
4966
4967
4968
4969
4970
4971
4972
4973
4974
4975
4976
4977
4979
4980
4981
4982
4983
4984
4985
4986
4987
4988
4989
4990
4992
4993
4994
4995
4996
4997
4998
4999
5000
5001
5002
5003
5005
5006
5007
5008
5009
5010
5011
5012
5013
5014
5015
5016
5148
5149
5150
5151
5152
5153
5154
5155
5156
5157
5158
5159
5161
5162
5163
5164
5165
5166
5167
5168
5169
5170
5171
5172
5174
5175
5176
5177
5178
5179
5180
5181
5182
5183
5184
5185
5187
5188
5189
5190
5191
5192
5193
5194
5195
5196
5197
5198
5200
5201
5202
5203
5204
5205
5206
5207
5208
5209
5210
5211
5213
5214
5215
5216
5217
5218
5219
5220
5221
5222
5223
5224
5226
5227
5228
5229
5230
5231
5232
5233
5234
5235
5236
5237
5239
5240
5241
5242
5243
5244
5245
5246
5247
5248
5249
5250
5252
5253
5254
5255
5256
5257
5258
5259
5260
5261
5262
5263
5265
5266
5267
5268
5269
5270
5271
5272
5273
5274
5275
5276
5408
5409
5410
5411
5412
5413
5414
5415
5416
5417
5418
5419
5421
5422
5423
5424
5425
5426
5427
5428
5429
5430
5431
5432
5434
5435
5436
5437
5438
5439
5440
5441
5442
5443
5444
5445
5447
5448
5449
5450
5451
5452
5453
5454
5455
5456
5457
5458
5460
5461
5462
5463
5464
5465
5466
5467
5468
5469
5470
5471
5473
5474
5475
5476
5477
5478
5479
5480
5481
5482
5483
5484
5486
5487
5488
5489
5490
5491
5492
5493
5494
5495
5496
5497
5499
5500
5501
5502
5503
5504
5505
5506
5507
5508
5509
5510
5512
5513
5514
5515
5516
5517
5518
5519
5520
5521
5522
5523
5525
5526
5527
5528
5529
5530
5531
5532
5533
5534
5535
5536
5668
5669
5670
5671
5672
5673
5674
5675
5676
5677
5678
5679
5681
5682
5683
5684
5685
5686
5687
5688
5689
5690
5691
5692
5694
5695
5696
5697
5698
5699
5700
5701
5702
5703
5704
5705
5707
5708
5709
5710
5711
5712
5713
5714
5715
5716
5717
5718
5720
5721
5722
5723
5724
5725
5726
5727
5728
5729
5730
5731
5733
5734
5735
5736
5737
5738
5739
5740
5741
5742
5743
5744
5746
5747
5748
5749
5750
5751
5752
5753
5754
5755
5756
5757
5759
5760
5761
5762
5763
5764
5765
5766
5767
5768
5769
5770
5772
5773
5774
5775
5776
5777
5778
5779
5780
5781
5782
5783
5785
5786
5787
5788
5789
5790
5791
5792
5793
5794
5795
5796
5928
5929
5930
5931
5932
5933
5934
5935
5936
5937
5938
5939
5941
5942
5943
5944
5945
5946
5947
5948
5949
5950
5951
5952
5954
5955
5956
5957
5958
5959
5960
5961
5962
5963
5964
5965
5967
5968
5969
5970
5971
5972
5973
5974
5975
5976
5977
5978
5980
5981
5982
5983
5984
5985
5986
5987
5988
5989
5990
5991
5993
5994
5995
5996
5997
5998
5999
6000
6001
6002
6003
6004
6006
6007
6008
6009
6010
6011
6012
6013
6014
6015
6016
6017
6019
6020
6021
6022
6023
6024
6025
6026
6027
6028
6029
6030
6032
6033
6034
6035
6036
6037
6038
6039
6040
6041
6042
6043
6045
6046
6047
6048
6049
6050
6051
6052
6053
6054
6055
6056
6188
6189
6190
6191
6192
6193
6194
6195
6196
6197
6198
6199
6201
6202
6203
6204
6205
6206
6207
6208
6209
6210
6211
6212
6214
6215
6216
6217
6218
6219
6220
6221
6222
6223
6224
6225
6227
6228
6229
6230
6231
6232
6233
6234
6235
6236
6237
6238
6240
6241
6242
6243
6244
6245
6246
6247
6248
6249
6250
6251
6253
6254
6255
6256
6257
6258
6259
6260
6261
6262
6263
6264
6266
6267
6268
6269
6270
6271
6272
6273
6274
6275
6276
6277
6279
6280
6281
6282
6283
6284
6285
6286
6287
6288
6289
6290
6292
6293
6294
6295
6296
6297
6298
6299
6300
6301
6302
6303
6305
6306
6307
6308
6309
6310
6311
6312
6313
6314
6315
6316
6448
6449
6450
6451
6452
6453
6454
6455
6456
6457
6458
6459
6461
6462
6463
6464
6465
6466
6467
6468
6469
6470
6471
6472
6474
6475
6476
6477
6478
6479
6480
6481
6482
6483
6484
6485
6487
6488
6489
6490
6491
6492
6493
6494
6495
6496
6497
6498
6500
6501
6502
6503
6504
6505
6506
6507
6508
6509
6510
6511
6513
6514
6515
6516
6517
6518
6519
6520
6521
6522
6523
6524
6526
6527
6528
6529
6530
6531
6532
6533
6534
6535
6536
6537
6539
6540
6541
6542
6543
6544
6545
6546
6547
6548
6549
6550
6552
6553
6554
6555
6556
6557
6558
6559
6560
6561
6562
6563
6565
6566
6567
6568
6569
6570
6571
6572
6573
6574
6575
6576
6708
6709
6710
6711
6712
6713
6714
6715
6716
6717
6718
6721
6722
6723
6724
6725
6726
6727
6728
6729
6730
6731
6734
6735
6736
6737
6738
6739
6740
6741
6742
6743
6747
6748
6749
6750
6751
6752
6753
6754
6755
6760
6761
6762
6763
6764
6765
6766
6767
6773
6774
6775
6776
6777
6778
6779
6786
6787
6788
6789
6790
6791
6799
6800
6801
6802
6803
6804
6812
6813
6814
6815
6816
6825
6826
6827
6828
)


// ************************************************************************* //
