/*--------------------------------*- C++ -*----------------------------------*\
  =========                 |
  \\      /  F ield         | OpenFOAM: The Open Source CFD Toolbox
   \\    /   O peration     | Website:  https://openfoam.org
    \\  /    A nd           | Version:  7
     \\/     M anipulation  |
\*---------------------------------------------------------------------------*/
FoamFile
{
    version     2.0;
    format      ascii;
    class       labelList;
    location    "constant/polyMesh";
    object      cellProcAddressing;
}
// * * * * * * * * * * * * * * * * * * * * * * * * * * * * * * * * * * * * * //


1270
(
16358
16359
16360
16361
16362
16363
16364
16365
16366
16367
16598
16599
16600
16601
16602
16603
16604
16605
16606
16607
16838
16839
16840
16841
16842
16843
16844
16845
16846
16847
17078
17079
17080
17081
17082
17083
17084
17085
17086
17087
17318
17319
17320
17321
17322
17323
17324
17325
17326
17327
17558
17559
17560
17561
17562
17563
17564
17565
17566
17567
17798
17799
17800
17801
17802
17803
17804
17805
17806
17807
18038
18039
18040
18041
18042
18043
18044
18045
18046
18047
18278
18279
18280
18281
18282
18283
18284
18285
18286
18287
18518
18519
18520
18521
18522
18523
18524
18525
18526
18527
18758
18759
18760
18761
18762
18763
18764
18765
18766
18767
21178
21179
21180
21181
21182
21183
21184
21185
21186
21187
21198
21199
21200
21201
21202
21203
21204
21205
21206
21207
21218
21219
21220
21221
21222
21223
21224
21225
21226
21227
21238
21239
21240
21241
21242
21243
21244
21245
21246
21247
21258
21259
21260
21261
21262
21263
21264
21265
21266
21267
21278
21279
21280
21281
21282
21283
21284
21285
21286
21287
21298
21299
21300
21301
21302
21303
21304
21305
21306
21307
21318
21319
21320
21321
21322
21323
21324
21325
21326
21327
21338
21339
21340
21341
21342
21343
21344
21345
21346
21347
21358
21359
21360
21361
21362
21363
21364
21365
21366
21367
21578
21579
21580
21581
21582
21583
21584
21585
21586
21587
21598
21599
21600
21601
21602
21603
21604
21605
21606
21607
21618
21619
21620
21621
21622
21623
21624
21625
21626
21627
21638
21639
21640
21641
21642
21643
21644
21645
21646
21647
21658
21659
21660
21661
21662
21663
21664
21665
21666
21667
21678
21679
21680
21681
21682
21683
21684
21685
21686
21687
21698
21699
21700
21701
21702
21703
21704
21705
21706
21707
21718
21719
21720
21721
21722
21723
21724
21725
21726
21727
21738
21739
21740
21741
21742
21743
21744
21745
21746
21747
21758
21759
21760
21761
21762
21763
21764
21765
21766
21767
21978
21979
21980
21981
21982
21983
21984
21985
21986
21987
21998
21999
22000
22001
22002
22003
22004
22005
22006
22007
22018
22019
22020
22021
22022
22023
22024
22025
22026
22027
22038
22039
22040
22041
22042
22043
22044
22045
22046
22047
22058
22059
22060
22061
22062
22063
22064
22065
22066
22067
22078
22079
22080
22081
22082
22083
22084
22085
22086
22087
22098
22099
22100
22101
22102
22103
22104
22105
22106
22107
22118
22119
22120
22121
22122
22123
22124
22125
22126
22127
22138
22139
22140
22141
22142
22143
22144
22145
22146
22147
22158
22159
22160
22161
22162
22163
22164
22165
22166
22167
22378
22379
22380
22381
22382
22383
22384
22385
22386
22387
22398
22399
22400
22401
22402
22403
22404
22405
22406
22407
22418
22419
22420
22421
22422
22423
22424
22425
22426
22427
22438
22439
22440
22441
22442
22443
22444
22445
22446
22447
22458
22459
22460
22461
22462
22463
22464
22465
22466
22467
22478
22479
22480
22481
22482
22483
22484
22485
22486
22487
22498
22499
22500
22501
22502
22503
22504
22505
22506
22507
22518
22519
22520
22521
22522
22523
22524
22525
22526
22527
22538
22539
22540
22541
22542
22543
22544
22545
22546
22547
22558
22559
22560
22561
22562
22563
22564
22565
22566
22567
22778
22779
22780
22781
22782
22783
22784
22785
22786
22787
22798
22799
22800
22801
22802
22803
22804
22805
22806
22807
22818
22819
22820
22821
22822
22823
22824
22825
22826
22827
22838
22839
22840
22841
22842
22843
22844
22845
22846
22847
22858
22859
22860
22861
22862
22863
22864
22865
22866
22867
22878
22879
22880
22881
22882
22883
22884
22885
22886
22887
22898
22899
22900
22901
22902
22903
22904
22905
22906
22907
22918
22919
22920
22921
22922
22923
22924
22925
22926
22927
22938
22939
22940
22941
22942
22943
22944
22945
22946
22947
22958
22959
22960
22961
22962
22963
22964
22965
22966
22967
23178
23179
23180
23181
23182
23183
23184
23185
23186
23187
23198
23199
23200
23201
23202
23203
23204
23205
23206
23207
23218
23219
23220
23221
23222
23223
23224
23225
23226
23227
23238
23239
23240
23241
23242
23243
23244
23245
23246
23247
23258
23259
23260
23261
23262
23263
23264
23265
23266
23267
23278
23279
23280
23281
23282
23283
23284
23285
23286
23287
23298
23299
23300
23301
23302
23303
23304
23305
23306
23307
23318
23319
23320
23321
23322
23323
23324
23325
23326
23327
23338
23339
23340
23341
23342
23343
23344
23345
23346
23347
23358
23359
23360
23361
23362
23363
23364
23365
23366
23367
23578
23579
23580
23581
23582
23583
23584
23585
23586
23587
23598
23599
23600
23601
23602
23603
23604
23605
23606
23607
23618
23619
23620
23621
23622
23623
23624
23625
23626
23627
23638
23639
23640
23641
23642
23643
23644
23645
23646
23647
23658
23659
23660
23661
23662
23663
23664
23665
23666
23667
23678
23679
23680
23681
23682
23683
23684
23685
23686
23687
23698
23699
23700
23701
23702
23703
23704
23705
23706
23707
23718
23719
23720
23721
23722
23723
23724
23725
23726
23727
23738
23739
23740
23741
23742
23743
23744
23745
23746
23747
23758
23759
23760
23761
23762
23763
23764
23765
23766
23767
23978
23979
23980
23981
23982
23983
23984
23985
23986
23987
23998
23999
24000
24001
24002
24003
24004
24005
24006
24007
24018
24019
24020
24021
24022
24023
24024
24025
24026
24027
24038
24039
24040
24041
24042
24043
24044
24045
24046
24047
24058
24059
24060
24061
24062
24063
24064
24065
24066
24067
24078
24079
24080
24081
24082
24083
24084
24085
24086
24087
24098
24099
24100
24101
24102
24103
24104
24105
24106
24107
24118
24119
24120
24121
24122
24123
24124
24125
24126
24127
24138
24139
24140
24141
24142
24143
24144
24145
24146
24147
24158
24159
24160
24161
24162
24163
24164
24165
24166
24167
24378
24379
24380
24381
24382
24383
24384
24385
24386
24387
24398
24399
24400
24401
24402
24403
24404
24405
24406
24407
24418
24419
24420
24421
24422
24423
24424
24425
24426
24427
24438
24439
24440
24441
24442
24443
24444
24445
24446
24447
24458
24459
24460
24461
24462
24463
24464
24465
24466
24467
24478
24479
24480
24481
24482
24483
24484
24485
24486
24487
24498
24499
24500
24501
24502
24503
24504
24505
24506
24507
24518
24519
24520
24521
24522
24523
24524
24525
24526
24527
24538
24539
24540
24541
24542
24543
24544
24545
24546
24547
24558
24559
24560
24561
24562
24563
24564
24565
24566
24567
24778
24779
24780
24781
24782
24783
24784
24785
24786
24787
24798
24799
24800
24801
24802
24803
24804
24805
24806
24807
24818
24819
24820
24821
24822
24823
24824
24825
24826
24827
24838
24839
24840
24841
24842
24843
24844
24845
24846
24847
24858
24859
24860
24861
24862
24863
24864
24865
24866
24867
24878
24879
24880
24881
24882
24883
24884
24885
24886
24887
24898
24899
24900
24901
24902
24903
24904
24905
24906
24907
24918
24919
24920
24921
24922
24923
24924
24925
24926
24927
24938
24939
24940
24941
24942
24943
24944
24945
24946
24947
24958
24959
24960
24961
24962
24963
24964
24965
24966
24967
25178
25179
25180
25181
25182
25183
25184
25185
25186
25198
25199
25200
25201
25202
25203
25204
25205
25218
25219
25220
25221
25222
25223
25224
25238
25239
25240
25241
25242
25243
25258
25259
25260
25261
25262
25278
25279
25280
25281
25282
25298
25299
25300
25301
25318
25319
25320
25338
25339
25358
32592
32604
32616
32628
32640
32652
32664
32676
32688
32700
32832
32844
32856
32868
32880
32892
32904
32916
32928
32940
33072
33084
33096
33108
33120
33132
33144
33156
33168
33180
33312
33324
33336
33348
33360
33372
33384
33396
33408
33420
33552
33564
33576
33588
33600
33612
33624
33636
33648
33660
33792
33804
33816
33828
33840
33852
33864
33876
33888
33900
34032
34044
34056
34068
34080
34092
34104
34116
34128
34140
34272
34284
34296
34308
34320
34332
34344
34356
34368
34380
34512
34524
34536
34548
34560
34572
34584
34596
34608
34620
34752
34764
34776
34788
34800
34812
34824
34836
34848
34860
37764
37908
38052
38196
38340
38484
38628
38772
38916
39060
)


// ************************************************************************* //
