/*--------------------------------*- C++ -*----------------------------------*\
  =========                 |
  \\      /  F ield         | OpenFOAM: The Open Source CFD Toolbox
   \\    /   O peration     | Website:  https://openfoam.org
    \\  /    A nd           | Version:  7
     \\/     M anipulation  |
\*---------------------------------------------------------------------------*/
FoamFile
{
    version     2.0;
    format      ascii;
    class       labelList;
    location    "constant/polyMesh";
    object      faceProcAddressing;
}
// * * * * * * * * * * * * * * * * * * * * * * * * * * * * * * * * * * * * * //


4172
(
48055
48056
48057
48058
48059
48060
48061
48062
48063
48064
48065
48066
48067
48068
48069
48070
48071
48072
48073
48074
48075
48076
48077
48078
48079
48080
48081
48082
48083
48084
48775
48776
48777
48778
48779
48780
48781
48782
48783
48784
48785
48786
48787
48788
48789
48790
48791
48792
48793
48794
48795
48796
48797
48798
48799
48800
48801
48802
48803
48804
49495
49496
49497
49498
49499
49500
49501
49502
49503
49504
49505
49506
49507
49508
49509
49510
49511
49512
49513
49514
49515
49516
49517
49518
49519
49520
49521
49522
49523
49524
50215
50216
50217
50218
50219
50220
50221
50222
50223
50224
50225
50226
50227
50228
50229
50230
50231
50232
50233
50234
50235
50236
50237
50238
50239
50240
50241
50242
50243
50244
50935
50936
50937
50938
50939
50940
50941
50942
50943
50944
50945
50946
50947
50948
50949
50950
50951
50952
50953
50954
50955
50956
50957
50958
50959
50960
50961
50962
50963
50964
51655
51656
51657
51658
51659
51660
51661
51662
51663
51664
51665
51666
51667
51668
51669
51670
51671
51672
51673
51674
51675
51676
51677
51678
51679
51680
51681
51682
51683
51684
52375
52376
52377
52378
52379
52380
52381
52382
52383
52384
52385
52386
52387
52388
52389
52390
52391
52392
52393
52394
52395
52396
52397
52398
52399
52400
52401
52402
52403
52404
53095
53096
53097
53098
53099
53100
53101
53102
53103
53104
53105
53106
53107
53108
53109
53110
53111
53112
53113
53114
53115
53116
53117
53118
53119
53120
53121
53122
53123
53124
53815
53816
53817
53818
53819
53820
53821
53822
53823
53824
53825
53826
53827
53828
53829
53830
53831
53832
53833
53834
53835
53836
53837
53838
53839
53840
53841
53842
53843
53844
54535
54536
54537
54538
54539
54540
54541
54542
54543
54544
54545
54546
54547
54548
54549
54550
54551
54552
54553
54554
54555
54556
54557
54558
54559
54560
54561
54562
54563
54564
55255
55257
55258
55260
55261
55263
55264
55266
55267
55269
55270
55272
55273
55275
55276
55278
55279
55281
62275
62276
62277
62278
62279
62280
62281
62282
62283
62284
62285
62286
62287
62288
62289
62290
62291
62292
62293
62294
62295
62296
62297
62298
62299
62300
62301
62302
62303
62304
62335
62336
62337
62338
62339
62340
62341
62342
62343
62344
62345
62346
62347
62348
62349
62350
62351
62352
62353
62354
62355
62356
62357
62358
62359
62360
62361
62362
62363
62364
62395
62396
62397
62398
62399
62400
62401
62402
62403
62404
62405
62406
62407
62408
62409
62410
62411
62412
62413
62414
62415
62416
62417
62418
62419
62420
62421
62422
62423
62424
62455
62456
62457
62458
62459
62460
62461
62462
62463
62464
62465
62466
62467
62468
62469
62470
62471
62472
62473
62474
62475
62476
62477
62478
62479
62480
62481
62482
62483
62484
62515
62516
62517
62518
62519
62520
62521
62522
62523
62524
62525
62526
62527
62528
62529
62530
62531
62532
62533
62534
62535
62536
62537
62538
62539
62540
62541
62542
62543
62544
62575
62576
62577
62578
62579
62580
62581
62582
62583
62584
62585
62586
62587
62588
62589
62590
62591
62592
62593
62594
62595
62596
62597
62598
62599
62600
62601
62602
62603
62604
62635
62636
62637
62638
62639
62640
62641
62642
62643
62644
62645
62646
62647
62648
62649
62650
62651
62652
62653
62654
62655
62656
62657
62658
62659
62660
62661
62662
62663
62664
62695
62696
62697
62698
62699
62700
62701
62702
62703
62704
62705
62706
62707
62708
62709
62710
62711
62712
62713
62714
62715
62716
62717
62718
62719
62720
62721
62722
62723
62724
62755
62756
62757
62758
62759
62760
62761
62762
62763
62764
62765
62766
62767
62768
62769
62770
62771
62772
62773
62774
62775
62776
62777
62778
62779
62780
62781
62782
62783
62784
62815
62817
62818
62820
62821
62823
62824
62826
62827
62829
62830
62832
62833
62835
62836
62838
62839
62841
62843
62844
63455
63456
63457
63458
63459
63460
63461
63462
63463
63464
63465
63466
63467
63468
63469
63470
63471
63472
63473
63474
63475
63476
63477
63478
63479
63480
63481
63482
63483
63484
63515
63516
63517
63518
63519
63520
63521
63522
63523
63524
63525
63526
63527
63528
63529
63530
63531
63532
63533
63534
63535
63536
63537
63538
63539
63540
63541
63542
63543
63544
63575
63576
63577
63578
63579
63580
63581
63582
63583
63584
63585
63586
63587
63588
63589
63590
63591
63592
63593
63594
63595
63596
63597
63598
63599
63600
63601
63602
63603
63604
63635
63636
63637
63638
63639
63640
63641
63642
63643
63644
63645
63646
63647
63648
63649
63650
63651
63652
63653
63654
63655
63656
63657
63658
63659
63660
63661
63662
63663
63664
63695
63696
63697
63698
63699
63700
63701
63702
63703
63704
63705
63706
63707
63708
63709
63710
63711
63712
63713
63714
63715
63716
63717
63718
63719
63720
63721
63722
63723
63724
63755
63756
63757
63758
63759
63760
63761
63762
63763
63764
63765
63766
63767
63768
63769
63770
63771
63772
63773
63774
63775
63776
63777
63778
63779
63780
63781
63782
63783
63784
63815
63816
63817
63818
63819
63820
63821
63822
63823
63824
63825
63826
63827
63828
63829
63830
63831
63832
63833
63834
63835
63836
63837
63838
63839
63840
63841
63842
63843
63844
63875
63876
63877
63878
63879
63880
63881
63882
63883
63884
63885
63886
63887
63888
63889
63890
63891
63892
63893
63894
63895
63896
63897
63898
63899
63900
63901
63902
63903
63904
63935
63936
63937
63938
63939
63940
63941
63942
63943
63944
63945
63946
63947
63948
63949
63950
63951
63952
63953
63954
63955
63956
63957
63958
63959
63960
63961
63962
63963
63964
63995
63997
63998
64000
64001
64003
64004
64006
64007
64009
64010
64012
64013
64015
64016
64018
64019
64021
64023
64024
64635
64636
64637
64638
64639
64640
64641
64642
64643
64644
64645
64646
64647
64648
64649
64650
64651
64652
64653
64654
64655
64656
64657
64658
64659
64660
64661
64662
64663
64664
64695
64696
64697
64698
64699
64700
64701
64702
64703
64704
64705
64706
64707
64708
64709
64710
64711
64712
64713
64714
64715
64716
64717
64718
64719
64720
64721
64722
64723
64724
64755
64756
64757
64758
64759
64760
64761
64762
64763
64764
64765
64766
64767
64768
64769
64770
64771
64772
64773
64774
64775
64776
64777
64778
64779
64780
64781
64782
64783
64784
64815
64816
64817
64818
64819
64820
64821
64822
64823
64824
64825
64826
64827
64828
64829
64830
64831
64832
64833
64834
64835
64836
64837
64838
64839
64840
64841
64842
64843
64844
64875
64876
64877
64878
64879
64880
64881
64882
64883
64884
64885
64886
64887
64888
64889
64890
64891
64892
64893
64894
64895
64896
64897
64898
64899
64900
64901
64902
64903
64904
64935
64936
64937
64938
64939
64940
64941
64942
64943
64944
64945
64946
64947
64948
64949
64950
64951
64952
64953
64954
64955
64956
64957
64958
64959
64960
64961
64962
64963
64964
64995
64996
64997
64998
64999
65000
65001
65002
65003
65004
65005
65006
65007
65008
65009
65010
65011
65012
65013
65014
65015
65016
65017
65018
65019
65020
65021
65022
65023
65024
65055
65056
65057
65058
65059
65060
65061
65062
65063
65064
65065
65066
65067
65068
65069
65070
65071
65072
65073
65074
65075
65076
65077
65078
65079
65080
65081
65082
65083
65084
65115
65116
65117
65118
65119
65120
65121
65122
65123
65124
65125
65126
65127
65128
65129
65130
65131
65132
65133
65134
65135
65136
65137
65138
65139
65140
65141
65142
65143
65144
65175
65177
65178
65180
65181
65183
65184
65186
65187
65189
65190
65192
65193
65195
65196
65198
65199
65201
65203
65204
65815
65816
65817
65818
65819
65820
65821
65822
65823
65824
65825
65826
65827
65828
65829
65830
65831
65832
65833
65834
65835
65836
65837
65838
65839
65840
65841
65842
65843
65844
65875
65876
65877
65878
65879
65880
65881
65882
65883
65884
65885
65886
65887
65888
65889
65890
65891
65892
65893
65894
65895
65896
65897
65898
65899
65900
65901
65902
65903
65904
65935
65936
65937
65938
65939
65940
65941
65942
65943
65944
65945
65946
65947
65948
65949
65950
65951
65952
65953
65954
65955
65956
65957
65958
65959
65960
65961
65962
65963
65964
65995
65996
65997
65998
65999
66000
66001
66002
66003
66004
66005
66006
66007
66008
66009
66010
66011
66012
66013
66014
66015
66016
66017
66018
66019
66020
66021
66022
66023
66024
66055
66056
66057
66058
66059
66060
66061
66062
66063
66064
66065
66066
66067
66068
66069
66070
66071
66072
66073
66074
66075
66076
66077
66078
66079
66080
66081
66082
66083
66084
66115
66116
66117
66118
66119
66120
66121
66122
66123
66124
66125
66126
66127
66128
66129
66130
66131
66132
66133
66134
66135
66136
66137
66138
66139
66140
66141
66142
66143
66144
66175
66176
66177
66178
66179
66180
66181
66182
66183
66184
66185
66186
66187
66188
66189
66190
66191
66192
66193
66194
66195
66196
66197
66198
66199
66200
66201
66202
66203
66204
66235
66236
66237
66238
66239
66240
66241
66242
66243
66244
66245
66246
66247
66248
66249
66250
66251
66252
66253
66254
66255
66256
66257
66258
66259
66260
66261
66262
66263
66264
66295
66296
66297
66298
66299
66300
66301
66302
66303
66304
66305
66306
66307
66308
66309
66310
66311
66312
66313
66314
66315
66316
66317
66318
66319
66320
66321
66322
66323
66324
66355
66357
66358
66360
66361
66363
66364
66366
66367
66369
66370
66372
66373
66375
66376
66378
66379
66381
66383
66384
66995
66996
66997
66998
66999
67000
67001
67002
67003
67004
67005
67006
67007
67008
67009
67010
67011
67012
67013
67014
67015
67016
67017
67018
67019
67020
67021
67022
67023
67024
67055
67056
67057
67058
67059
67060
67061
67062
67063
67064
67065
67066
67067
67068
67069
67070
67071
67072
67073
67074
67075
67076
67077
67078
67079
67080
67081
67082
67083
67084
67115
67116
67117
67118
67119
67120
67121
67122
67123
67124
67125
67126
67127
67128
67129
67130
67131
67132
67133
67134
67135
67136
67137
67138
67139
67140
67141
67142
67143
67144
67175
67176
67177
67178
67179
67180
67181
67182
67183
67184
67185
67186
67187
67188
67189
67190
67191
67192
67193
67194
67195
67196
67197
67198
67199
67200
67201
67202
67203
67204
67235
67236
67237
67238
67239
67240
67241
67242
67243
67244
67245
67246
67247
67248
67249
67250
67251
67252
67253
67254
67255
67256
67257
67258
67259
67260
67261
67262
67263
67264
67295
67296
67297
67298
67299
67300
67301
67302
67303
67304
67305
67306
67307
67308
67309
67310
67311
67312
67313
67314
67315
67316
67317
67318
67319
67320
67321
67322
67323
67324
67355
67356
67357
67358
67359
67360
67361
67362
67363
67364
67365
67366
67367
67368
67369
67370
67371
67372
67373
67374
67375
67376
67377
67378
67379
67380
67381
67382
67383
67384
67415
67416
67417
67418
67419
67420
67421
67422
67423
67424
67425
67426
67427
67428
67429
67430
67431
67432
67433
67434
67435
67436
67437
67438
67439
67440
67441
67442
67443
67444
67475
67476
67477
67478
67479
67480
67481
67482
67483
67484
67485
67486
67487
67488
67489
67490
67491
67492
67493
67494
67495
67496
67497
67498
67499
67500
67501
67502
67503
67504
67535
67537
67538
67540
67541
67543
67544
67546
67547
67549
67550
67552
67553
67555
67556
67558
67559
67561
67563
67564
68175
68176
68177
68178
68179
68180
68181
68182
68183
68184
68185
68186
68187
68188
68189
68190
68191
68192
68193
68194
68195
68196
68197
68198
68199
68200
68201
68202
68203
68204
68235
68236
68237
68238
68239
68240
68241
68242
68243
68244
68245
68246
68247
68248
68249
68250
68251
68252
68253
68254
68255
68256
68257
68258
68259
68260
68261
68262
68263
68264
68295
68296
68297
68298
68299
68300
68301
68302
68303
68304
68305
68306
68307
68308
68309
68310
68311
68312
68313
68314
68315
68316
68317
68318
68319
68320
68321
68322
68323
68324
68355
68356
68357
68358
68359
68360
68361
68362
68363
68364
68365
68366
68367
68368
68369
68370
68371
68372
68373
68374
68375
68376
68377
68378
68379
68380
68381
68382
68383
68384
68415
68416
68417
68418
68419
68420
68421
68422
68423
68424
68425
68426
68427
68428
68429
68430
68431
68432
68433
68434
68435
68436
68437
68438
68439
68440
68441
68442
68443
68444
68475
68476
68477
68478
68479
68480
68481
68482
68483
68484
68485
68486
68487
68488
68489
68490
68491
68492
68493
68494
68495
68496
68497
68498
68499
68500
68501
68502
68503
68504
68535
68536
68537
68538
68539
68540
68541
68542
68543
68544
68545
68546
68547
68548
68549
68550
68551
68552
68553
68554
68555
68556
68557
68558
68559
68560
68561
68562
68563
68564
68595
68596
68597
68598
68599
68600
68601
68602
68603
68604
68605
68606
68607
68608
68609
68610
68611
68612
68613
68614
68615
68616
68617
68618
68619
68620
68621
68622
68623
68624
68655
68656
68657
68658
68659
68660
68661
68662
68663
68664
68665
68666
68667
68668
68669
68670
68671
68672
68673
68674
68675
68676
68677
68678
68679
68680
68681
68682
68683
68684
68715
68717
68718
68720
68721
68723
68724
68726
68727
68729
68730
68732
68733
68735
68736
68738
68739
68741
68743
68744
69355
69356
69357
69358
69359
69360
69361
69362
69363
69364
69365
69366
69367
69368
69369
69370
69371
69372
69373
69374
69375
69376
69377
69378
69379
69380
69381
69382
69383
69384
69415
69416
69417
69418
69419
69420
69421
69422
69423
69424
69425
69426
69427
69428
69429
69430
69431
69432
69433
69434
69435
69436
69437
69438
69439
69440
69441
69442
69443
69444
69475
69476
69477
69478
69479
69480
69481
69482
69483
69484
69485
69486
69487
69488
69489
69490
69491
69492
69493
69494
69495
69496
69497
69498
69499
69500
69501
69502
69503
69504
69535
69536
69537
69538
69539
69540
69541
69542
69543
69544
69545
69546
69547
69548
69549
69550
69551
69552
69553
69554
69555
69556
69557
69558
69559
69560
69561
69562
69563
69564
69595
69596
69597
69598
69599
69600
69601
69602
69603
69604
69605
69606
69607
69608
69609
69610
69611
69612
69613
69614
69615
69616
69617
69618
69619
69620
69621
69622
69623
69624
69655
69656
69657
69658
69659
69660
69661
69662
69663
69664
69665
69666
69667
69668
69669
69670
69671
69672
69673
69674
69675
69676
69677
69678
69679
69680
69681
69682
69683
69684
69715
69716
69717
69718
69719
69720
69721
69722
69723
69724
69725
69726
69727
69728
69729
69730
69731
69732
69733
69734
69735
69736
69737
69738
69739
69740
69741
69742
69743
69744
69775
69776
69777
69778
69779
69780
69781
69782
69783
69784
69785
69786
69787
69788
69789
69790
69791
69792
69793
69794
69795
69796
69797
69798
69799
69800
69801
69802
69803
69804
69835
69836
69837
69838
69839
69840
69841
69842
69843
69844
69845
69846
69847
69848
69849
69850
69851
69852
69853
69854
69855
69856
69857
69858
69859
69860
69861
69862
69863
69864
69895
69897
69898
69900
69901
69903
69904
69906
69907
69909
69910
69912
69913
69915
69916
69918
69919
69921
69923
69924
70535
70536
70537
70538
70539
70540
70541
70542
70543
70544
70545
70546
70547
70548
70549
70550
70551
70552
70553
70554
70555
70556
70557
70558
70559
70560
70561
70562
70563
70564
70595
70596
70597
70598
70599
70600
70601
70602
70603
70604
70605
70606
70607
70608
70609
70610
70611
70612
70613
70614
70615
70616
70617
70618
70619
70620
70621
70622
70623
70624
70655
70656
70657
70658
70659
70660
70661
70662
70663
70664
70665
70666
70667
70668
70669
70670
70671
70672
70673
70674
70675
70676
70677
70678
70679
70680
70681
70682
70683
70684
70715
70716
70717
70718
70719
70720
70721
70722
70723
70724
70725
70726
70727
70728
70729
70730
70731
70732
70733
70734
70735
70736
70737
70738
70739
70740
70741
70742
70743
70744
70775
70776
70777
70778
70779
70780
70781
70782
70783
70784
70785
70786
70787
70788
70789
70790
70791
70792
70793
70794
70795
70796
70797
70798
70799
70800
70801
70802
70803
70804
70835
70836
70837
70838
70839
70840
70841
70842
70843
70844
70845
70846
70847
70848
70849
70850
70851
70852
70853
70854
70855
70856
70857
70858
70859
70860
70861
70862
70863
70864
70895
70896
70897
70898
70899
70900
70901
70902
70903
70904
70905
70906
70907
70908
70909
70910
70911
70912
70913
70914
70915
70916
70917
70918
70919
70920
70921
70922
70923
70924
70955
70956
70957
70958
70959
70960
70961
70962
70963
70964
70965
70966
70967
70968
70969
70970
70971
70972
70973
70974
70975
70976
70977
70978
70979
70980
70981
70982
70983
70984
71015
71016
71017
71018
71019
71020
71021
71022
71023
71024
71025
71026
71027
71028
71029
71030
71031
71032
71033
71034
71035
71036
71037
71038
71039
71040
71041
71042
71043
71044
71075
71077
71078
71080
71081
71083
71084
71086
71087
71089
71090
71092
71093
71095
71096
71098
71099
71101
71103
71104
71715
71716
71717
71718
71719
71720
71721
71722
71723
71724
71725
71726
71727
71728
71729
71730
71731
71732
71733
71734
71735
71736
71737
71738
71739
71740
71741
71742
71743
71744
71775
71776
71777
71778
71779
71780
71781
71782
71783
71784
71785
71786
71787
71788
71789
71790
71791
71792
71793
71794
71795
71796
71797
71798
71799
71800
71801
71802
71803
71804
71835
71836
71837
71838
71839
71840
71841
71842
71843
71844
71845
71846
71847
71848
71849
71850
71851
71852
71853
71854
71855
71856
71857
71858
71859
71860
71861
71862
71863
71864
71895
71896
71897
71898
71899
71900
71901
71902
71903
71904
71905
71906
71907
71908
71909
71910
71911
71912
71913
71914
71915
71916
71917
71918
71919
71920
71921
71922
71923
71924
71955
71956
71957
71958
71959
71960
71961
71962
71963
71964
71965
71966
71967
71968
71969
71970
71971
71972
71973
71974
71975
71976
71977
71978
71979
71980
71981
71982
71983
71984
72015
72016
72017
72018
72019
72020
72021
72022
72023
72024
72025
72026
72027
72028
72029
72030
72031
72032
72033
72034
72035
72036
72037
72038
72039
72040
72041
72042
72043
72044
72075
72076
72077
72078
72079
72080
72081
72082
72083
72084
72085
72086
72087
72088
72089
72090
72091
72092
72093
72094
72095
72096
72097
72098
72099
72100
72101
72102
72103
72104
72135
72136
72137
72138
72139
72140
72141
72142
72143
72144
72145
72146
72147
72148
72149
72150
72151
72152
72153
72154
72155
72156
72157
72158
72159
72160
72161
72162
72163
72164
72195
72196
72197
72198
72199
72200
72201
72202
72203
72204
72205
72206
72207
72208
72209
72210
72211
72212
72213
72214
72215
72216
72217
72218
72219
72220
72221
72222
72223
72224
72255
72257
72258
72260
72261
72263
72264
72266
72267
72269
72270
72272
72273
72275
72276
72278
72279
72281
72283
72284
72895
72896
72897
72898
72899
72900
72901
72902
72903
72904
72905
72906
72907
72908
72909
72910
72911
72912
72913
72914
72915
72916
72917
72918
72919
72920
72921
72922
72924
72955
72956
72957
72958
72959
72960
72961
72962
72963
72964
72965
72966
72967
72968
72969
72970
72971
72972
72973
72974
72975
72976
72977
72978
72979
72980
72982
72984
73015
73016
73017
73018
73019
73020
73021
73022
73023
73024
73025
73026
73027
73028
73029
73030
73031
73032
73033
73034
73035
73036
73037
73039
73040
73042
73044
73075
73076
73077
73078
73079
73080
73081
73082
73083
73084
73085
73086
73087
73088
73089
73090
73091
73092
73093
73094
73096
73097
73099
73100
73102
73104
73135
73136
73137
73138
73139
73140
73141
73142
73143
73144
73145
73146
73147
73148
73149
73150
73151
73153
73154
73156
73157
73159
73160
73162
73164
73195
73196
73197
73198
73199
73200
73201
73202
73203
73204
73205
73206
73207
73208
73209
73210
73211
73213
73214
73216
73217
73219
73220
73222
73224
73255
73256
73257
73258
73259
73260
73261
73262
73263
73264
73265
73266
73267
73268
73270
73271
73273
73274
73276
73277
73279
73280
73282
73284
73315
73316
73317
73318
73319
73320
73321
73322
73323
73324
73325
73327
73328
73330
73331
73333
73334
73336
73337
73339
73340
73342
73344
73375
73376
73377
73378
73379
73380
73381
73382
73384
73385
73387
73388
73390
73391
73393
73394
73396
73397
73399
73400
73402
73404
73435
73437
73438
73441
73444
73447
73450
73453
73456
73459
73464
74075
74076
74078
74079
74081
74082
74084
74085
74087
74088
74090
74091
74093
74094
74096
74097
74135
74136
74138
74139
74141
74142
74144
74145
74147
74148
74150
74151
74153
74154
74195
74196
74198
74199
74201
74202
74204
74205
74207
74208
74210
74211
74255
74256
74258
74259
74261
74262
74264
74265
74267
74268
74315
74316
74318
74319
74321
74322
74324
74325
74328
74375
74376
74378
74379
74381
74382
74384
74385
74435
74436
74438
74439
74441
74442
74495
74496
74498
74499
74555
74556
95302
95303
95304
95349
95350
95384
95385
95419
95420
95454
95455
95489
95490
95524
95525
95559
95560
95594
95595
95630
96002
96003
96004
96049
96050
96084
96085
96119
96120
96154
96155
96189
96190
96224
96225
96259
96260
96294
96295
96330
96702
96703
96704
96749
96750
96784
96785
96819
96820
96854
96855
96889
96890
96924
96925
96959
96960
96994
96995
97030
97402
97403
97404
97449
97450
97484
97485
97519
97520
97554
97555
97589
97590
97624
97625
97659
97660
97694
97695
97730
98102
98103
98104
98149
98150
98184
98185
98219
98220
98254
98255
98289
98290
98324
98325
98359
98360
98394
98395
98430
98802
98803
98804
98849
98850
98884
98885
98919
98920
98954
98955
98989
98990
99024
99025
99059
99060
99094
99095
99130
99502
99503
99504
99549
99550
99584
99585
99619
99620
99654
99655
99689
99690
99724
99725
99759
99760
99794
99795
99830
100202
100203
100204
100249
100250
100284
100285
100319
100320
100354
100355
100389
100390
100424
100425
100459
100460
100494
100495
100530
100902
100903
100904
100949
100950
100984
100985
101019
101020
101054
101055
101089
101090
101124
101125
101159
101160
101194
101195
101230
101602
101604
101649
101684
101719
101754
101789
101824
101859
101894
110147
110555
110963
111371
111779
112187
112595
113003
113411
122156
122168
122180
122192
122204
122216
122228
122240
122252
122264
122276
122849
122850
122851
122852
122853
122854
122855
122856
122857
122858
122869
122870
122871
122872
122873
122874
122875
122876
122877
122878
122889
122890
122891
122892
122893
122894
122895
122896
122897
122898
122909
122910
122911
122912
122913
122914
122915
122916
122917
122918
122929
122930
122931
122932
122933
122934
122935
122936
122937
122938
122949
122950
122951
122952
122953
122954
122955
122956
122957
122958
122969
122970
122971
122972
122973
122974
122975
122976
122977
122978
122989
122990
122991
122992
122993
122994
122995
122996
122997
122998
123009
123010
123011
123012
123013
123014
123015
123016
123017
123018
123029
123030
123031
123032
123033
123034
123035
123036
123037
123038
123049
123050
123051
123052
123053
123054
123055
123056
123057
123058
-47996
-47999
-48002
-48005
-48008
-48011
-48014
-48017
-48020
-48022
-48716
-48719
-48722
-48725
-48728
-48731
-48734
-48737
-48740
-48742
-49436
-49439
-49442
-49445
-49448
-49451
-49454
-49457
-49460
-49462
-50156
-50159
-50162
-50165
-50168
-50171
-50174
-50177
-50180
-50182
-50876
-50879
-50882
-50885
-50888
-50891
-50894
-50897
-50900
-50902
-51596
-51599
-51602
-51605
-51608
-51611
-51614
-51617
-51620
-51622
-52316
-52319
-52322
-52325
-52328
-52331
-52334
-52337
-52340
-52342
-53036
-53039
-53042
-53045
-53048
-53051
-53054
-53057
-53060
-53062
-53756
-53759
-53762
-53765
-53768
-53771
-53774
-53777
-53780
-53782
-54476
-54479
-54482
-54485
-54488
-54491
-54494
-54497
-54500
-54502
-110112
-110520
-110928
-111336
-111744
-112152
-112560
-112968
-113376
-113784
-48052
-48772
-49492
-50212
-50932
-51652
-52372
-53092
-53812
-54532
-55252
-62272
-62332
-62392
-62452
-62512
-62572
-62632
-62692
-62752
-62812
-63452
-63512
-63572
-63632
-63692
-63752
-63812
-63872
-63932
-63992
-64632
-64692
-64752
-64812
-64872
-64932
-64992
-65052
-65112
-65172
-65812
-65872
-65932
-65992
-66052
-66112
-66172
-66232
-66292
-66352
-66992
-67052
-67112
-67172
-67232
-67292
-67352
-67412
-67472
-67532
-68172
-68232
-68292
-68352
-68412
-68472
-68532
-68592
-68652
-68712
-69352
-69412
-69472
-69532
-69592
-69652
-69712
-69772
-69832
-69892
-70532
-70592
-70652
-70712
-70772
-70832
-70892
-70952
-71012
-71072
-71712
-71772
-71832
-71892
-71952
-72012
-72072
-72132
-72192
-72252
-72892
-72952
-73012
-73072
-73132
-73192
-73252
-73312
-73372
-73432
95301
95348
95383
95418
95453
95488
95523
95558
95593
95628
96001
96048
96083
96118
96153
96188
96223
96258
96293
96328
96701
96748
96783
96818
96853
96888
96923
96958
96993
97028
97401
97448
97483
97518
97553
97588
97623
97658
97693
97728
98101
98148
98183
98218
98253
98288
98323
98358
98393
98428
98801
98848
98883
98918
98953
98988
99023
99058
99093
99128
99501
99548
99583
99618
99653
99688
99723
99758
99793
99828
100201
100248
100283
100318
100353
100388
100423
100458
100493
100528
100901
100948
100983
101018
101053
101088
101123
101158
101193
101228
101601
101648
101683
101718
101753
101788
101823
101858
101893
101928
110146
110554
110962
111370
111778
112186
112594
113002
113410
113818
62816
62819
62822
62825
62828
62831
62834
62837
62840
62842
63996
63999
64002
64005
64008
64011
64014
64017
64020
64022
65176
65179
65182
65185
65188
65191
65194
65197
65200
65202
66356
66359
66362
66365
66368
66371
66374
66377
66380
66382
67536
67539
67542
67545
67548
67551
67554
67557
67560
67562
68716
68719
68722
68725
68728
68731
68734
68737
68740
68742
69896
69899
69902
69905
69908
69911
69914
69917
69920
69922
71076
71079
71082
71085
71088
71091
71094
71097
71100
71102
72256
72259
72262
72265
72268
72271
72274
72277
72280
72282
73436
73439
73442
73445
73448
73451
73454
73457
73460
73462
74616
95629
96329
97029
97729
98429
99129
99829
100529
101229
101929
-55196
-55199
-55202
-55205
-55208
-55211
-55214
-55217
-55220
-55222
-74072
-74132
-74192
-74252
-74312
-74372
-74432
-74492
-74552
-74612
55256
55259
55262
55265
55268
55271
55274
55277
55280
55282
55283
55284
72923
72981
72983
73038
73041
73043
73095
73098
73101
73103
73152
73155
73158
73161
73163
73212
73215
73218
73221
73223
73269
73272
73275
73278
73281
73283
73326
73329
73332
73335
73338
73341
73343
73383
73386
73389
73392
73395
73398
73401
73403
73440
73443
73446
73449
73452
73455
73458
73461
73463
74077
74080
74083
74086
74089
74092
74095
74098
74099
74100
74101
74137
74140
74143
74146
74149
74152
74155
74156
74157
74158
74197
74200
74203
74206
74209
74212
74213
74214
74215
74257
74260
74263
74266
74269
74270
74271
74272
74317
74320
74323
74326
74327
74329
74377
74380
74383
74386
74387
74388
74389
74437
74440
74443
74444
74445
74446
74497
74500
74501
74502
74503
74557
74558
74559
74560
74615
74617
101603
101650
101685
101720
101755
101790
101825
101860
101895
101930
113819
)


// ************************************************************************* //
