/*--------------------------------*- C++ -*----------------------------------*\
  =========                 |
  \\      /  F ield         | OpenFOAM: The Open Source CFD Toolbox
   \\    /   O peration     | Website:  https://openfoam.org
    \\  /    A nd           | Version:  7
     \\/     M anipulation  |
\*---------------------------------------------------------------------------*/
FoamFile
{
    version     2.0;
    format      ascii;
    class       labelList;
    location    "constant/polyMesh";
    object      pointProcAddressing;
}
// * * * * * * * * * * * * * * * * * * * * * * * * * * * * * * * * * * * * * //


1666
(
18819
18820
18821
18822
18823
18824
18825
18826
18827
18828
18829
18839
18840
18841
18842
18843
18844
18845
18846
18847
18848
18849
19079
19080
19081
19082
19083
19084
19085
19086
19087
19088
19089
19099
19100
19101
19102
19103
19104
19105
19106
19107
19108
19109
19339
19340
19341
19342
19343
19344
19345
19346
19347
19348
19349
19359
19360
19361
19362
19363
19364
19365
19366
19367
19368
19369
19599
19600
19601
19602
19603
19604
19605
19606
19607
19608
19609
19619
19620
19621
19622
19623
19624
19625
19626
19627
19628
19629
19859
19860
19861
19862
19863
19864
19865
19866
19867
19868
19869
19879
19880
19881
19882
19883
19884
19885
19886
19887
19888
19889
20119
20120
20121
20122
20123
20124
20125
20126
20127
20128
20129
20139
20140
20141
20142
20143
20144
20145
20146
20147
20148
20149
20379
20380
20381
20382
20383
20384
20385
20386
20387
20388
20389
20399
20400
20401
20402
20403
20404
20405
20406
20407
20408
20409
20639
20640
20641
20642
20643
20644
20645
20646
20647
20648
20649
20659
20660
20661
20662
20663
20664
20665
20666
20667
20668
20669
20899
20900
20901
20902
20903
20904
20905
20906
20907
20908
20909
20919
20920
20921
20922
20923
20924
20925
20926
20927
20928
20929
21159
21160
21161
21162
21163
21164
21165
21166
21167
21168
21169
21179
21180
21181
21182
21183
21184
21185
21186
21187
21188
21189
21419
21420
21421
21422
21423
21424
21425
21426
21427
21428
21429
21439
21440
21441
21442
21443
21444
21445
21446
21447
21448
21449
21679
21680
21681
21682
21683
21684
21685
21686
21687
21688
21689
21699
21700
21701
21702
21703
21704
21705
21706
21707
21708
21709
24319
24320
24321
24322
24323
24324
24325
24326
24327
24328
24329
24339
24340
24341
24342
24343
24344
24345
24346
24347
24348
24349
24359
24360
24361
24362
24363
24364
24365
24366
24367
24368
24369
24379
24380
24381
24382
24383
24384
24385
24386
24387
24388
24389
24399
24400
24401
24402
24403
24404
24405
24406
24407
24408
24409
24419
24420
24421
24422
24423
24424
24425
24426
24427
24428
24429
24439
24440
24441
24442
24443
24444
24445
24446
24447
24448
24449
24459
24460
24461
24462
24463
24464
24465
24466
24467
24468
24469
24479
24480
24481
24482
24483
24484
24485
24486
24487
24488
24489
24499
24500
24501
24502
24503
24504
24505
24506
24507
24508
24509
24699
24700
24701
24702
24703
24704
24705
24706
24707
24708
24709
24719
24720
24721
24722
24723
24724
24725
24726
24727
24728
24729
24739
24740
24741
24742
24743
24744
24745
24746
24747
24748
24749
24759
24760
24761
24762
24763
24764
24765
24766
24767
24768
24769
24779
24780
24781
24782
24783
24784
24785
24786
24787
24788
24789
24799
24800
24801
24802
24803
24804
24805
24806
24807
24808
24809
24819
24820
24821
24822
24823
24824
24825
24826
24827
24828
24829
24839
24840
24841
24842
24843
24844
24845
24846
24847
24848
24849
24859
24860
24861
24862
24863
24864
24865
24866
24867
24868
24869
24879
24880
24881
24882
24883
24884
24885
24886
24887
24888
24889
25079
25080
25081
25082
25083
25084
25085
25086
25087
25088
25089
25099
25100
25101
25102
25103
25104
25105
25106
25107
25108
25109
25119
25120
25121
25122
25123
25124
25125
25126
25127
25128
25129
25139
25140
25141
25142
25143
25144
25145
25146
25147
25148
25149
25159
25160
25161
25162
25163
25164
25165
25166
25167
25168
25169
25179
25180
25181
25182
25183
25184
25185
25186
25187
25188
25189
25199
25200
25201
25202
25203
25204
25205
25206
25207
25208
25209
25219
25220
25221
25222
25223
25224
25225
25226
25227
25228
25229
25239
25240
25241
25242
25243
25244
25245
25246
25247
25248
25249
25259
25260
25261
25262
25263
25264
25265
25266
25267
25268
25269
25459
25460
25461
25462
25463
25464
25465
25466
25467
25468
25469
25479
25480
25481
25482
25483
25484
25485
25486
25487
25488
25489
25499
25500
25501
25502
25503
25504
25505
25506
25507
25508
25509
25519
25520
25521
25522
25523
25524
25525
25526
25527
25528
25529
25539
25540
25541
25542
25543
25544
25545
25546
25547
25548
25549
25559
25560
25561
25562
25563
25564
25565
25566
25567
25568
25569
25579
25580
25581
25582
25583
25584
25585
25586
25587
25588
25589
25599
25600
25601
25602
25603
25604
25605
25606
25607
25608
25609
25619
25620
25621
25622
25623
25624
25625
25626
25627
25628
25629
25639
25640
25641
25642
25643
25644
25645
25646
25647
25648
25649
25839
25840
25841
25842
25843
25844
25845
25846
25847
25848
25849
25859
25860
25861
25862
25863
25864
25865
25866
25867
25868
25869
25879
25880
25881
25882
25883
25884
25885
25886
25887
25888
25889
25899
25900
25901
25902
25903
25904
25905
25906
25907
25908
25909
25919
25920
25921
25922
25923
25924
25925
25926
25927
25928
25929
25939
25940
25941
25942
25943
25944
25945
25946
25947
25948
25949
25959
25960
25961
25962
25963
25964
25965
25966
25967
25968
25969
25979
25980
25981
25982
25983
25984
25985
25986
25987
25988
25989
25999
26000
26001
26002
26003
26004
26005
26006
26007
26008
26009
26019
26020
26021
26022
26023
26024
26025
26026
26027
26028
26029
26219
26220
26221
26222
26223
26224
26225
26226
26227
26228
26229
26239
26240
26241
26242
26243
26244
26245
26246
26247
26248
26249
26259
26260
26261
26262
26263
26264
26265
26266
26267
26268
26269
26279
26280
26281
26282
26283
26284
26285
26286
26287
26288
26289
26299
26300
26301
26302
26303
26304
26305
26306
26307
26308
26309
26319
26320
26321
26322
26323
26324
26325
26326
26327
26328
26329
26339
26340
26341
26342
26343
26344
26345
26346
26347
26348
26349
26359
26360
26361
26362
26363
26364
26365
26366
26367
26368
26369
26379
26380
26381
26382
26383
26384
26385
26386
26387
26388
26389
26399
26400
26401
26402
26403
26404
26405
26406
26407
26408
26409
26599
26600
26601
26602
26603
26604
26605
26606
26607
26608
26609
26619
26620
26621
26622
26623
26624
26625
26626
26627
26628
26629
26639
26640
26641
26642
26643
26644
26645
26646
26647
26648
26649
26659
26660
26661
26662
26663
26664
26665
26666
26667
26668
26669
26679
26680
26681
26682
26683
26684
26685
26686
26687
26688
26689
26699
26700
26701
26702
26703
26704
26705
26706
26707
26708
26709
26719
26720
26721
26722
26723
26724
26725
26726
26727
26728
26729
26739
26740
26741
26742
26743
26744
26745
26746
26747
26748
26749
26759
26760
26761
26762
26763
26764
26765
26766
26767
26768
26769
26779
26780
26781
26782
26783
26784
26785
26786
26787
26788
26789
26979
26980
26981
26982
26983
26984
26985
26986
26987
26988
26989
26999
27000
27001
27002
27003
27004
27005
27006
27007
27008
27009
27019
27020
27021
27022
27023
27024
27025
27026
27027
27028
27029
27039
27040
27041
27042
27043
27044
27045
27046
27047
27048
27049
27059
27060
27061
27062
27063
27064
27065
27066
27067
27068
27069
27079
27080
27081
27082
27083
27084
27085
27086
27087
27088
27089
27099
27100
27101
27102
27103
27104
27105
27106
27107
27108
27109
27119
27120
27121
27122
27123
27124
27125
27126
27127
27128
27129
27139
27140
27141
27142
27143
27144
27145
27146
27147
27148
27149
27159
27160
27161
27162
27163
27164
27165
27166
27167
27168
27169
27359
27360
27361
27362
27363
27364
27365
27366
27367
27368
27369
27379
27380
27381
27382
27383
27384
27385
27386
27387
27388
27389
27399
27400
27401
27402
27403
27404
27405
27406
27407
27408
27409
27419
27420
27421
27422
27423
27424
27425
27426
27427
27428
27429
27439
27440
27441
27442
27443
27444
27445
27446
27447
27448
27449
27459
27460
27461
27462
27463
27464
27465
27466
27467
27468
27469
27479
27480
27481
27482
27483
27484
27485
27486
27487
27488
27489
27499
27500
27501
27502
27503
27504
27505
27506
27507
27508
27509
27519
27520
27521
27522
27523
27524
27525
27526
27527
27528
27529
27539
27540
27541
27542
27543
27544
27545
27546
27547
27548
27549
27739
27740
27741
27742
27743
27744
27745
27746
27747
27748
27749
27759
27760
27761
27762
27763
27764
27765
27766
27767
27768
27769
27779
27780
27781
27782
27783
27784
27785
27786
27787
27788
27789
27799
27800
27801
27802
27803
27804
27805
27806
27807
27808
27809
27819
27820
27821
27822
27823
27824
27825
27826
27827
27828
27829
27839
27840
27841
27842
27843
27844
27845
27846
27847
27848
27849
27859
27860
27861
27862
27863
27864
27865
27866
27867
27868
27869
27879
27880
27881
27882
27883
27884
27885
27886
27887
27888
27889
27899
27900
27901
27902
27903
27904
27905
27906
27907
27908
27909
27919
27920
27921
27922
27923
27924
27925
27926
27927
27928
27929
28119
28120
28121
28122
28123
28124
28125
28126
28127
28128
28129
28139
28140
28141
28142
28143
28144
28145
28146
28147
28148
28149
28159
28160
28161
28162
28163
28164
28165
28166
28167
28168
28169
28179
28180
28181
28182
28183
28184
28185
28186
28187
28188
28189
28199
28200
28201
28202
28203
28204
28205
28206
28207
28208
28209
28219
28220
28221
28222
28223
28224
28225
28226
28227
28228
28229
28239
28240
28241
28242
28243
28244
28245
28246
28247
28248
28249
28259
28260
28261
28262
28263
28264
28265
28266
28267
28268
28269
28279
28280
28281
28282
28283
28284
28285
28286
28287
28288
28289
28299
28300
28301
28302
28303
28304
28305
28306
28307
28308
28309
28499
28500
28501
28502
28503
28504
28505
28506
28507
28508
28519
28520
28521
28522
28523
28524
28525
28526
28527
28539
28540
28541
28542
28543
28544
28545
28546
28559
28560
28561
28562
28563
28564
28565
28579
28580
28581
28582
28583
28584
28599
28600
28601
28602
28603
28604
28619
28620
28621
28622
28623
28639
28640
28641
28642
28659
28660
28661
28679
28680
36102
36114
36126
36138
36150
36162
36174
36186
36198
36210
36222
36342
36354
36366
36378
36390
36402
36414
36426
36438
36450
36462
36582
36594
36606
36618
36630
36642
36654
36666
36678
36690
36702
36822
36834
36846
36858
36870
36882
36894
36906
36918
36930
36942
37062
37074
37086
37098
37110
37122
37134
37146
37158
37170
37182
37302
37314
37326
37338
37350
37362
37374
37386
37398
37410
37422
37542
37554
37566
37578
37590
37602
37614
37626
37638
37650
37662
37782
37794
37806
37818
37830
37842
37854
37866
37878
37890
37902
38022
38034
38046
38058
38070
38082
38094
38106
38118
38130
38142
38262
38274
38286
38298
38310
38322
38334
38346
38358
38370
38382
38502
38514
38526
38538
38550
38562
38574
38586
38598
38610
38622
41514
41658
41802
41946
42090
42234
42378
42522
42666
42810
42954
)


// ************************************************************************* //
