/*--------------------------------*- C++ -*----------------------------------*\
  =========                 |
  \\      /  F ield         | OpenFOAM: The Open Source CFD Toolbox
   \\    /   O peration     | Website:  https://openfoam.org
    \\  /    A nd           | Version:  7
     \\/     M anipulation  |
\*---------------------------------------------------------------------------*/
FoamFile
{
    version     2.0;
    format      ascii;
    class       labelList;
    location    "constant/polyMesh";
    object      cellProcAddressing;
}
// * * * * * * * * * * * * * * * * * * * * * * * * * * * * * * * * * * * * * //


1270
(
37633
37634
37635
37636
37637
37638
37639
37640
37641
37642
37643
37645
37646
37647
37648
37649
37650
37651
37652
37653
37654
37655
37657
37658
37659
37660
37661
37662
37663
37664
37665
37666
37667
37669
37670
37671
37672
37673
37674
37675
37676
37677
37678
37679
37681
37682
37683
37684
37685
37686
37687
37688
37689
37690
37691
37693
37694
37695
37696
37697
37698
37699
37700
37701
37702
37703
37705
37706
37707
37708
37709
37710
37711
37712
37713
37714
37715
37717
37718
37719
37720
37721
37722
37723
37724
37725
37726
37727
37729
37730
37731
37732
37733
37734
37735
37736
37737
37738
37739
37741
37742
37743
37744
37745
37746
37747
37748
37749
37750
37751
37753
37754
37755
37756
37757
37758
37759
37760
37761
37762
37763
37777
37778
37779
37780
37781
37782
37783
37784
37785
37786
37787
37789
37790
37791
37792
37793
37794
37795
37796
37797
37798
37799
37801
37802
37803
37804
37805
37806
37807
37808
37809
37810
37811
37813
37814
37815
37816
37817
37818
37819
37820
37821
37822
37823
37825
37826
37827
37828
37829
37830
37831
37832
37833
37834
37835
37837
37838
37839
37840
37841
37842
37843
37844
37845
37846
37847
37849
37850
37851
37852
37853
37854
37855
37856
37857
37858
37859
37861
37862
37863
37864
37865
37866
37867
37868
37869
37870
37871
37873
37874
37875
37876
37877
37878
37879
37880
37881
37882
37883
37885
37886
37887
37888
37889
37890
37891
37892
37893
37894
37895
37897
37898
37899
37900
37901
37902
37903
37904
37905
37906
37907
37921
37922
37923
37924
37925
37926
37927
37928
37929
37930
37931
37933
37934
37935
37936
37937
37938
37939
37940
37941
37942
37943
37945
37946
37947
37948
37949
37950
37951
37952
37953
37954
37955
37957
37958
37959
37960
37961
37962
37963
37964
37965
37966
37967
37969
37970
37971
37972
37973
37974
37975
37976
37977
37978
37979
37981
37982
37983
37984
37985
37986
37987
37988
37989
37990
37991
37993
37994
37995
37996
37997
37998
37999
38000
38001
38002
38003
38005
38006
38007
38008
38009
38010
38011
38012
38013
38014
38015
38017
38018
38019
38020
38021
38022
38023
38024
38025
38026
38027
38029
38030
38031
38032
38033
38034
38035
38036
38037
38038
38039
38041
38042
38043
38044
38045
38046
38047
38048
38049
38050
38051
38065
38066
38067
38068
38069
38070
38071
38072
38073
38074
38075
38077
38078
38079
38080
38081
38082
38083
38084
38085
38086
38087
38089
38090
38091
38092
38093
38094
38095
38096
38097
38098
38099
38101
38102
38103
38104
38105
38106
38107
38108
38109
38110
38111
38113
38114
38115
38116
38117
38118
38119
38120
38121
38122
38123
38125
38126
38127
38128
38129
38130
38131
38132
38133
38134
38135
38137
38138
38139
38140
38141
38142
38143
38144
38145
38146
38147
38149
38150
38151
38152
38153
38154
38155
38156
38157
38158
38159
38161
38162
38163
38164
38165
38166
38167
38168
38169
38170
38171
38173
38174
38175
38176
38177
38178
38179
38180
38181
38182
38183
38185
38186
38187
38188
38189
38190
38191
38192
38193
38194
38195
38209
38210
38211
38212
38213
38214
38215
38216
38217
38218
38219
38221
38222
38223
38224
38225
38226
38227
38228
38229
38230
38231
38233
38234
38235
38236
38237
38238
38239
38240
38241
38242
38243
38245
38246
38247
38248
38249
38250
38251
38252
38253
38254
38255
38257
38258
38259
38260
38261
38262
38263
38264
38265
38266
38267
38269
38270
38271
38272
38273
38274
38275
38276
38277
38278
38279
38281
38282
38283
38284
38285
38286
38287
38288
38289
38290
38291
38293
38294
38295
38296
38297
38298
38299
38300
38301
38302
38303
38305
38306
38307
38308
38309
38310
38311
38312
38313
38314
38315
38317
38318
38319
38320
38321
38322
38323
38324
38325
38326
38327
38329
38330
38331
38332
38333
38334
38335
38336
38337
38338
38339
38353
38354
38355
38356
38357
38358
38359
38360
38361
38362
38363
38365
38366
38367
38368
38369
38370
38371
38372
38373
38374
38375
38377
38378
38379
38380
38381
38382
38383
38384
38385
38386
38387
38389
38390
38391
38392
38393
38394
38395
38396
38397
38398
38399
38401
38402
38403
38404
38405
38406
38407
38408
38409
38410
38411
38413
38414
38415
38416
38417
38418
38419
38420
38421
38422
38423
38425
38426
38427
38428
38429
38430
38431
38432
38433
38434
38435
38437
38438
38439
38440
38441
38442
38443
38444
38445
38446
38447
38449
38450
38451
38452
38453
38454
38455
38456
38457
38458
38459
38461
38462
38463
38464
38465
38466
38467
38468
38469
38470
38471
38473
38474
38475
38476
38477
38478
38479
38480
38481
38482
38483
38497
38498
38499
38500
38501
38502
38503
38504
38505
38506
38507
38509
38510
38511
38512
38513
38514
38515
38516
38517
38518
38519
38521
38522
38523
38524
38525
38526
38527
38528
38529
38530
38531
38533
38534
38535
38536
38537
38538
38539
38540
38541
38542
38543
38545
38546
38547
38548
38549
38550
38551
38552
38553
38554
38555
38557
38558
38559
38560
38561
38562
38563
38564
38565
38566
38567
38569
38570
38571
38572
38573
38574
38575
38576
38577
38578
38579
38581
38582
38583
38584
38585
38586
38587
38588
38589
38590
38591
38593
38594
38595
38596
38597
38598
38599
38600
38601
38602
38603
38605
38606
38607
38608
38609
38610
38611
38612
38613
38614
38615
38617
38618
38619
38620
38621
38622
38623
38624
38625
38626
38627
38641
38642
38643
38644
38645
38646
38647
38648
38649
38650
38651
38653
38654
38655
38656
38657
38658
38659
38660
38661
38662
38663
38665
38666
38667
38668
38669
38670
38671
38672
38673
38674
38675
38677
38678
38679
38680
38681
38682
38683
38684
38685
38686
38687
38689
38690
38691
38692
38693
38694
38695
38696
38697
38698
38699
38701
38702
38703
38704
38705
38706
38707
38708
38709
38710
38711
38713
38714
38715
38716
38717
38718
38719
38720
38721
38722
38723
38725
38726
38727
38728
38729
38730
38731
38732
38733
38734
38735
38737
38738
38739
38740
38741
38742
38743
38744
38745
38746
38747
38749
38750
38751
38752
38753
38754
38755
38756
38757
38758
38759
38761
38762
38763
38764
38765
38766
38767
38768
38769
38770
38771
38785
38786
38787
38788
38789
38790
38791
38792
38793
38794
38795
38797
38798
38799
38800
38801
38802
38803
38804
38805
38806
38807
38809
38810
38811
38812
38813
38814
38815
38816
38817
38818
38819
38821
38822
38823
38824
38825
38826
38827
38828
38829
38830
38831
38833
38834
38835
38836
38837
38838
38839
38840
38841
38842
38843
38845
38846
38847
38848
38849
38850
38851
38852
38853
38854
38855
38857
38858
38859
38860
38861
38862
38863
38864
38865
38866
38867
38869
38870
38871
38872
38873
38874
38875
38876
38877
38878
38879
38881
38882
38883
38884
38885
38886
38887
38888
38889
38890
38891
38893
38894
38895
38896
38897
38898
38899
38900
38901
38902
38903
38905
38906
38907
38908
38909
38910
38911
38912
38913
38914
38915
38929
38930
38931
38932
38933
38934
38935
38936
38937
38938
38939
38941
38942
38943
38944
38945
38946
38947
38948
38949
38950
38951
38953
38954
38955
38956
38957
38958
38959
38960
38961
38962
38963
38965
38966
38967
38968
38969
38970
38971
38972
38973
38974
38975
38977
38978
38979
38980
38981
38982
38983
38984
38985
38986
38987
38989
38990
38991
38992
38993
38994
38995
38996
38997
38998
38999
39001
39002
39003
39004
39005
39006
39007
39008
39009
39010
39011
39013
39014
39015
39016
39017
39018
39019
39020
39021
39022
39023
39025
39026
39027
39028
39029
39030
39031
39032
39033
39034
39035
39037
39038
39039
39040
39041
39042
39043
39044
39045
39046
39047
39049
39050
39051
39052
39053
39054
39055
39056
39057
39058
39059
39073
39074
39075
39076
39077
39078
39079
39080
39081
39082
39085
39086
39087
39088
39089
39090
39091
39092
39093
39097
39098
39099
39100
39101
39102
39103
39104
39109
39110
39111
39112
39113
39114
39115
39121
39122
39123
39124
39125
39126
39133
39134
39135
39136
39137
39145
39146
39147
39148
39149
39157
39158
39159
39160
39169
39170
39171
39181
39182
39193
)


// ************************************************************************* //
