/*--------------------------------*- C++ -*----------------------------------*\
  =========                 |
  \\      /  F ield         | OpenFOAM: The Open Source CFD Toolbox
   \\    /   O peration     | Website:  https://openfoam.org
    \\  /    A nd           | Version:  7
     \\/     M anipulation  |
\*---------------------------------------------------------------------------*/
FoamFile
{
    version     2.0;
    format      ascii;
    class       labelList;
    location    "constant/polyMesh";
    object      cellProcAddressing;
}
// * * * * * * * * * * * * * * * * * * * * * * * * * * * * * * * * * * * * * //


1271
(
13567
13586
13587
13605
13606
13607
13623
13624
13625
13626
13627
13642
13643
13644
13645
13646
13647
13661
13662
13663
13664
13665
13666
13667
13680
13681
13682
13683
13684
13685
13686
13687
13699
13700
13701
13702
13703
13704
13705
13706
13707
13718
13719
13720
13721
13722
13723
13724
13725
13726
13727
13758
13759
13760
13761
13762
13763
13764
13765
13766
13767
13778
13779
13780
13781
13782
13783
13784
13785
13786
13787
13798
13799
13800
13801
13802
13803
13804
13805
13806
13807
13818
13819
13820
13821
13822
13823
13824
13825
13826
13827
13838
13839
13840
13841
13842
13843
13844
13845
13846
13847
13858
13859
13860
13861
13862
13863
13864
13865
13866
13867
13878
13879
13880
13881
13882
13883
13884
13885
13886
13887
13898
13899
13900
13901
13902
13903
13904
13905
13906
13907
13918
13919
13920
13921
13922
13923
13924
13925
13926
13927
13938
13939
13940
13941
13942
13943
13944
13945
13946
13947
13958
13959
13960
13961
13962
13963
13964
13965
13966
13967
13998
13999
14000
14001
14002
14003
14004
14005
14006
14007
14018
14019
14020
14021
14022
14023
14024
14025
14026
14027
14038
14039
14040
14041
14042
14043
14044
14045
14046
14047
14058
14059
14060
14061
14062
14063
14064
14065
14066
14067
14078
14079
14080
14081
14082
14083
14084
14085
14086
14087
14098
14099
14100
14101
14102
14103
14104
14105
14106
14107
14118
14119
14120
14121
14122
14123
14124
14125
14126
14127
14138
14139
14140
14141
14142
14143
14144
14145
14146
14147
14158
14159
14160
14161
14162
14163
14164
14165
14166
14167
14178
14179
14180
14181
14182
14183
14184
14185
14186
14187
14198
14199
14200
14201
14202
14203
14204
14205
14206
14207
14238
14239
14240
14241
14242
14243
14244
14245
14246
14247
14258
14259
14260
14261
14262
14263
14264
14265
14266
14267
14278
14279
14280
14281
14282
14283
14284
14285
14286
14287
14298
14299
14300
14301
14302
14303
14304
14305
14306
14307
14318
14319
14320
14321
14322
14323
14324
14325
14326
14327
14338
14339
14340
14341
14342
14343
14344
14345
14346
14347
14358
14359
14360
14361
14362
14363
14364
14365
14366
14367
14378
14379
14380
14381
14382
14383
14384
14385
14386
14387
14398
14399
14400
14401
14402
14403
14404
14405
14406
14407
14418
14419
14420
14421
14422
14423
14424
14425
14426
14427
14438
14439
14440
14441
14442
14443
14444
14445
14446
14447
14478
14479
14480
14481
14482
14483
14484
14485
14486
14487
14498
14499
14500
14501
14502
14503
14504
14505
14506
14507
14518
14519
14520
14521
14522
14523
14524
14525
14526
14527
14538
14539
14540
14541
14542
14543
14544
14545
14546
14547
14558
14559
14560
14561
14562
14563
14564
14565
14566
14567
14578
14579
14580
14581
14582
14583
14584
14585
14586
14587
14598
14599
14600
14601
14602
14603
14604
14605
14606
14607
14618
14619
14620
14621
14622
14623
14624
14625
14626
14627
14638
14639
14640
14641
14642
14643
14644
14645
14646
14647
14658
14659
14660
14661
14662
14663
14664
14665
14666
14667
14678
14679
14680
14681
14682
14683
14684
14685
14686
14687
14718
14719
14720
14721
14722
14723
14724
14725
14726
14727
14738
14739
14740
14741
14742
14743
14744
14745
14746
14747
14758
14759
14760
14761
14762
14763
14764
14765
14766
14767
14778
14779
14780
14781
14782
14783
14784
14785
14786
14787
14798
14799
14800
14801
14802
14803
14804
14805
14806
14807
14818
14819
14820
14821
14822
14823
14824
14825
14826
14827
14838
14839
14840
14841
14842
14843
14844
14845
14846
14847
14858
14859
14860
14861
14862
14863
14864
14865
14866
14867
14878
14879
14880
14881
14882
14883
14884
14885
14886
14887
14898
14899
14900
14901
14902
14903
14904
14905
14906
14907
14918
14919
14920
14921
14922
14923
14924
14925
14926
14927
14958
14959
14960
14961
14962
14963
14964
14965
14966
14967
14978
14979
14980
14981
14982
14983
14984
14985
14986
14987
14998
14999
15000
15001
15002
15003
15004
15005
15006
15007
15018
15019
15020
15021
15022
15023
15024
15025
15026
15027
15038
15039
15040
15041
15042
15043
15044
15045
15046
15047
15058
15059
15060
15061
15062
15063
15064
15065
15066
15067
15078
15079
15080
15081
15082
15083
15084
15085
15086
15087
15098
15099
15100
15101
15102
15103
15104
15105
15106
15107
15118
15119
15120
15121
15122
15123
15124
15125
15126
15127
15138
15139
15140
15141
15142
15143
15144
15145
15146
15147
15158
15159
15160
15161
15162
15163
15164
15165
15166
15167
15198
15199
15200
15201
15202
15203
15204
15205
15206
15207
15218
15219
15220
15221
15222
15223
15224
15225
15226
15227
15238
15239
15240
15241
15242
15243
15244
15245
15246
15247
15258
15259
15260
15261
15262
15263
15264
15265
15266
15267
15278
15279
15280
15281
15282
15283
15284
15285
15286
15287
15298
15299
15300
15301
15302
15303
15304
15305
15306
15307
15318
15319
15320
15321
15322
15323
15324
15325
15326
15327
15338
15339
15340
15341
15342
15343
15344
15345
15346
15347
15358
15359
15360
15361
15362
15363
15364
15365
15366
15367
15378
15379
15380
15381
15382
15383
15384
15385
15386
15387
15398
15399
15400
15401
15402
15403
15404
15405
15406
15407
15438
15439
15440
15441
15442
15443
15444
15445
15446
15447
15458
15459
15460
15461
15462
15463
15464
15465
15466
15467
15478
15479
15480
15481
15482
15483
15484
15485
15486
15487
15498
15499
15500
15501
15502
15503
15504
15505
15506
15507
15518
15519
15520
15521
15522
15523
15524
15525
15526
15527
15538
15539
15540
15541
15542
15543
15544
15545
15546
15547
15558
15559
15560
15561
15562
15563
15564
15565
15566
15567
15578
15579
15580
15581
15582
15583
15584
15585
15586
15587
15598
15599
15600
15601
15602
15603
15604
15605
15606
15607
15618
15619
15620
15621
15622
15623
15624
15625
15626
15627
15638
15639
15640
15641
15642
15643
15644
15645
15646
15647
15678
15679
15680
15681
15682
15683
15684
15685
15686
15687
15698
15699
15700
15701
15702
15703
15704
15705
15706
15707
15718
15719
15720
15721
15722
15723
15724
15725
15726
15727
15738
15739
15740
15741
15742
15743
15744
15745
15746
15747
15758
15759
15760
15761
15762
15763
15764
15765
15766
15767
15778
15779
15780
15781
15782
15783
15784
15785
15786
15787
15798
15799
15800
15801
15802
15803
15804
15805
15806
15807
15818
15819
15820
15821
15822
15823
15824
15825
15826
15827
15838
15839
15840
15841
15842
15843
15844
15845
15846
15847
15858
15859
15860
15861
15862
15863
15864
15865
15866
15867
15878
15879
15880
15881
15882
15883
15884
15885
15886
15887
15918
15919
15920
15921
15922
15923
15924
15925
15926
15927
15938
15939
15940
15941
15942
15943
15944
15945
15946
15947
15958
15959
15960
15961
15962
15963
15964
15965
15966
15967
15978
15979
15980
15981
15982
15983
15984
15985
15986
15987
15998
15999
16000
16001
16002
16003
16004
16005
16006
16007
16018
16019
16020
16021
16022
16023
16024
16025
16026
16027
16038
16039
16040
16041
16042
16043
16044
16045
16046
16047
16058
16059
16060
16061
16062
16063
16064
16065
16066
16067
16078
16079
16080
16081
16082
16083
16084
16085
16086
16087
16098
16099
16100
16101
16102
16103
16104
16105
16106
16107
16118
16119
16120
16121
16122
16123
16124
16125
16126
16127
31032
31044
31056
31068
31080
31092
31104
31116
31128
31140
31164
31176
31188
31200
31212
31224
31236
31248
31260
31272
31284
31308
31320
31332
31344
31356
31368
31380
31392
31404
31416
31428
31452
31464
31476
31488
31500
31512
31524
31536
31548
31560
31572
31596
31608
31620
31632
31644
31656
31668
31680
31692
31704
31716
31740
31752
31764
31776
31788
31800
31812
31824
31836
31848
31860
31884
31896
31908
31920
31932
31944
31956
31968
31980
31992
32004
32028
32040
32052
32064
32076
32088
32100
32112
32124
32136
32148
32172
32184
32196
32208
32220
32232
32244
32256
32268
32280
32292
32316
32328
32340
32352
32364
32376
32388
32400
32412
32424
32436
32460
32472
32484
32496
32508
32520
32532
32544
32556
32568
32580
)


// ************************************************************************* //
