/*--------------------------------*- C++ -*----------------------------------*\
  =========                 |
  \\      /  F ield         | OpenFOAM: The Open Source CFD Toolbox
   \\    /   O peration     | Website:  https://openfoam.org
    \\  /    A nd           | Version:  7
     \\/     M anipulation  |
\*---------------------------------------------------------------------------*/
FoamFile
{
    version     2.0;
    format      ascii;
    class       labelList;
    location    "constant/polyMesh";
    object      pointProcAddressing;
}
// * * * * * * * * * * * * * * * * * * * * * * * * * * * * * * * * * * * * * //


1667
(
15529
15548
15549
15567
15568
15569
15586
15587
15588
15589
15604
15605
15606
15607
15608
15609
15623
15624
15625
15626
15627
15628
15629
15642
15643
15644
15645
15646
15647
15648
15649
15661
15662
15663
15664
15665
15666
15667
15668
15669
15680
15681
15682
15683
15684
15685
15686
15687
15688
15689
15699
15700
15701
15702
15703
15704
15705
15706
15707
15708
15709
15719
15720
15721
15722
15723
15724
15725
15726
15727
15728
15729
15759
15760
15761
15762
15763
15764
15765
15766
15767
15768
15769
15779
15780
15781
15782
15783
15784
15785
15786
15787
15788
15789
15799
15800
15801
15802
15803
15804
15805
15806
15807
15808
15809
15819
15820
15821
15822
15823
15824
15825
15826
15827
15828
15829
15839
15840
15841
15842
15843
15844
15845
15846
15847
15848
15849
15859
15860
15861
15862
15863
15864
15865
15866
15867
15868
15869
15879
15880
15881
15882
15883
15884
15885
15886
15887
15888
15889
15899
15900
15901
15902
15903
15904
15905
15906
15907
15908
15909
15919
15920
15921
15922
15923
15924
15925
15926
15927
15928
15929
15939
15940
15941
15942
15943
15944
15945
15946
15947
15948
15949
15959
15960
15961
15962
15963
15964
15965
15966
15967
15968
15969
15979
15980
15981
15982
15983
15984
15985
15986
15987
15988
15989
16019
16020
16021
16022
16023
16024
16025
16026
16027
16028
16029
16039
16040
16041
16042
16043
16044
16045
16046
16047
16048
16049
16059
16060
16061
16062
16063
16064
16065
16066
16067
16068
16069
16079
16080
16081
16082
16083
16084
16085
16086
16087
16088
16089
16099
16100
16101
16102
16103
16104
16105
16106
16107
16108
16109
16119
16120
16121
16122
16123
16124
16125
16126
16127
16128
16129
16139
16140
16141
16142
16143
16144
16145
16146
16147
16148
16149
16159
16160
16161
16162
16163
16164
16165
16166
16167
16168
16169
16179
16180
16181
16182
16183
16184
16185
16186
16187
16188
16189
16199
16200
16201
16202
16203
16204
16205
16206
16207
16208
16209
16219
16220
16221
16222
16223
16224
16225
16226
16227
16228
16229
16239
16240
16241
16242
16243
16244
16245
16246
16247
16248
16249
16279
16280
16281
16282
16283
16284
16285
16286
16287
16288
16289
16299
16300
16301
16302
16303
16304
16305
16306
16307
16308
16309
16319
16320
16321
16322
16323
16324
16325
16326
16327
16328
16329
16339
16340
16341
16342
16343
16344
16345
16346
16347
16348
16349
16359
16360
16361
16362
16363
16364
16365
16366
16367
16368
16369
16379
16380
16381
16382
16383
16384
16385
16386
16387
16388
16389
16399
16400
16401
16402
16403
16404
16405
16406
16407
16408
16409
16419
16420
16421
16422
16423
16424
16425
16426
16427
16428
16429
16439
16440
16441
16442
16443
16444
16445
16446
16447
16448
16449
16459
16460
16461
16462
16463
16464
16465
16466
16467
16468
16469
16479
16480
16481
16482
16483
16484
16485
16486
16487
16488
16489
16499
16500
16501
16502
16503
16504
16505
16506
16507
16508
16509
16539
16540
16541
16542
16543
16544
16545
16546
16547
16548
16549
16559
16560
16561
16562
16563
16564
16565
16566
16567
16568
16569
16579
16580
16581
16582
16583
16584
16585
16586
16587
16588
16589
16599
16600
16601
16602
16603
16604
16605
16606
16607
16608
16609
16619
16620
16621
16622
16623
16624
16625
16626
16627
16628
16629
16639
16640
16641
16642
16643
16644
16645
16646
16647
16648
16649
16659
16660
16661
16662
16663
16664
16665
16666
16667
16668
16669
16679
16680
16681
16682
16683
16684
16685
16686
16687
16688
16689
16699
16700
16701
16702
16703
16704
16705
16706
16707
16708
16709
16719
16720
16721
16722
16723
16724
16725
16726
16727
16728
16729
16739
16740
16741
16742
16743
16744
16745
16746
16747
16748
16749
16759
16760
16761
16762
16763
16764
16765
16766
16767
16768
16769
16799
16800
16801
16802
16803
16804
16805
16806
16807
16808
16809
16819
16820
16821
16822
16823
16824
16825
16826
16827
16828
16829
16839
16840
16841
16842
16843
16844
16845
16846
16847
16848
16849
16859
16860
16861
16862
16863
16864
16865
16866
16867
16868
16869
16879
16880
16881
16882
16883
16884
16885
16886
16887
16888
16889
16899
16900
16901
16902
16903
16904
16905
16906
16907
16908
16909
16919
16920
16921
16922
16923
16924
16925
16926
16927
16928
16929
16939
16940
16941
16942
16943
16944
16945
16946
16947
16948
16949
16959
16960
16961
16962
16963
16964
16965
16966
16967
16968
16969
16979
16980
16981
16982
16983
16984
16985
16986
16987
16988
16989
16999
17000
17001
17002
17003
17004
17005
17006
17007
17008
17009
17019
17020
17021
17022
17023
17024
17025
17026
17027
17028
17029
17059
17060
17061
17062
17063
17064
17065
17066
17067
17068
17069
17079
17080
17081
17082
17083
17084
17085
17086
17087
17088
17089
17099
17100
17101
17102
17103
17104
17105
17106
17107
17108
17109
17119
17120
17121
17122
17123
17124
17125
17126
17127
17128
17129
17139
17140
17141
17142
17143
17144
17145
17146
17147
17148
17149
17159
17160
17161
17162
17163
17164
17165
17166
17167
17168
17169
17179
17180
17181
17182
17183
17184
17185
17186
17187
17188
17189
17199
17200
17201
17202
17203
17204
17205
17206
17207
17208
17209
17219
17220
17221
17222
17223
17224
17225
17226
17227
17228
17229
17239
17240
17241
17242
17243
17244
17245
17246
17247
17248
17249
17259
17260
17261
17262
17263
17264
17265
17266
17267
17268
17269
17279
17280
17281
17282
17283
17284
17285
17286
17287
17288
17289
17319
17320
17321
17322
17323
17324
17325
17326
17327
17328
17329
17339
17340
17341
17342
17343
17344
17345
17346
17347
17348
17349
17359
17360
17361
17362
17363
17364
17365
17366
17367
17368
17369
17379
17380
17381
17382
17383
17384
17385
17386
17387
17388
17389
17399
17400
17401
17402
17403
17404
17405
17406
17407
17408
17409
17419
17420
17421
17422
17423
17424
17425
17426
17427
17428
17429
17439
17440
17441
17442
17443
17444
17445
17446
17447
17448
17449
17459
17460
17461
17462
17463
17464
17465
17466
17467
17468
17469
17479
17480
17481
17482
17483
17484
17485
17486
17487
17488
17489
17499
17500
17501
17502
17503
17504
17505
17506
17507
17508
17509
17519
17520
17521
17522
17523
17524
17525
17526
17527
17528
17529
17539
17540
17541
17542
17543
17544
17545
17546
17547
17548
17549
17579
17580
17581
17582
17583
17584
17585
17586
17587
17588
17589
17599
17600
17601
17602
17603
17604
17605
17606
17607
17608
17609
17619
17620
17621
17622
17623
17624
17625
17626
17627
17628
17629
17639
17640
17641
17642
17643
17644
17645
17646
17647
17648
17649
17659
17660
17661
17662
17663
17664
17665
17666
17667
17668
17669
17679
17680
17681
17682
17683
17684
17685
17686
17687
17688
17689
17699
17700
17701
17702
17703
17704
17705
17706
17707
17708
17709
17719
17720
17721
17722
17723
17724
17725
17726
17727
17728
17729
17739
17740
17741
17742
17743
17744
17745
17746
17747
17748
17749
17759
17760
17761
17762
17763
17764
17765
17766
17767
17768
17769
17779
17780
17781
17782
17783
17784
17785
17786
17787
17788
17789
17799
17800
17801
17802
17803
17804
17805
17806
17807
17808
17809
17839
17840
17841
17842
17843
17844
17845
17846
17847
17848
17849
17859
17860
17861
17862
17863
17864
17865
17866
17867
17868
17869
17879
17880
17881
17882
17883
17884
17885
17886
17887
17888
17889
17899
17900
17901
17902
17903
17904
17905
17906
17907
17908
17909
17919
17920
17921
17922
17923
17924
17925
17926
17927
17928
17929
17939
17940
17941
17942
17943
17944
17945
17946
17947
17948
17949
17959
17960
17961
17962
17963
17964
17965
17966
17967
17968
17969
17979
17980
17981
17982
17983
17984
17985
17986
17987
17988
17989
17999
18000
18001
18002
18003
18004
18005
18006
18007
18008
18009
18019
18020
18021
18022
18023
18024
18025
18026
18027
18028
18029
18039
18040
18041
18042
18043
18044
18045
18046
18047
18048
18049
18059
18060
18061
18062
18063
18064
18065
18066
18067
18068
18069
18099
18100
18101
18102
18103
18104
18105
18106
18107
18108
18109
18119
18120
18121
18122
18123
18124
18125
18126
18127
18128
18129
18139
18140
18141
18142
18143
18144
18145
18146
18147
18148
18149
18159
18160
18161
18162
18163
18164
18165
18166
18167
18168
18169
18179
18180
18181
18182
18183
18184
18185
18186
18187
18188
18189
18199
18200
18201
18202
18203
18204
18205
18206
18207
18208
18209
18219
18220
18221
18222
18223
18224
18225
18226
18227
18228
18229
18239
18240
18241
18242
18243
18244
18245
18246
18247
18248
18249
18259
18260
18261
18262
18263
18264
18265
18266
18267
18268
18269
18279
18280
18281
18282
18283
18284
18285
18286
18287
18288
18289
18299
18300
18301
18302
18303
18304
18305
18306
18307
18308
18309
18319
18320
18321
18322
18323
18324
18325
18326
18327
18328
18329
18359
18360
18361
18362
18363
18364
18365
18366
18367
18368
18369
18379
18380
18381
18382
18383
18384
18385
18386
18387
18388
18389
18399
18400
18401
18402
18403
18404
18405
18406
18407
18408
18409
18419
18420
18421
18422
18423
18424
18425
18426
18427
18428
18429
18439
18440
18441
18442
18443
18444
18445
18446
18447
18448
18449
18459
18460
18461
18462
18463
18464
18465
18466
18467
18468
18469
18479
18480
18481
18482
18483
18484
18485
18486
18487
18488
18489
18499
18500
18501
18502
18503
18504
18505
18506
18507
18508
18509
18519
18520
18521
18522
18523
18524
18525
18526
18527
18528
18529
18539
18540
18541
18542
18543
18544
18545
18546
18547
18548
18549
18559
18560
18561
18562
18563
18564
18565
18566
18567
18568
18569
18579
18580
18581
18582
18583
18584
18585
18586
18587
18588
18589
34254
34266
34278
34290
34302
34314
34326
34338
34350
34362
34374
34398
34410
34422
34434
34446
34458
34470
34482
34494
34506
34518
34530
34554
34566
34578
34590
34602
34614
34626
34638
34650
34662
34674
34686
34710
34722
34734
34746
34758
34770
34782
34794
34806
34818
34830
34842
34866
34878
34890
34902
34914
34926
34938
34950
34962
34974
34986
34998
35022
35034
35046
35058
35070
35082
35094
35106
35118
35130
35142
35154
35178
35190
35202
35214
35226
35238
35250
35262
35274
35286
35298
35310
35334
35346
35358
35370
35382
35394
35406
35418
35430
35442
35454
35466
35490
35502
35514
35526
35538
35550
35562
35574
35586
35598
35610
35622
35646
35658
35670
35682
35694
35706
35718
35730
35742
35754
35766
35778
35802
35814
35826
35838
35850
35862
35874
35886
35898
35910
35922
35934
35958
35970
35982
35994
36006
36018
36030
36042
36054
36066
36078
36090
)


// ************************************************************************* //
