/*--------------------------------*- C++ -*----------------------------------*\
  =========                 |
  \\      /  F ield         | OpenFOAM: The Open Source CFD Toolbox
   \\    /   O peration     | Website:  https://openfoam.org
    \\  /    A nd           | Version:  7
     \\/     M anipulation  |
\*---------------------------------------------------------------------------*/
FoamFile
{
    version     2.0;
    format      ascii;
    class       labelList;
    location    "constant/polyMesh";
    object      cellProcAddressing;
}
// * * * * * * * * * * * * * * * * * * * * * * * * * * * * * * * * * * * * * //


1271
(
1595
1739
1883
2027
2171
2315
2459
2603
2747
2891
5795
5807
5819
5831
5843
5855
5867
5879
5891
5903
6035
6047
6059
6071
6083
6095
6107
6119
6131
6143
6275
6287
6299
6311
6323
6335
6347
6359
6371
6383
6515
6527
6539
6551
6563
6575
6587
6599
6611
6623
6755
6767
6779
6791
6803
6815
6827
6839
6851
6863
6995
7007
7019
7031
7043
7055
7067
7079
7091
7103
7235
7247
7259
7271
7283
7295
7307
7319
7331
7343
7475
7487
7499
7511
7523
7535
7547
7559
7571
7583
7715
7727
7739
7751
7763
7775
7787
7799
7811
7823
7955
7967
7979
7991
8003
8015
8027
8039
8051
8063
13488
13489
13490
13491
13492
13493
13494
13495
13496
13497
13728
13729
13730
13731
13732
13733
13734
13735
13736
13737
13968
13969
13970
13971
13972
13973
13974
13975
13976
13977
14208
14209
14210
14211
14212
14213
14214
14215
14216
14217
14448
14449
14450
14451
14452
14453
14454
14455
14456
14457
14688
14689
14690
14691
14692
14693
14694
14695
14696
14697
14928
14929
14930
14931
14932
14933
14934
14935
14936
14937
15168
15169
15170
15171
15172
15173
15174
15175
15176
15177
15408
15409
15410
15411
15412
15413
15414
15415
15416
15417
15648
15649
15650
15651
15652
15653
15654
15655
15656
15657
15888
15889
15890
15891
15892
15893
15894
15895
15896
15897
25377
25396
25397
25415
25416
25417
25434
25435
25436
25437
25453
25454
25455
25456
25457
25472
25473
25474
25475
25476
25477
25492
25493
25494
25495
25496
25497
25511
25512
25513
25514
25515
25516
25517
25530
25531
25532
25533
25534
25535
25536
25537
25549
25550
25551
25552
25553
25554
25555
25556
25557
25768
25769
25770
25771
25772
25773
25774
25775
25776
25777
25788
25789
25790
25791
25792
25793
25794
25795
25796
25797
25808
25809
25810
25811
25812
25813
25814
25815
25816
25817
25828
25829
25830
25831
25832
25833
25834
25835
25836
25837
25848
25849
25850
25851
25852
25853
25854
25855
25856
25857
25868
25869
25870
25871
25872
25873
25874
25875
25876
25877
25888
25889
25890
25891
25892
25893
25894
25895
25896
25897
25908
25909
25910
25911
25912
25913
25914
25915
25916
25917
25928
25929
25930
25931
25932
25933
25934
25935
25936
25937
25948
25949
25950
25951
25952
25953
25954
25955
25956
25957
26168
26169
26170
26171
26172
26173
26174
26175
26176
26177
26188
26189
26190
26191
26192
26193
26194
26195
26196
26197
26208
26209
26210
26211
26212
26213
26214
26215
26216
26217
26228
26229
26230
26231
26232
26233
26234
26235
26236
26237
26248
26249
26250
26251
26252
26253
26254
26255
26256
26257
26268
26269
26270
26271
26272
26273
26274
26275
26276
26277
26288
26289
26290
26291
26292
26293
26294
26295
26296
26297
26308
26309
26310
26311
26312
26313
26314
26315
26316
26317
26328
26329
26330
26331
26332
26333
26334
26335
26336
26337
26348
26349
26350
26351
26352
26353
26354
26355
26356
26357
26568
26569
26570
26571
26572
26573
26574
26575
26576
26577
26588
26589
26590
26591
26592
26593
26594
26595
26596
26597
26608
26609
26610
26611
26612
26613
26614
26615
26616
26617
26628
26629
26630
26631
26632
26633
26634
26635
26636
26637
26648
26649
26650
26651
26652
26653
26654
26655
26656
26657
26668
26669
26670
26671
26672
26673
26674
26675
26676
26677
26688
26689
26690
26691
26692
26693
26694
26695
26696
26697
26708
26709
26710
26711
26712
26713
26714
26715
26716
26717
26728
26729
26730
26731
26732
26733
26734
26735
26736
26737
26748
26749
26750
26751
26752
26753
26754
26755
26756
26757
26968
26969
26970
26971
26972
26973
26974
26975
26976
26977
26988
26989
26990
26991
26992
26993
26994
26995
26996
26997
27008
27009
27010
27011
27012
27013
27014
27015
27016
27017
27028
27029
27030
27031
27032
27033
27034
27035
27036
27037
27048
27049
27050
27051
27052
27053
27054
27055
27056
27057
27068
27069
27070
27071
27072
27073
27074
27075
27076
27077
27088
27089
27090
27091
27092
27093
27094
27095
27096
27097
27108
27109
27110
27111
27112
27113
27114
27115
27116
27117
27128
27129
27130
27131
27132
27133
27134
27135
27136
27137
27148
27149
27150
27151
27152
27153
27154
27155
27156
27157
27368
27369
27370
27371
27372
27373
27374
27375
27376
27377
27388
27389
27390
27391
27392
27393
27394
27395
27396
27397
27408
27409
27410
27411
27412
27413
27414
27415
27416
27417
27428
27429
27430
27431
27432
27433
27434
27435
27436
27437
27448
27449
27450
27451
27452
27453
27454
27455
27456
27457
27468
27469
27470
27471
27472
27473
27474
27475
27476
27477
27488
27489
27490
27491
27492
27493
27494
27495
27496
27497
27508
27509
27510
27511
27512
27513
27514
27515
27516
27517
27528
27529
27530
27531
27532
27533
27534
27535
27536
27537
27548
27549
27550
27551
27552
27553
27554
27555
27556
27557
27768
27769
27770
27771
27772
27773
27774
27775
27776
27777
27788
27789
27790
27791
27792
27793
27794
27795
27796
27797
27808
27809
27810
27811
27812
27813
27814
27815
27816
27817
27828
27829
27830
27831
27832
27833
27834
27835
27836
27837
27848
27849
27850
27851
27852
27853
27854
27855
27856
27857
27868
27869
27870
27871
27872
27873
27874
27875
27876
27877
27888
27889
27890
27891
27892
27893
27894
27895
27896
27897
27908
27909
27910
27911
27912
27913
27914
27915
27916
27917
27928
27929
27930
27931
27932
27933
27934
27935
27936
27937
27948
27949
27950
27951
27952
27953
27954
27955
27956
27957
28168
28169
28170
28171
28172
28173
28174
28175
28176
28177
28188
28189
28190
28191
28192
28193
28194
28195
28196
28197
28208
28209
28210
28211
28212
28213
28214
28215
28216
28217
28228
28229
28230
28231
28232
28233
28234
28235
28236
28237
28248
28249
28250
28251
28252
28253
28254
28255
28256
28257
28268
28269
28270
28271
28272
28273
28274
28275
28276
28277
28288
28289
28290
28291
28292
28293
28294
28295
28296
28297
28308
28309
28310
28311
28312
28313
28314
28315
28316
28317
28328
28329
28330
28331
28332
28333
28334
28335
28336
28337
28348
28349
28350
28351
28352
28353
28354
28355
28356
28357
28568
28569
28570
28571
28572
28573
28574
28575
28576
28577
28588
28589
28590
28591
28592
28593
28594
28595
28596
28597
28608
28609
28610
28611
28612
28613
28614
28615
28616
28617
28628
28629
28630
28631
28632
28633
28634
28635
28636
28637
28648
28649
28650
28651
28652
28653
28654
28655
28656
28657
28668
28669
28670
28671
28672
28673
28674
28675
28676
28677
28688
28689
28690
28691
28692
28693
28694
28695
28696
28697
28708
28709
28710
28711
28712
28713
28714
28715
28716
28717
28728
28729
28730
28731
28732
28733
28734
28735
28736
28737
28748
28749
28750
28751
28752
28753
28754
28755
28756
28757
28968
28969
28970
28971
28972
28973
28974
28975
28976
28977
28988
28989
28990
28991
28992
28993
28994
28995
28996
28997
29008
29009
29010
29011
29012
29013
29014
29015
29016
29017
29028
29029
29030
29031
29032
29033
29034
29035
29036
29037
29048
29049
29050
29051
29052
29053
29054
29055
29056
29057
29068
29069
29070
29071
29072
29073
29074
29075
29076
29077
29088
29089
29090
29091
29092
29093
29094
29095
29096
29097
29108
29109
29110
29111
29112
29113
29114
29115
29116
29117
29128
29129
29130
29131
29132
29133
29134
29135
29136
29137
29148
29149
29150
29151
29152
29153
29154
29155
29156
29157
29368
29369
29370
29371
29372
29373
29374
29375
29376
29377
29388
29389
29390
29391
29392
29393
29394
29395
29396
29397
29408
29409
29410
29411
29412
29413
29414
29415
29416
29417
29428
29429
29430
29431
29432
29433
29434
29435
29436
29437
29448
29449
29450
29451
29452
29453
29454
29455
29456
29457
29468
29469
29470
29471
29472
29473
29474
29475
29476
29477
29488
29489
29490
29491
29492
29493
29494
29495
29496
29497
29508
29509
29510
29511
29512
29513
29514
29515
29516
29517
29528
29529
29530
29531
29532
29533
29534
29535
29536
29537
29548
29549
29550
29551
29552
29553
29554
29555
29556
29557
)


// ************************************************************************* //
