/*--------------------------------*- C++ -*----------------------------------*\
  =========                 |
  \\      /  F ield         | OpenFOAM: The Open Source CFD Toolbox
   \\    /   O peration     | Website:  https://openfoam.org
    \\  /    A nd           | Version:  7
     \\/     M anipulation  |
\*---------------------------------------------------------------------------*/
FoamFile
{
    version     2.0;
    format      ascii;
    class       labelList;
    location    "constant/polyMesh";
    object      faceProcAddressing;
}
// * * * * * * * * * * * * * * * * * * * * * * * * * * * * * * * * * * * * * //


4175
(
4798
4799
4800
5230
5231
5232
5662
5663
5664
6094
6095
6096
6526
6527
6528
6958
6959
6960
7390
7391
7392
7822
7823
7824
8254
8255
8256
8675
8676
17254
17255
17256
17290
17291
17292
17326
17327
17328
17362
17363
17364
17398
17399
17400
17434
17435
17436
17470
17471
17472
17506
17507
17508
17542
17543
17544
17567
17568
17974
17975
17976
18010
18011
18012
18046
18047
18048
18082
18083
18084
18118
18119
18120
18154
18155
18156
18190
18191
18192
18226
18227
18228
18262
18263
18264
18287
18288
18694
18695
18696
18730
18731
18732
18766
18767
18768
18802
18803
18804
18838
18839
18840
18874
18875
18876
18910
18911
18912
18946
18947
18948
18982
18983
18984
19007
19008
19414
19415
19416
19450
19451
19452
19486
19487
19488
19522
19523
19524
19558
19559
19560
19594
19595
19596
19630
19631
19632
19666
19667
19668
19702
19703
19704
19727
19728
20134
20135
20136
20170
20171
20172
20206
20207
20208
20242
20243
20244
20278
20279
20280
20314
20315
20316
20350
20351
20352
20386
20387
20388
20422
20423
20424
20447
20448
20854
20855
20856
20890
20891
20892
20926
20927
20928
20962
20963
20964
20998
20999
21000
21034
21035
21036
21070
21071
21072
21106
21107
21108
21142
21143
21144
21167
21168
21574
21575
21576
21610
21611
21612
21646
21647
21648
21682
21683
21684
21718
21719
21720
21754
21755
21756
21790
21791
21792
21826
21827
21828
21862
21863
21864
21887
21888
22294
22295
22296
22330
22331
22332
22366
22367
22368
22402
22403
22404
22438
22439
22440
22474
22475
22476
22510
22511
22512
22546
22547
22548
22582
22583
22584
22607
22608
23014
23015
23016
23050
23051
23052
23086
23087
23088
23122
23123
23124
23158
23159
23160
23194
23195
23196
23230
23231
23232
23266
23267
23268
23302
23303
23304
23327
23328
23603
23604
23627
23628
23651
23652
23675
23676
23699
23700
23723
23724
23747
23748
23771
23772
23795
23796
23808
39685
39687
39689
39691
39692
39693
39695
39696
39697
39699
39700
39701
39703
39704
39705
39707
39708
39709
39711
39712
39713
39715
39716
39717
39719
39720
39723
39724
40405
40407
40408
40409
40411
40412
40413
40415
40416
40417
40419
40420
40421
40423
40424
40425
40427
40428
40429
40431
40432
40433
40435
40436
40437
40439
40440
40443
40444
41125
41127
41128
41129
41131
41132
41133
41135
41136
41137
41139
41140
41141
41143
41144
41145
41147
41148
41149
41151
41152
41153
41155
41156
41157
41159
41160
41163
41164
41845
41847
41848
41849
41851
41852
41853
41855
41856
41857
41859
41860
41861
41863
41864
41865
41867
41868
41869
41871
41872
41873
41875
41876
41877
41879
41880
41883
41884
42565
42567
42568
42569
42571
42572
42573
42575
42576
42577
42579
42580
42581
42583
42584
42585
42587
42588
42589
42591
42592
42593
42595
42596
42597
42599
42600
42603
42604
43285
43287
43288
43289
43291
43292
43293
43295
43296
43297
43299
43300
43301
43303
43304
43305
43307
43308
43309
43311
43312
43313
43315
43316
43317
43319
43320
43323
43324
44005
44007
44008
44009
44011
44012
44013
44015
44016
44017
44019
44020
44021
44023
44024
44025
44027
44028
44029
44031
44032
44033
44035
44036
44037
44039
44040
44043
44044
44725
44727
44728
44729
44731
44732
44733
44735
44736
44737
44739
44740
44741
44743
44744
44745
44747
44748
44749
44751
44752
44753
44755
44756
44757
44759
44760
44763
44764
45445
45447
45448
45449
45451
45452
45453
45455
45456
45457
45459
45460
45461
45463
45464
45465
45467
45468
45469
45471
45472
45473
45475
45476
45477
45479
45480
45483
45484
46165
46167
46168
46169
46171
46172
46173
46175
46176
46177
46179
46180
46181
46183
46184
46185
46187
46188
46189
46191
46192
46193
46195
46196
46197
46199
46200
46203
46204
46885
46887
46888
46890
46891
46893
46894
46896
46897
46899
46900
46902
46903
46905
46906
46908
46909
46911
46914
74673
74674
74729
74730
74731
74733
74734
74786
74787
74788
74789
74790
74791
74793
74794
74843
74844
74845
74846
74847
74848
74849
74850
74851
74853
74854
74900
74901
74902
74903
74904
74905
74906
74907
74908
74909
74910
74911
74913
74914
74957
74958
74959
74960
74961
74962
74963
74964
74965
74966
74967
74968
74969
74970
74971
74973
74974
75017
75018
75019
75020
75021
75022
75023
75024
75025
75026
75027
75028
75029
75030
75031
75033
75034
75074
75075
75076
75077
75078
75079
75080
75081
75082
75083
75084
75085
75086
75087
75088
75089
75090
75091
75093
75094
75131
75132
75133
75134
75135
75136
75137
75138
75139
75140
75141
75142
75143
75144
75145
75146
75147
75148
75149
75150
75151
75153
75154
75187
75188
75189
75190
75191
75192
75193
75194
75195
75196
75197
75198
75199
75200
75201
75202
75204
75825
75826
75827
75828
75829
75830
75831
75832
75833
75834
75835
75836
75837
75838
75839
75840
75841
75842
75843
75844
75845
75846
75847
75848
75849
75850
75851
75853
75854
75885
75886
75887
75888
75889
75890
75891
75892
75893
75894
75895
75896
75897
75898
75899
75900
75901
75902
75903
75904
75905
75906
75907
75908
75909
75910
75911
75913
75914
75945
75946
75947
75948
75949
75950
75951
75952
75953
75954
75955
75956
75957
75958
75959
75960
75961
75962
75963
75964
75965
75966
75967
75968
75969
75970
75971
75973
75974
76005
76006
76007
76008
76009
76010
76011
76012
76013
76014
76015
76016
76017
76018
76019
76020
76021
76022
76023
76024
76025
76026
76027
76028
76029
76030
76031
76033
76034
76065
76066
76067
76068
76069
76070
76071
76072
76073
76074
76075
76076
76077
76078
76079
76080
76081
76082
76083
76084
76085
76086
76087
76088
76089
76090
76091
76093
76094
76125
76126
76127
76128
76129
76130
76131
76132
76133
76134
76135
76136
76137
76138
76139
76140
76141
76142
76143
76144
76145
76146
76147
76148
76149
76150
76151
76153
76154
76185
76186
76187
76188
76189
76190
76191
76192
76193
76194
76195
76196
76197
76198
76199
76200
76201
76202
76203
76204
76205
76206
76207
76208
76209
76210
76211
76213
76214
76245
76246
76247
76248
76249
76250
76251
76252
76253
76254
76255
76256
76257
76258
76259
76260
76261
76262
76263
76264
76265
76266
76267
76268
76269
76270
76271
76273
76274
76305
76306
76307
76308
76309
76310
76311
76312
76313
76314
76315
76316
76317
76318
76319
76320
76321
76322
76323
76324
76325
76326
76327
76328
76329
76330
76331
76333
76334
76365
76366
76367
76368
76369
76370
76371
76372
76373
76374
76375
76376
76377
76378
76379
76380
76381
76382
76384
77005
77006
77007
77008
77009
77010
77011
77012
77013
77014
77015
77016
77017
77018
77019
77020
77021
77022
77023
77024
77025
77026
77027
77028
77029
77030
77031
77033
77034
77065
77066
77067
77068
77069
77070
77071
77072
77073
77074
77075
77076
77077
77078
77079
77080
77081
77082
77083
77084
77085
77086
77087
77088
77089
77090
77091
77093
77094
77125
77126
77127
77128
77129
77130
77131
77132
77133
77134
77135
77136
77137
77138
77139
77140
77141
77142
77143
77144
77145
77146
77147
77148
77149
77150
77151
77153
77154
77185
77186
77187
77188
77189
77190
77191
77192
77193
77194
77195
77196
77197
77198
77199
77200
77201
77202
77203
77204
77205
77206
77207
77208
77209
77210
77211
77213
77214
77245
77246
77247
77248
77249
77250
77251
77252
77253
77254
77255
77256
77257
77258
77259
77260
77261
77262
77263
77264
77265
77266
77267
77268
77269
77270
77271
77273
77274
77305
77306
77307
77308
77309
77310
77311
77312
77313
77314
77315
77316
77317
77318
77319
77320
77321
77322
77323
77324
77325
77326
77327
77328
77329
77330
77331
77333
77334
77365
77366
77367
77368
77369
77370
77371
77372
77373
77374
77375
77376
77377
77378
77379
77380
77381
77382
77383
77384
77385
77386
77387
77388
77389
77390
77391
77393
77394
77425
77426
77427
77428
77429
77430
77431
77432
77433
77434
77435
77436
77437
77438
77439
77440
77441
77442
77443
77444
77445
77446
77447
77448
77449
77450
77451
77453
77454
77485
77486
77487
77488
77489
77490
77491
77492
77493
77494
77495
77496
77497
77498
77499
77500
77501
77502
77503
77504
77505
77506
77507
77508
77509
77510
77511
77513
77514
77545
77546
77547
77548
77549
77550
77551
77552
77553
77554
77555
77556
77557
77558
77559
77560
77561
77562
77564
78185
78186
78187
78188
78189
78190
78191
78192
78193
78194
78195
78196
78197
78198
78199
78200
78201
78202
78203
78204
78205
78206
78207
78208
78209
78210
78211
78213
78214
78245
78246
78247
78248
78249
78250
78251
78252
78253
78254
78255
78256
78257
78258
78259
78260
78261
78262
78263
78264
78265
78266
78267
78268
78269
78270
78271
78273
78274
78305
78306
78307
78308
78309
78310
78311
78312
78313
78314
78315
78316
78317
78318
78319
78320
78321
78322
78323
78324
78325
78326
78327
78328
78329
78330
78331
78333
78334
78365
78366
78367
78368
78369
78370
78371
78372
78373
78374
78375
78376
78377
78378
78379
78380
78381
78382
78383
78384
78385
78386
78387
78388
78389
78390
78391
78393
78394
78425
78426
78427
78428
78429
78430
78431
78432
78433
78434
78435
78436
78437
78438
78439
78440
78441
78442
78443
78444
78445
78446
78447
78448
78449
78450
78451
78453
78454
78485
78486
78487
78488
78489
78490
78491
78492
78493
78494
78495
78496
78497
78498
78499
78500
78501
78502
78503
78504
78505
78506
78507
78508
78509
78510
78511
78513
78514
78545
78546
78547
78548
78549
78550
78551
78552
78553
78554
78555
78556
78557
78558
78559
78560
78561
78562
78563
78564
78565
78566
78567
78568
78569
78570
78571
78573
78574
78605
78606
78607
78608
78609
78610
78611
78612
78613
78614
78615
78616
78617
78618
78619
78620
78621
78622
78623
78624
78625
78626
78627
78628
78629
78630
78631
78633
78634
78665
78666
78667
78668
78669
78670
78671
78672
78673
78674
78675
78676
78677
78678
78679
78680
78681
78682
78683
78684
78685
78686
78687
78688
78689
78690
78691
78693
78694
78725
78726
78727
78728
78729
78730
78731
78732
78733
78734
78735
78736
78737
78738
78739
78740
78741
78742
78744
79365
79366
79367
79368
79369
79370
79371
79372
79373
79374
79375
79376
79377
79378
79379
79380
79381
79382
79383
79384
79385
79386
79387
79388
79389
79390
79391
79393
79394
79425
79426
79427
79428
79429
79430
79431
79432
79433
79434
79435
79436
79437
79438
79439
79440
79441
79442
79443
79444
79445
79446
79447
79448
79449
79450
79451
79453
79454
79485
79486
79487
79488
79489
79490
79491
79492
79493
79494
79495
79496
79497
79498
79499
79500
79501
79502
79503
79504
79505
79506
79507
79508
79509
79510
79511
79513
79514
79545
79546
79547
79548
79549
79550
79551
79552
79553
79554
79555
79556
79557
79558
79559
79560
79561
79562
79563
79564
79565
79566
79567
79568
79569
79570
79571
79573
79574
79605
79606
79607
79608
79609
79610
79611
79612
79613
79614
79615
79616
79617
79618
79619
79620
79621
79622
79623
79624
79625
79626
79627
79628
79629
79630
79631
79633
79634
79665
79666
79667
79668
79669
79670
79671
79672
79673
79674
79675
79676
79677
79678
79679
79680
79681
79682
79683
79684
79685
79686
79687
79688
79689
79690
79691
79693
79694
79725
79726
79727
79728
79729
79730
79731
79732
79733
79734
79735
79736
79737
79738
79739
79740
79741
79742
79743
79744
79745
79746
79747
79748
79749
79750
79751
79753
79754
79785
79786
79787
79788
79789
79790
79791
79792
79793
79794
79795
79796
79797
79798
79799
79800
79801
79802
79803
79804
79805
79806
79807
79808
79809
79810
79811
79813
79814
79845
79846
79847
79848
79849
79850
79851
79852
79853
79854
79855
79856
79857
79858
79859
79860
79861
79862
79863
79864
79865
79866
79867
79868
79869
79870
79871
79873
79874
79905
79906
79907
79908
79909
79910
79911
79912
79913
79914
79915
79916
79917
79918
79919
79920
79921
79922
79924
80545
80546
80547
80548
80549
80550
80551
80552
80553
80554
80555
80556
80557
80558
80559
80560
80561
80562
80563
80564
80565
80566
80567
80568
80569
80570
80571
80573
80574
80605
80606
80607
80608
80609
80610
80611
80612
80613
80614
80615
80616
80617
80618
80619
80620
80621
80622
80623
80624
80625
80626
80627
80628
80629
80630
80631
80633
80634
80665
80666
80667
80668
80669
80670
80671
80672
80673
80674
80675
80676
80677
80678
80679
80680
80681
80682
80683
80684
80685
80686
80687
80688
80689
80690
80691
80693
80694
80725
80726
80727
80728
80729
80730
80731
80732
80733
80734
80735
80736
80737
80738
80739
80740
80741
80742
80743
80744
80745
80746
80747
80748
80749
80750
80751
80753
80754
80785
80786
80787
80788
80789
80790
80791
80792
80793
80794
80795
80796
80797
80798
80799
80800
80801
80802
80803
80804
80805
80806
80807
80808
80809
80810
80811
80813
80814
80845
80846
80847
80848
80849
80850
80851
80852
80853
80854
80855
80856
80857
80858
80859
80860
80861
80862
80863
80864
80865
80866
80867
80868
80869
80870
80871
80873
80874
80905
80906
80907
80908
80909
80910
80911
80912
80913
80914
80915
80916
80917
80918
80919
80920
80921
80922
80923
80924
80925
80926
80927
80928
80929
80930
80931
80933
80934
80965
80966
80967
80968
80969
80970
80971
80972
80973
80974
80975
80976
80977
80978
80979
80980
80981
80982
80983
80984
80985
80986
80987
80988
80989
80990
80991
80993
80994
81025
81026
81027
81028
81029
81030
81031
81032
81033
81034
81035
81036
81037
81038
81039
81040
81041
81042
81043
81044
81045
81046
81047
81048
81049
81050
81051
81053
81054
81085
81086
81087
81088
81089
81090
81091
81092
81093
81094
81095
81096
81097
81098
81099
81100
81101
81102
81104
81725
81726
81727
81728
81729
81730
81731
81732
81733
81734
81735
81736
81737
81738
81739
81740
81741
81742
81743
81744
81745
81746
81747
81748
81749
81750
81751
81753
81754
81785
81786
81787
81788
81789
81790
81791
81792
81793
81794
81795
81796
81797
81798
81799
81800
81801
81802
81803
81804
81805
81806
81807
81808
81809
81810
81811
81813
81814
81845
81846
81847
81848
81849
81850
81851
81852
81853
81854
81855
81856
81857
81858
81859
81860
81861
81862
81863
81864
81865
81866
81867
81868
81869
81870
81871
81873
81874
81905
81906
81907
81908
81909
81910
81911
81912
81913
81914
81915
81916
81917
81918
81919
81920
81921
81922
81923
81924
81925
81926
81927
81928
81929
81930
81931
81933
81934
81965
81966
81967
81968
81969
81970
81971
81972
81973
81974
81975
81976
81977
81978
81979
81980
81981
81982
81983
81984
81985
81986
81987
81988
81989
81990
81991
81993
81994
82025
82026
82027
82028
82029
82030
82031
82032
82033
82034
82035
82036
82037
82038
82039
82040
82041
82042
82043
82044
82045
82046
82047
82048
82049
82050
82051
82053
82054
82085
82086
82087
82088
82089
82090
82091
82092
82093
82094
82095
82096
82097
82098
82099
82100
82101
82102
82103
82104
82105
82106
82107
82108
82109
82110
82111
82113
82114
82145
82146
82147
82148
82149
82150
82151
82152
82153
82154
82155
82156
82157
82158
82159
82160
82161
82162
82163
82164
82165
82166
82167
82168
82169
82170
82171
82173
82174
82205
82206
82207
82208
82209
82210
82211
82212
82213
82214
82215
82216
82217
82218
82219
82220
82221
82222
82223
82224
82225
82226
82227
82228
82229
82230
82231
82233
82234
82265
82266
82267
82268
82269
82270
82271
82272
82273
82274
82275
82276
82277
82278
82279
82280
82281
82282
82284
82905
82906
82907
82908
82909
82910
82911
82912
82913
82914
82915
82916
82917
82918
82919
82920
82921
82922
82923
82924
82925
82926
82927
82928
82929
82930
82931
82933
82934
82965
82966
82967
82968
82969
82970
82971
82972
82973
82974
82975
82976
82977
82978
82979
82980
82981
82982
82983
82984
82985
82986
82987
82988
82989
82990
82991
82993
82994
83025
83026
83027
83028
83029
83030
83031
83032
83033
83034
83035
83036
83037
83038
83039
83040
83041
83042
83043
83044
83045
83046
83047
83048
83049
83050
83051
83053
83054
83085
83086
83087
83088
83089
83090
83091
83092
83093
83094
83095
83096
83097
83098
83099
83100
83101
83102
83103
83104
83105
83106
83107
83108
83109
83110
83111
83113
83114
83145
83146
83147
83148
83149
83150
83151
83152
83153
83154
83155
83156
83157
83158
83159
83160
83161
83162
83163
83164
83165
83166
83167
83168
83169
83170
83171
83173
83174
83205
83206
83207
83208
83209
83210
83211
83212
83213
83214
83215
83216
83217
83218
83219
83220
83221
83222
83223
83224
83225
83226
83227
83228
83229
83230
83231
83233
83234
83265
83266
83267
83268
83269
83270
83271
83272
83273
83274
83275
83276
83277
83278
83279
83280
83281
83282
83283
83284
83285
83286
83287
83288
83289
83290
83291
83293
83294
83325
83326
83327
83328
83329
83330
83331
83332
83333
83334
83335
83336
83337
83338
83339
83340
83341
83342
83343
83344
83345
83346
83347
83348
83349
83350
83351
83353
83354
83385
83386
83387
83388
83389
83390
83391
83392
83393
83394
83395
83396
83397
83398
83399
83400
83401
83402
83403
83404
83405
83406
83407
83408
83409
83410
83411
83413
83414
83445
83446
83447
83448
83449
83450
83451
83452
83453
83454
83455
83456
83457
83458
83459
83460
83461
83462
83464
84085
84086
84087
84088
84089
84090
84091
84092
84093
84094
84095
84096
84097
84098
84099
84100
84101
84102
84103
84104
84105
84106
84107
84108
84109
84110
84111
84113
84114
84145
84146
84147
84148
84149
84150
84151
84152
84153
84154
84155
84156
84157
84158
84159
84160
84161
84162
84163
84164
84165
84166
84167
84168
84169
84170
84171
84173
84174
84205
84206
84207
84208
84209
84210
84211
84212
84213
84214
84215
84216
84217
84218
84219
84220
84221
84222
84223
84224
84225
84226
84227
84228
84229
84230
84231
84233
84234
84265
84266
84267
84268
84269
84270
84271
84272
84273
84274
84275
84276
84277
84278
84279
84280
84281
84282
84283
84284
84285
84286
84287
84288
84289
84290
84291
84293
84294
84325
84326
84327
84328
84329
84330
84331
84332
84333
84334
84335
84336
84337
84338
84339
84340
84341
84342
84343
84344
84345
84346
84347
84348
84349
84350
84351
84353
84354
84385
84386
84387
84388
84389
84390
84391
84392
84393
84394
84395
84396
84397
84398
84399
84400
84401
84402
84403
84404
84405
84406
84407
84408
84409
84410
84411
84413
84414
84445
84446
84447
84448
84449
84450
84451
84452
84453
84454
84455
84456
84457
84458
84459
84460
84461
84462
84463
84464
84465
84466
84467
84468
84469
84470
84471
84473
84474
84505
84506
84507
84508
84509
84510
84511
84512
84513
84514
84515
84516
84517
84518
84519
84520
84521
84522
84523
84524
84525
84526
84527
84528
84529
84530
84531
84533
84534
84565
84566
84567
84568
84569
84570
84571
84572
84573
84574
84575
84576
84577
84578
84579
84580
84581
84582
84583
84584
84585
84586
84587
84588
84589
84590
84591
84593
84594
84625
84626
84627
84628
84629
84630
84631
84632
84633
84634
84635
84636
84637
84638
84639
84640
84641
84642
84644
85265
85266
85267
85268
85269
85270
85271
85272
85273
85274
85275
85276
85277
85278
85279
85280
85281
85282
85283
85284
85285
85286
85287
85288
85289
85290
85291
85293
85294
85325
85326
85327
85328
85329
85330
85331
85332
85333
85334
85335
85336
85337
85338
85339
85340
85341
85342
85343
85344
85345
85346
85347
85348
85349
85350
85351
85353
85354
85385
85386
85387
85388
85389
85390
85391
85392
85393
85394
85395
85396
85397
85398
85399
85400
85401
85402
85403
85404
85405
85406
85407
85408
85409
85410
85411
85413
85414
85445
85446
85447
85448
85449
85450
85451
85452
85453
85454
85455
85456
85457
85458
85459
85460
85461
85462
85463
85464
85465
85466
85467
85468
85469
85470
85471
85473
85474
85505
85506
85507
85508
85509
85510
85511
85512
85513
85514
85515
85516
85517
85518
85519
85520
85521
85522
85523
85524
85525
85526
85527
85528
85529
85530
85531
85533
85534
85565
85566
85567
85568
85569
85570
85571
85572
85573
85574
85575
85576
85577
85578
85579
85580
85581
85582
85583
85584
85585
85586
85587
85588
85589
85590
85591
85593
85594
85625
85626
85627
85628
85629
85630
85631
85632
85633
85634
85635
85636
85637
85638
85639
85640
85641
85642
85643
85644
85645
85646
85647
85648
85649
85650
85651
85653
85654
85685
85686
85687
85688
85689
85690
85691
85692
85693
85694
85695
85696
85697
85698
85699
85700
85701
85702
85703
85704
85705
85706
85707
85708
85709
85710
85711
85713
85714
85745
85746
85747
85748
85749
85750
85751
85752
85753
85754
85755
85756
85757
85758
85759
85760
85761
85762
85763
85764
85765
85766
85767
85768
85769
85770
85771
85773
85774
85805
85806
85807
85808
85809
85810
85811
85812
85813
85814
85815
85816
85817
85818
85819
85820
85821
85822
85824
86245
86246
86247
86248
86249
86250
86251
86252
86253
86254
86255
86256
86257
86258
86259
86260
86261
86262
86264
86285
86286
86287
86288
86289
86290
86291
86292
86293
86294
86295
86296
86297
86298
86299
86300
86301
86302
86304
86325
86326
86327
86328
86329
86330
86331
86332
86333
86334
86335
86336
86337
86338
86339
86340
86341
86342
86344
86365
86366
86367
86368
86369
86370
86371
86372
86373
86374
86375
86376
86377
86378
86379
86380
86381
86382
86384
86405
86406
86407
86408
86409
86410
86411
86412
86413
86414
86415
86416
86417
86418
86419
86420
86421
86422
86424
86445
86446
86447
86448
86449
86450
86451
86452
86453
86454
86455
86456
86457
86458
86459
86460
86461
86462
86464
86485
86486
86487
86488
86489
86490
86491
86492
86493
86494
86495
86496
86497
86498
86499
86500
86501
86502
86504
86525
86526
86527
86528
86529
86530
86531
86532
86533
86534
86535
86536
86537
86538
86539
86540
86541
86542
86544
86565
86566
86567
86568
86569
86570
86571
86572
86573
86574
86575
86576
86577
86578
86579
86580
86581
86582
86584
86605
86606
86607
86608
86609
86610
86611
86612
86613
124575
124576
124577
124578
124579
124580
124581
124582
124583
124584
124595
124596
124597
124598
124599
124600
124601
124602
124603
124604
124615
124616
124617
124618
124619
124620
124621
124622
124623
124624
124635
124636
124637
124638
124639
124640
124641
124642
124643
124644
124655
124656
124657
124658
124659
124660
124661
124662
124663
124664
124675
124676
124677
124678
124679
124680
124681
124682
124683
124684
124695
124696
124697
124698
124699
124700
124701
124702
124703
124704
124715
124716
124717
124718
124719
124720
124721
124722
124723
124724
124735
124736
124737
124738
124739
124740
124741
124742
124743
124744
124755
124756
124757
124758
124759
124760
124761
124762
124763
124764
124775
124776
124777
124778
124779
124780
124781
124782
124783
124784
125357
125369
125381
125393
125405
125417
125429
125441
125453
125465
125477
-4366
-4368
-16535
-16571
-16607
-16643
-16679
-16715
-16751
-16787
-16823
-16847
-38967
-38971
-38975
-38979
-38983
-38987
-38991
-38995
-38999
-39003
39688
-73494
-73551
-73554
-73608
-73611
-73614
-73665
-73668
-73671
-73674
-73722
-73725
-73728
-73731
-73734
-73779
-73782
-73785
-73788
-73791
-73794
-73839
-73842
-73845
-73848
-73851
-73854
-73896
-73899
-73902
-73905
-73908
-73911
-73914
-73953
-73956
-73959
-73962
-73965
-73968
-73971
-73974
-74008
-74010
-74012
-74014
-74016
-74018
-74020
-74022
-74024
-74647
-74650
-74653
-74656
-74659
-74662
-74665
-74668
-74669
-74670
-74671
-74707
-74710
-74713
-74716
-74719
-74722
-74725
-74726
-74727
-74728
-74767
-74770
-74773
-74776
-74779
-74782
-74783
-74784
-74785
-74827
-74830
-74833
-74836
-74839
-74840
-74841
-74842
-74887
-74890
-74893
-74896
-74897
-74898
-74899
-74947
-74950
-74953
-74954
-74956
-75007
-75010
-75013
-75014
-75015
-75016
-75067
-75070
-75071
-75072
-75073
-75127
-75128
-75129
-75130
-75185
-75186
74672
74732
74792
74852
74912
74972
75032
75092
75152
75203
39686
39690
39694
39698
39702
39706
39710
39714
39718
39722
-17218
-17938
-18658
-19378
-20098
-20818
-21538
-22258
-22978
-23579
-74613
-75766
-75769
-75772
-75775
-75778
-75781
-75784
-75787
-75790
-75793
-76946
-76949
-76952
-76955
-76958
-76961
-76964
-76967
-76970
-76973
-78126
-78129
-78132
-78135
-78138
-78141
-78144
-78147
-78150
-78153
-79306
-79309
-79312
-79315
-79318
-79321
-79324
-79327
-79330
-79333
-80486
-80489
-80492
-80495
-80498
-80501
-80504
-80507
-80510
-80513
-81666
-81669
-81672
-81675
-81678
-81681
-81684
-81687
-81690
-81693
-82846
-82849
-82852
-82855
-82858
-82861
-82864
-82867
-82870
-82873
-84026
-84029
-84032
-84035
-84038
-84041
-84044
-84047
-84050
-84053
-85206
-85209
-85212
-85215
-85218
-85221
-85224
-85227
-85230
-85233
-86206
-86208
-86210
-86212
-86214
-86216
-86218
-86220
-86222
-86224
-4793
-5225
-5657
-6089
-6521
-6953
-7385
-7817
-8249
-8671
-17251
-17287
-17323
-17359
-17395
-17431
-17467
-17503
-17539
-17565
-17971
-18007
-18043
-18079
-18115
-18151
-18187
-18223
-18259
-18285
-18691
-18727
-18763
-18799
-18835
-18871
-18907
-18943
-18979
-19005
-19411
-19447
-19483
-19519
-19555
-19591
-19627
-19663
-19699
-19725
-20131
-20167
-20203
-20239
-20275
-20311
-20347
-20383
-20419
-20445
-20851
-20887
-20923
-20959
-20995
-21031
-21067
-21103
-21139
-21165
-21571
-21607
-21643
-21679
-21715
-21751
-21787
-21823
-21859
-21885
-22291
-22327
-22363
-22399
-22435
-22471
-22507
-22543
-22579
-22605
-23011
-23047
-23083
-23119
-23155
-23191
-23227
-23263
-23299
-23325
-23601
-23625
-23649
-23673
-23697
-23721
-23745
-23769
-23793
-23807
39721
40441
41161
41881
42601
43321
44041
44761
45481
46201
46912
75852
75912
75972
76032
76092
76152
76212
76272
76332
76383
77032
77092
77152
77212
77272
77332
77392
77452
77512
77563
78212
78272
78332
78392
78452
78512
78572
78632
78692
78743
79392
79452
79512
79572
79632
79692
79752
79812
79872
79923
80572
80632
80692
80752
80812
80872
80932
80992
81052
81103
81752
81812
81872
81932
81992
82052
82112
82172
82232
82283
82932
82992
83052
83112
83172
83232
83292
83352
83412
83463
84112
84172
84232
84292
84352
84412
84472
84532
84592
84643
85292
85352
85412
85472
85532
85592
85652
85712
85772
85823
86263
86303
86343
86383
86423
86463
86503
86543
86583
86614
4797
5229
5661
6093
6525
6957
7389
7821
8253
8674
40406
40410
40414
40418
40422
40426
40430
40434
40438
40442
41126
41130
41134
41138
41142
41146
41150
41154
41158
41162
41846
41850
41854
41858
41862
41866
41870
41874
41878
41882
42566
42570
42574
42578
42582
42586
42590
42594
42598
42602
43286
43290
43294
43298
43302
43306
43310
43314
43318
43322
44006
44010
44014
44018
44022
44026
44030
44034
44038
44042
44726
44730
44734
44738
44742
44746
44750
44754
44758
44762
45446
45450
45454
45458
45462
45466
45470
45474
45478
45482
46166
46170
46174
46178
46182
46186
46190
46194
46198
46202
46886
46889
46892
46895
46898
46901
46904
46907
46910
46913
)


// ************************************************************************* //
