/*--------------------------------*- C++ -*----------------------------------*\
  =========                 |
  \\      /  F ield         | OpenFOAM: The Open Source CFD Toolbox
   \\    /   O peration     | Website:  https://openfoam.org
    \\  /    A nd           | Version:  7
     \\/     M anipulation  |
\*---------------------------------------------------------------------------*/
FoamFile
{
    version     2.0;
    format      ascii;
    class       labelList;
    location    "constant/polyMesh";
    object      pointProcAddressing;
}
// * * * * * * * * * * * * * * * * * * * * * * * * * * * * * * * * * * * * * //


1667
(
1702
1715
1870
1871
1883
1884
2039
2040
2052
2053
2208
2209
2221
2222
2377
2378
2390
2391
2546
2547
2559
2560
2715
2716
2728
2729
2884
2885
2897
2898
3053
3054
3066
3067
3222
3223
3235
3236
3391
3392
3404
3405
3560
3561
3573
3574
6719
6720
6732
6733
6745
6746
6758
6759
6771
6772
6784
6785
6797
6798
6810
6811
6823
6824
6836
6837
6979
6980
6992
6993
7005
7006
7018
7019
7031
7032
7044
7045
7057
7058
7070
7071
7083
7084
7096
7097
7239
7240
7252
7253
7265
7266
7278
7279
7291
7292
7304
7305
7317
7318
7330
7331
7343
7344
7356
7357
7499
7500
7512
7513
7525
7526
7538
7539
7551
7552
7564
7565
7577
7578
7590
7591
7603
7604
7616
7617
7759
7760
7772
7773
7785
7786
7798
7799
7811
7812
7824
7825
7837
7838
7850
7851
7863
7864
7876
7877
8019
8020
8032
8033
8045
8046
8058
8059
8071
8072
8084
8085
8097
8098
8110
8111
8123
8124
8136
8137
8279
8280
8292
8293
8305
8306
8318
8319
8331
8332
8344
8345
8357
8358
8370
8371
8383
8384
8396
8397
8539
8540
8552
8553
8565
8566
8578
8579
8591
8592
8604
8605
8617
8618
8630
8631
8643
8644
8656
8657
8799
8800
8812
8813
8825
8826
8838
8839
8851
8852
8864
8865
8877
8878
8890
8891
8903
8904
8916
8917
9059
9060
9072
9073
9085
9086
9098
9099
9111
9112
9124
9125
9137
9138
9150
9151
9163
9164
9176
9177
9319
9320
9332
9333
9345
9346
9358
9359
9371
9372
9384
9385
9397
9398
9410
9411
9423
9424
9436
9437
15470
15471
15472
15473
15474
15475
15476
15477
15478
15479
15490
15491
15492
15493
15494
15495
15496
15497
15498
15499
15730
15731
15732
15733
15734
15735
15736
15737
15738
15739
15750
15751
15752
15753
15754
15755
15756
15757
15758
15759
15990
15991
15992
15993
15994
15995
15996
15997
15998
15999
16010
16011
16012
16013
16014
16015
16016
16017
16018
16019
16250
16251
16252
16253
16254
16255
16256
16257
16258
16259
16270
16271
16272
16273
16274
16275
16276
16277
16278
16279
16510
16511
16512
16513
16514
16515
16516
16517
16518
16519
16530
16531
16532
16533
16534
16535
16536
16537
16538
16539
16770
16771
16772
16773
16774
16775
16776
16777
16778
16779
16790
16791
16792
16793
16794
16795
16796
16797
16798
16799
17030
17031
17032
17033
17034
17035
17036
17037
17038
17039
17050
17051
17052
17053
17054
17055
17056
17057
17058
17059
17290
17291
17292
17293
17294
17295
17296
17297
17298
17299
17310
17311
17312
17313
17314
17315
17316
17317
17318
17319
17550
17551
17552
17553
17554
17555
17556
17557
17558
17559
17570
17571
17572
17573
17574
17575
17576
17577
17578
17579
17810
17811
17812
17813
17814
17815
17816
17817
17818
17819
17830
17831
17832
17833
17834
17835
17836
17837
17838
17839
18070
18071
18072
18073
18074
18075
18076
18077
18078
18079
18090
18091
18092
18093
18094
18095
18096
18097
18098
18099
18330
18331
18332
18333
18334
18335
18336
18337
18338
18339
18350
18351
18352
18353
18354
18355
18356
18357
18358
18359
28298
28299
28317
28318
28319
28336
28337
28338
28339
28355
28356
28357
28358
28359
28374
28375
28376
28377
28378
28379
28393
28394
28395
28396
28397
28398
28399
28413
28414
28415
28416
28417
28418
28419
28432
28433
28434
28435
28436
28437
28438
28439
28451
28452
28453
28454
28455
28456
28457
28458
28459
28470
28471
28472
28473
28474
28475
28476
28477
28478
28479
28670
28671
28672
28673
28674
28675
28676
28677
28678
28679
28690
28691
28692
28693
28694
28695
28696
28697
28698
28699
28710
28711
28712
28713
28714
28715
28716
28717
28718
28719
28730
28731
28732
28733
28734
28735
28736
28737
28738
28739
28750
28751
28752
28753
28754
28755
28756
28757
28758
28759
28770
28771
28772
28773
28774
28775
28776
28777
28778
28779
28790
28791
28792
28793
28794
28795
28796
28797
28798
28799
28810
28811
28812
28813
28814
28815
28816
28817
28818
28819
28830
28831
28832
28833
28834
28835
28836
28837
28838
28839
28850
28851
28852
28853
28854
28855
28856
28857
28858
28859
29050
29051
29052
29053
29054
29055
29056
29057
29058
29059
29070
29071
29072
29073
29074
29075
29076
29077
29078
29079
29090
29091
29092
29093
29094
29095
29096
29097
29098
29099
29110
29111
29112
29113
29114
29115
29116
29117
29118
29119
29130
29131
29132
29133
29134
29135
29136
29137
29138
29139
29150
29151
29152
29153
29154
29155
29156
29157
29158
29159
29170
29171
29172
29173
29174
29175
29176
29177
29178
29179
29190
29191
29192
29193
29194
29195
29196
29197
29198
29199
29210
29211
29212
29213
29214
29215
29216
29217
29218
29219
29230
29231
29232
29233
29234
29235
29236
29237
29238
29239
29430
29431
29432
29433
29434
29435
29436
29437
29438
29439
29450
29451
29452
29453
29454
29455
29456
29457
29458
29459
29470
29471
29472
29473
29474
29475
29476
29477
29478
29479
29490
29491
29492
29493
29494
29495
29496
29497
29498
29499
29510
29511
29512
29513
29514
29515
29516
29517
29518
29519
29530
29531
29532
29533
29534
29535
29536
29537
29538
29539
29550
29551
29552
29553
29554
29555
29556
29557
29558
29559
29570
29571
29572
29573
29574
29575
29576
29577
29578
29579
29590
29591
29592
29593
29594
29595
29596
29597
29598
29599
29610
29611
29612
29613
29614
29615
29616
29617
29618
29619
29810
29811
29812
29813
29814
29815
29816
29817
29818
29819
29830
29831
29832
29833
29834
29835
29836
29837
29838
29839
29850
29851
29852
29853
29854
29855
29856
29857
29858
29859
29870
29871
29872
29873
29874
29875
29876
29877
29878
29879
29890
29891
29892
29893
29894
29895
29896
29897
29898
29899
29910
29911
29912
29913
29914
29915
29916
29917
29918
29919
29930
29931
29932
29933
29934
29935
29936
29937
29938
29939
29950
29951
29952
29953
29954
29955
29956
29957
29958
29959
29970
29971
29972
29973
29974
29975
29976
29977
29978
29979
29990
29991
29992
29993
29994
29995
29996
29997
29998
29999
30190
30191
30192
30193
30194
30195
30196
30197
30198
30199
30210
30211
30212
30213
30214
30215
30216
30217
30218
30219
30230
30231
30232
30233
30234
30235
30236
30237
30238
30239
30250
30251
30252
30253
30254
30255
30256
30257
30258
30259
30270
30271
30272
30273
30274
30275
30276
30277
30278
30279
30290
30291
30292
30293
30294
30295
30296
30297
30298
30299
30310
30311
30312
30313
30314
30315
30316
30317
30318
30319
30330
30331
30332
30333
30334
30335
30336
30337
30338
30339
30350
30351
30352
30353
30354
30355
30356
30357
30358
30359
30370
30371
30372
30373
30374
30375
30376
30377
30378
30379
30570
30571
30572
30573
30574
30575
30576
30577
30578
30579
30590
30591
30592
30593
30594
30595
30596
30597
30598
30599
30610
30611
30612
30613
30614
30615
30616
30617
30618
30619
30630
30631
30632
30633
30634
30635
30636
30637
30638
30639
30650
30651
30652
30653
30654
30655
30656
30657
30658
30659
30670
30671
30672
30673
30674
30675
30676
30677
30678
30679
30690
30691
30692
30693
30694
30695
30696
30697
30698
30699
30710
30711
30712
30713
30714
30715
30716
30717
30718
30719
30730
30731
30732
30733
30734
30735
30736
30737
30738
30739
30750
30751
30752
30753
30754
30755
30756
30757
30758
30759
30950
30951
30952
30953
30954
30955
30956
30957
30958
30959
30970
30971
30972
30973
30974
30975
30976
30977
30978
30979
30990
30991
30992
30993
30994
30995
30996
30997
30998
30999
31010
31011
31012
31013
31014
31015
31016
31017
31018
31019
31030
31031
31032
31033
31034
31035
31036
31037
31038
31039
31050
31051
31052
31053
31054
31055
31056
31057
31058
31059
31070
31071
31072
31073
31074
31075
31076
31077
31078
31079
31090
31091
31092
31093
31094
31095
31096
31097
31098
31099
31110
31111
31112
31113
31114
31115
31116
31117
31118
31119
31130
31131
31132
31133
31134
31135
31136
31137
31138
31139
31330
31331
31332
31333
31334
31335
31336
31337
31338
31339
31350
31351
31352
31353
31354
31355
31356
31357
31358
31359
31370
31371
31372
31373
31374
31375
31376
31377
31378
31379
31390
31391
31392
31393
31394
31395
31396
31397
31398
31399
31410
31411
31412
31413
31414
31415
31416
31417
31418
31419
31430
31431
31432
31433
31434
31435
31436
31437
31438
31439
31450
31451
31452
31453
31454
31455
31456
31457
31458
31459
31470
31471
31472
31473
31474
31475
31476
31477
31478
31479
31490
31491
31492
31493
31494
31495
31496
31497
31498
31499
31510
31511
31512
31513
31514
31515
31516
31517
31518
31519
31710
31711
31712
31713
31714
31715
31716
31717
31718
31719
31730
31731
31732
31733
31734
31735
31736
31737
31738
31739
31750
31751
31752
31753
31754
31755
31756
31757
31758
31759
31770
31771
31772
31773
31774
31775
31776
31777
31778
31779
31790
31791
31792
31793
31794
31795
31796
31797
31798
31799
31810
31811
31812
31813
31814
31815
31816
31817
31818
31819
31830
31831
31832
31833
31834
31835
31836
31837
31838
31839
31850
31851
31852
31853
31854
31855
31856
31857
31858
31859
31870
31871
31872
31873
31874
31875
31876
31877
31878
31879
31890
31891
31892
31893
31894
31895
31896
31897
31898
31899
32090
32091
32092
32093
32094
32095
32096
32097
32098
32099
32110
32111
32112
32113
32114
32115
32116
32117
32118
32119
32130
32131
32132
32133
32134
32135
32136
32137
32138
32139
32150
32151
32152
32153
32154
32155
32156
32157
32158
32159
32170
32171
32172
32173
32174
32175
32176
32177
32178
32179
32190
32191
32192
32193
32194
32195
32196
32197
32198
32199
32210
32211
32212
32213
32214
32215
32216
32217
32218
32219
32230
32231
32232
32233
32234
32235
32236
32237
32238
32239
32250
32251
32252
32253
32254
32255
32256
32257
32258
32259
32270
32271
32272
32273
32274
32275
32276
32277
32278
32279
32470
32471
32472
32473
32474
32475
32476
32477
32478
32479
32490
32491
32492
32493
32494
32495
32496
32497
32498
32499
32510
32511
32512
32513
32514
32515
32516
32517
32518
32519
32530
32531
32532
32533
32534
32535
32536
32537
32538
32539
32550
32551
32552
32553
32554
32555
32556
32557
32558
32559
32570
32571
32572
32573
32574
32575
32576
32577
32578
32579
32590
32591
32592
32593
32594
32595
32596
32597
32598
32599
32610
32611
32612
32613
32614
32615
32616
32617
32618
32619
32630
32631
32632
32633
32634
32635
32636
32637
32638
32639
32650
32651
32652
32653
32654
32655
32656
32657
32658
32659
)


// ************************************************************************* //
